fitness,origem,tempo_criacao,geracao,individuo,diversidade,obs
633013.7348053332,Geração Inicial,1733628153.768662,0,"{20331: 1489, 20332: 70342, 20333: 1412, 20334: 1084, 20335: 49332, 20336: 57070, 20337: 184, 20338: 1489, 20339: 46793, 20340: 1482, 20341: 65341, 20342: 69242, 20343: 1489, 20344: 1182, 20345: 1391, 20346: 57257, 20347: 69242, 20348: 1291, 20349: 184, 20350: 58096, 20351: 70342, 20352: 70342, 20353: 1182, 20354: 57257, 20355: 63099, 20356: 69990, 20357: 1583, 20358: 75421, 20359: 1182, 20360: 849, 20361: 1084, 20362: 65341, 20363: 48266, 20364: 2048, 20365: 65341, 20366: 77145, 20367: 70171, 20368: 65341, 20369: 82085, 20370: 70373, 20371: 1347, 20372: 57070, 20373: 849, 20378: 70342, 20379: 75421, 20380: 58096, 20381: 69990, 20383: 1412, 20384: 1391, 20385: 68182, 20386: 75421, 20387: 1583, 20388: 13699, 20389: 68182, 20392: 69242, 20393: 1084, 20394: 75453, 20395: 57455, 20396: 519, 20397: 57455, 20398: 1617, 20399: 71117, 20400: 75421, 20401: 1182, 20402: 1182, 20403: 1347, 20404: 1288, 20405: 44206, 20406: 805, 20407: 1188, 20408: 728, 20409: 1543, 20410: 44206, 20411: 44206, 20412: 50588, 20413: 69990, 20414: 1502, 20415: 69990, 20416: 1347, 20417: 395, 20418: 46494, 20419: 70342, 20421: 48266, 20422: 1482, 20423: 82080, 20427: 78645, 20428: 449, 20429: 78645, 20432: 449, 20433: 48922, 20434: 48922, 20436: 743, 20437: 1347, 20438: 70342, 20439: 1543, 20440: 70342, 20441: 73383, 20442: 71117, 20443: 69985, 20444: 59008, 20445: 1107, 20446: 1014, 20447: 683, 20449: 57455, 20450: 35245, 20451: 50588, 20452: 35245, 20453: 52945, 20454: 1585, 20455: 52945, 20456: 35245, 20457: 63270, 20458: 913, 20459: 63756, 20460: 46793, 20461: 80479, 20462: 57417, 20463: 49332, 20465: 1617, 20466: 1012, 20467: 184, 20468: 72051, 20469: 1585, 20471: 67720, 20472: 182, 20473: 82080, 20475: 1259, 20476: 1347, 20481: 57381, 20482: 57455, 20484: 63756, 20485: 50588, 20486: 913, 20487: 449, 20488: 69990, 20489: 71117, 20490: 395, 20491: 1188, 20492: 1259, 20493: 44206, 20494: 59008, 20495: 13828, 20496: 1391, 20497: 52945, 20499: 85710, 20501: 849, 20503: 85710, 20504: 78631, 20505: 46494, 20506: 765, 20507: 1399, 20508: 913, 20509: 913, 20510: 54448, 20511: 85646, 20512: 913, 20513: 1412, 20514: 1188, 20515: 54448, 20517: 63270, 20518: 226, 20519: 1161, 20520: 1585, 20521: 46793, 20522: 913, 20523: 690, 20524: 68173, 20525: 1617, 20527: 71117, 20528: 46494, 20530: 522, 20531: 59008, 20532: 1288, 20533: 1412, 20534: 65161, 20535: 48922, 20536: 69985, 20537: 35259, 20538: 75958, 20539: 1585, 20540: 68173, 20541: 67720, 20542: 91896, 20543: 1014, 20544: 1347, 20545: 70342, 20546: 1617, 20547: 1543, 20549: 80479, 20550: 46793, 20552: 57381, 20553: 69990, 20554: 449, 20555: 58096, 20556: 58096, 20557: 686, 20558: 75379, 20559: 44206, 20560: 1116, 20561: 1167, 20563: 78631, 20564: 69990, 20565: 83288, 20567: 83288, 20569: 1585, 20570: 1288, 20571: 1014, 20572: 68173, 20573: 44206, 20574: 1585, 20575: 59008, 20576: 69990, 20577: 71117, 20578: 690, 20579: 59008, 20580: 690, 20581: 71117, 20582: 48922, 20583: 75958, 20584: 1288, 20585: 1399, 20587: 63756, 20588: 80479, 20589: 51797, 20590: 1188, 20591: 35259, 20592: 57381, 20593: 57290, 20594: 48922, 20595: 67720, 20596: 67720, 20597: 805, 20599: 51797, 20600: 63270, 20601: 63270, 20602: 226, 20605: 226, 20606: 64727, 20607: 913, 20608: 1223, 20609: 52945, 20610: 57257, 20611: 1116, 20612: 1540, 20613: 69995, 20614: 75453, 20615: 71117, 20616: 61726, 20617: 65877, 20618: 953, 20619: 1182, 20620: 226, 20621: 1116, 20622: 69995, 20624: 85710, 20625: 85710, 20626: 57309, 20628: 1167, 20630: 1173, 20631: 1259, 20633: 91896, 20634: 69985, 20635: 70373, 20636: 69995, 20637: 1583, 20638: 35245, 20639: 85669, 20640: 62344, 20641: 52945, 20642: 58096, 20643: 57639, 20645: 1391, 20646: 85669, 20647: 57639, 20648: 62344, 20650: 686, 20651: 953, 20652: 953, 20653: 686, 20654: 1391, 20655: 70373, 20656: 46793, 20659: 69995, 20661: 1173, 20662: 51797, 20663: 66626, 20669: 73383, 20670: 57309, 20671: 73235, 20672: 65877, 20673: 1391, 20675: 35259, 20676: 73235, 20677: 1540, 20678: 1391, 20680: 805, 20681: 395, 20684: 67720, 20688: 743, 20689: 50588, 20690: 52945, 20692: 51797, 20693: 85669, 20694: 63756, 20695: 57309, 20696: 54448, 20697: 184, 20698: 62344, 20699: 64727, 20700: 1161, 20701: 52945, 20702: 849, 20703: 54448, 20704: 913, 20705: 66626, 20706: 48266, 20707: 1161, 20708: 849, 20709: 1161, 20710: 1161, 20711: 68173, 20712: 0, 20713: 75453, 20714: 52945, 20715: 69985, 20716: 913, 20717: 85669, 20719: 54448, 20720: 57257, 20721: 1012, 20722: 728, 20723: 1182, 20724: 46793, 20725: 1167, 20726: 80479, 20727: 1054, 20729: 57309, 20730: 78631, 20731: 46494, 20732: 1357, 20734: 805, 20735: 75453, 20736: 182, 20737: 522, 20739: 75453, 20740: 68173, 20741: 1457, 20742: 57639, 20743: 85710, 20744: 728, 20746: 1357, 20747: 70500, 20748: 1107, 20749: 190, 20750: 58096, 20751: 1502, 20752: 686, 20754: 1014, 20757: 50588, 20758: 70342, 20759: 1193, 20761: 1084, 20762: 70373, 20763: 1482, 20764: 1617, 20765: 75453, 20766: 58096, 20768: 184, 20769: 395, 20770: 77145, 20773: 54448, 20774: 57639, 20775: 58096, 20777: 57070, 20778: 395, 20779: 91053, 20781: 54448, 20782: 57309, 20784: 1399, 20785: 1154, 20786: 57070, 20789: 35259, 20790: 58543, 20791: 765, 20792: 1294, 20793: 75379, 20794: 1347, 20795: 1502, 20796: 49332, 20797: 1482, 20798: 75421, 20799: 13699, 20800: 2048, 20802: 182, 20803: 57290, 20804: 63270, 20805: 69242, 20806: 1391, 20807: 1502, 20808: 85687, 20809: 1583, 20810: 63099, 20811: 70342, 20813: 46793, 20814: 82085, 20815: 85687, 20816: 58096, 20817: 82067, 20818: 61726, 20819: 46494, 20820: 57639, 20821: 1107, 20822: 1399, 20823: 67720, 20824: 1223, 20825: 1457, 20826: 68650, 20827: 686, 20828: 146, 20829: 182, 20831: 72051, 20832: 85669, 20833: 1412, 20834: 63099, 20835: 75379, 20836: 1489, 20837: 70342, 20838: 85669, 20840: 765, 20841: 57455, 20842: 1161, 20843: 1300, 20844: 82085, 20845: 1012, 20846: 1457, 20850: 65877, 20852: 82085, 20853: 1543, 20854: 69990, 20856: 46793, 20858: 57070, 20859: 63882, 20860: 63882, 20861: 82070, 20862: 82070, 20863: 63882, 20864: 35245, 20872: 953, 20873: 395, 20874: 0, 20875: 59008, 20876: 91896, 20877: 65877, 20881: 64727, 20883: 70500, 20884: 57972, 20885: 75379, 20886: 59008, 20887: 1540, 20888: 83288, 20889: 805, 20890: 59008, 20891: 57639, 20892: 82070, 20894: 1116, 20895: 64790, 20897: 85669, 20900: 849, 20901: 1154, 20902: 82070, 20904: 67720, 20905: 522, 20906: 849, 20907: 70500, 20909: 0, 20910: 690, 20911: 71117, 20913: 69242, 20916: 61726, 20917: 63882, 20918: 72051, 20919: 63882, 20921: 72051, 20922: 87001, 20923: 743, 20925: 1294, 20926: 70500, 20928: 48266, 20929: 51797, 20930: 61726, 20931: 63270, 20932: 58096, 20933: 690, 20934: 63099, 20935: 84328, 20936: 59008, 20937: 64790, 20938: 1193, 20939: 68173, 20940: 65941, 20941: 84328, 20942: 64790, 20943: 46494, 20944: 1193, 20948: 83288, 20949: 146, 20950: 82070, 20951: 63270, 20953: 69995, 20954: 728, 20955: 1457, 20956: 728, 20958: 51797, 20959: 72039, 20960: 1399, 20961: 85710, 20962: 63099, 20963: 57639, 20964: 87001, 20965: 146, 20966: 63099, 20967: 1502, 20968: 67720, 20969: 58543, 20970: 72039, 20971: 1193, 20973: 1502, 20974: 0, 20975: 91053, 20977: 68650, 20978: 1054, 20979: 0, 20980: 64727, 20981: 1154, 20982: 72039, 20983: 63756, 20985: 72039, 20986: 44206, 20987: 0, 20988: 1502, 20990: 1116, 20992: 1347, 20993: 87001, 20995: 85710, 20997: 72039, 20998: 82070, 20999: 87001, 21000: 63882, 21001: 1300, 21002: 190, 21003: 87001, 21005: 72039, 21006: 72051, 21007: 1223, 21008: 1167, 21009: 65877, 21011: 87001, 21012: 82070, 21013: 70500, 21014: 65877, 21015: 63099, 21016: 65161, 21017: 1300, 21018: 91053, 21019: 85700, 21020: 35259, 21021: 1457, 21022: 63756, 21023: 1457, 21028: 85700, 21030: 86055, 21032: 58543, 21033: 57417, 21034: 57309, 21035: 68650, 21036: 743, 21037: 69995, 21038: 57290, 21039: 70500, 21041: 146, 21043: 85710, 21045: 65161, 21047: 72051, 21050: 1012, 21053: 1294, 21055: 1585, 21056: 82080, 21057: 519, 21058: 849, 21059: 1107, 21060: 519, 21061: 1014, 21062: 69990, 21063: 46494, 21064: 1259, 21065: 72051, 21066: 1188, 21067: 44206, 21068: 743, 21069: 743, 21070: 57290, 21072: 0, 21073: 1167, 21074: 67720, 21075: 78645, 21077: 1540, 21084: 1617, 21085: 88653, 21086: 90942, 21087: 87984, 21091: 65877, 21092: 83288, 21093: 57417, 21096: 57649, 21097: 74355, 21098: 85700, 21099: 87984, 21100: 2346, 21101: 89226, 21102: 2114, 21103: 1116, 21104: 64790, 21105: 80140, 21106: 80140, 21107: 61726, 21108: 89226, 21109: 80140, 21110: 90942, 21112: 78631, 21113: 80140, 21115: 2346, 21116: 2076, 21117: 2346, 21118: 1288, 21119: 56939, 21120: 90998, 21121: 53429, 21123: 88653, 21124: 2076, 21125: 2114, 21126: 53429, 21127: 2346, 21128: 74355, 21129: 57649, 21130: 2114, 21132: 57649, 21133: 87984, 21134: 57649, 21135: 80140, 21136: 2114, 21138: 53429, 21139: 2076, 21140: 74355, 21141: 2076, 21142: 2114, 21143: 53429, 21144: 2114, 21145: 56939, 21146: 89226, 21147: 89226, 21148: 2076, 21149: 2076, 21150: 80140, 21151: 86213, 21153: 56939, 21154: 1288, 21155: 86213, 21156: 86157, 21157: 146, 21159: 2346, 21163: 57417, 21164: 56939, 21165: 2346, 21166: 2114, 21167: 86157, 21168: 2346, 21170: 87984, 21171: 56939, 21172: 87984, 21173: 56939, 21174: 88653, 21175: 57417, 21176: 2076, 21177: 80140, 21178: 86213, 21179: 87984, 21180: 90998, 21181: 86213, 21182: 87984, 21184: 86157, 21185: 0, 21186: 86213, 21187: 0, 21188: 2048, 21189: 0, 21190: 1223, 21191: 184, 21192: 1193, 21193: 58543, 21194: 0, 21195: 728, 21196: 69242, 21197: 2114, 21198: 57649, 21199: 56939, 21203: 56939, 21205: 53429, 21206: 90998, 21208: 87984, 21209: 80140, 21223: 35259, 21226: 519, 21227: 75958, 21228: 57290, 21229: 0, 21230: 69990, 21231: 1107, 21232: 78645, 21233: 57381, 21234: 182, 21235: 1502, 21236: 82080, 21237: 57381, 21238: 71117, 21239: 57290, 21240: 1585, 21241: 449, 21244: 66626, 21249: 1012, 21262: 57070, 21265: 1482, 21271: 65941, 21279: 67720, 21280: 85646, 21288: 52945, 21290: 59008, 21298: 1188, 21303: 395, 21304: 1357, 21305: 1294, 21306: 1054, 21307: 1347, 21308: 85669, 21311: 85669, 21312: 226, 21313: 1054, 21314: 1294, 21315: 728, 21316: 1113, 21317: 765, 21318: 64790, 21319: 765, 21322: 683, 21324: 728, 21325: 550, 21326: 46494, 21327: 13828, 21328: 35259, 21329: 78626, 21331: 57972, 21333: 51797, 21334: 63756, 21335: 1457, 21336: 1113, 21338: 765, 21339: 1167, 21340: 71117, 21341: 1294, 21344: 75453, 21345: 82070, 21346: 59008, 21348: 1193, 21349: 0, 21351: 1259, 21354: 1502, 21356: 90927, 21357: 85646, 21358: 395, 21363: 58096, 21366: 1188, 21369: 1357, 21370: 1113, 21378: 48922, 21384: 46494, 21398: 805, 21445: 74355, 21446: 1391, 21447: 1357, 21448: 1347, 21450: 1188, 21454: 1543, 21455: 69242, 21460: 13699, 21462: 82080, 21463: 57639, 21465: 0, 21468: 1182, 21470: 1294, 21474: 1399, 21475: 57972, 21477: 75958, 21478: 62344, 21479: 1540, 21480: 13828, 21481: 83288, 21482: 46494, 21483: 0, 21484: 65877, 21487: 51797, 21488: 1161, 21489: 85700, 21490: 1259, 21491: 245, 21492: 85687, 21493: 342, 21494: 50453}",714.6712643678161,normal
638870.3623473345,Geração Inicial,1733628156.4602077,0,"{20331: 1347, 20332: 70342, 20333: 75421, 20334: 1182, 20335: 1291, 20336: 69990, 20337: 1347, 20338: 184, 20339: 69990, 20340: 75421, 20341: 48266, 20342: 58096, 20343: 2048, 20344: 69990, 20345: 63099, 20346: 1291, 20347: 75453, 20348: 46793, 20349: 1291, 20350: 849, 20351: 70342, 20352: 63099, 20353: 57257, 20354: 849, 20355: 57309, 20356: 75421, 20357: 58096, 20358: 1583, 20359: 1482, 20360: 1294, 20361: 1617, 20362: 2048, 20363: 765, 20364: 1182, 20365: 1617, 20366: 57309, 20367: 77145, 20368: 82085, 20369: 1617, 20370: 48266, 20371: 70342, 20372: 49332, 20373: 1294, 20378: 1347, 20379: 1617, 20380: 1391, 20381: 69242, 20383: 1084, 20384: 1583, 20385: 70373, 20386: 1291, 20387: 69990, 20388: 1412, 20389: 1412, 20392: 57309, 20393: 58096, 20394: 51797, 20395: 49332, 20396: 57290, 20397: 1084, 20398: 57070, 20399: 44206, 20400: 57070, 20401: 49332, 20402: 1347, 20403: 48266, 20404: 1543, 20405: 1617, 20406: 71117, 20407: 519, 20408: 1585, 20409: 395, 20410: 690, 20411: 71117, 20412: 1161, 20413: 1583, 20414: 805, 20415: 1543, 20416: 35259, 20417: 67720, 20418: 1543, 20419: 69990, 20421: 184, 20422: 1294, 20423: 1502, 20427: 57290, 20428: 57381, 20429: 70342, 20432: 46494, 20433: 1188, 20434: 805, 20436: 71117, 20437: 72051, 20438: 57381, 20439: 683, 20440: 48922, 20441: 70342, 20442: 91896, 20443: 1014, 20444: 522, 20445: 1347, 20446: 805, 20447: 522, 20449: 50588, 20450: 57455, 20451: 69995, 20452: 913, 20453: 75379, 20454: 54448, 20455: 70342, 20456: 46793, 20457: 63270, 20458: 65161, 20459: 65161, 20460: 913, 20461: 75379, 20462: 63270, 20463: 1482, 20465: 765, 20466: 46793, 20467: 1347, 20468: 1585, 20469: 67720, 20471: 44206, 20472: 73383, 20473: 1014, 20475: 1188, 20476: 1543, 20481: 1107, 20482: 1585, 20484: 63270, 20485: 35245, 20486: 54448, 20487: 71117, 20488: 44206, 20489: 68173, 20490: 690, 20491: 57381, 20492: 522, 20493: 743, 20494: 69242, 20495: 69985, 20496: 1347, 20497: 50588, 20499: 1012, 20501: 1113, 20503: 1012, 20504: 1107, 20505: 1054, 20506: 88486, 20507: 1161, 20508: 1161, 20509: 1161, 20510: 54448, 20511: 64727, 20512: 70342, 20513: 70342, 20514: 1188, 20515: 52945, 20517: 63270, 20518: 1012, 20519: 1012, 20520: 63270, 20521: 50588, 20522: 1161, 20523: 449, 20524: 1188, 20525: 35259, 20527: 1107, 20528: 46494, 20530: 57381, 20531: 73383, 20532: 82080, 20533: 13699, 20534: 46793, 20535: 68173, 20536: 48922, 20537: 59008, 20538: 1617, 20539: 69990, 20540: 690, 20541: 728, 20542: 35259, 20543: 728, 20544: 743, 20545: 48922, 20546: 1585, 20547: 226, 20549: 913, 20550: 63270, 20552: 395, 20553: 57381, 20554: 1188, 20555: 1391, 20556: 62344, 20557: 63756, 20558: 1116, 20559: 85710, 20560: 1107, 20561: 1161, 20563: 85710, 20564: 1116, 20565: 78631, 20567: 44206, 20569: 51797, 20570: 70342, 20571: 67720, 20572: 1014, 20573: 69985, 20574: 67720, 20575: 68173, 20576: 69985, 20577: 1288, 20578: 91896, 20579: 1617, 20580: 75958, 20581: 75958, 20582: 690, 20583: 69990, 20584: 91896, 20585: 91053, 20587: 46793, 20588: 80479, 20589: 65161, 20590: 743, 20591: 683, 20592: 1585, 20593: 69985, 20594: 72051, 20595: 69990, 20596: 1347, 20597: 805, 20599: 63756, 20600: 63270, 20601: 1012, 20602: 226, 20605: 35245, 20606: 1173, 20607: 1161, 20608: 58096, 20609: 75379, 20610: 70373, 20611: 1054, 20612: 85669, 20613: 65877, 20614: 1288, 20615: 1457, 20616: 65877, 20617: 686, 20618: 1288, 20619: 1054, 20620: 226, 20621: 1540, 20622: 71117, 20624: 953, 20625: 953, 20626: 765, 20628: 65877, 20630: 50588, 20631: 1259, 20633: 1259, 20634: 743, 20635: 13699, 20636: 75379, 20637: 1391, 20638: 58543, 20639: 1193, 20640: 52945, 20641: 85669, 20642: 1193, 20643: 62344, 20645: 686, 20646: 953, 20647: 62344, 20648: 953, 20650: 57639, 20651: 52945, 20652: 686, 20653: 953, 20654: 1391, 20655: 70373, 20656: 51797, 20659: 75379, 20661: 50588, 20662: 1084, 20663: 66626, 20669: 72051, 20670: 1540, 20671: 1391, 20672: 73235, 20673: 57972, 20675: 61726, 20676: 35259, 20677: 62344, 20678: 75453, 20680: 44206, 20681: 71117, 20684: 1543, 20688: 690, 20689: 54448, 20690: 54448, 20692: 1489, 20693: 85669, 20694: 54448, 20695: 1084, 20696: 1161, 20697: 75453, 20698: 62344, 20699: 913, 20700: 63756, 20701: 69995, 20702: 57070, 20703: 64727, 20704: 69995, 20705: 69995, 20706: 46793, 20707: 63756, 20708: 1399, 20709: 1161, 20710: 0, 20711: 57381, 20712: 0, 20713: 70373, 20714: 52945, 20715: 690, 20716: 913, 20717: 78631, 20719: 1585, 20720: 51797, 20721: 46793, 20722: 728, 20723: 57257, 20724: 80479, 20725: 85669, 20726: 0, 20727: 57309, 20729: 1182, 20730: 1502, 20731: 1014, 20732: 57639, 20734: 1502, 20735: 62344, 20736: 67720, 20737: 1585, 20739: 57972, 20740: 519, 20741: 61726, 20742: 44206, 20743: 46494, 20744: 1457, 20746: 57639, 20747: 1223, 20748: 1399, 20749: 1347, 20750: 46494, 20751: 1116, 20752: 44206, 20754: 728, 20757: 63756, 20758: 1012, 20759: 58096, 20761: 686, 20762: 1482, 20763: 1482, 20764: 63099, 20765: 70373, 20766: 686, 20768: 0, 20769: 1107, 20770: 77145, 20773: 1288, 20774: 728, 20775: 686, 20777: 1182, 20778: 57290, 20779: 1223, 20781: 146, 20782: 226, 20784: 58096, 20785: 85710, 20786: 70500, 20789: 71117, 20790: 1540, 20791: 65341, 20792: 48266, 20793: 49332, 20794: 70342, 20795: 78645, 20796: 48266, 20797: 70373, 20798: 13699, 20799: 1482, 20800: 69242, 20802: 78645, 20803: 1399, 20804: 1543, 20805: 1084, 20806: 686, 20807: 71117, 20808: 82067, 20809: 48266, 20810: 63099, 20811: 49332, 20813: 48266, 20814: 49332, 20815: 82067, 20816: 82085, 20817: 82067, 20818: 63756, 20819: 57455, 20820: 62344, 20821: 57639, 20822: 1012, 20823: 690, 20824: 64790, 20825: 1182, 20826: 1300, 20827: 85687, 20828: 57455, 20829: 59008, 20831: 54448, 20832: 1347, 20833: 765, 20834: 58543, 20835: 57639, 20836: 57309, 20837: 57070, 20838: 83288, 20840: 46793, 20841: 65341, 20842: 1012, 20843: 69995, 20844: 69990, 20845: 44206, 20846: 1300, 20850: 57972, 20852: 70171, 20853: 1167, 20854: 1259, 20856: 0, 20858: 70373, 20859: 63882, 20860: 63882, 20861: 82070, 20862: 82070, 20863: 82070, 20864: 184, 20872: 953, 20873: 395, 20874: 184, 20875: 1391, 20876: 67720, 20877: 57972, 20881: 78631, 20883: 57417, 20884: 82070, 20885: 91053, 20886: 75379, 20887: 1457, 20888: 57972, 20889: 1107, 20890: 75379, 20891: 70500, 20892: 83288, 20894: 1540, 20895: 64790, 20897: 61726, 20900: 226, 20901: 395, 20902: 83288, 20904: 58096, 20905: 59008, 20906: 1116, 20907: 70500, 20909: 65877, 20910: 59008, 20911: 1182, 20913: 44206, 20916: 57309, 20917: 84328, 20918: 46494, 20919: 82070, 20921: 52945, 20922: 87001, 20923: 1014, 20925: 1294, 20926: 65941, 20928: 65161, 20929: 51797, 20930: 61726, 20931: 1188, 20932: 57639, 20933: 57290, 20934: 1193, 20935: 72039, 20936: 1193, 20937: 52945, 20938: 1193, 20939: 57290, 20940: 72051, 20941: 87001, 20942: 728, 20943: 73383, 20944: 75453, 20948: 65877, 20949: 59008, 20950: 63882, 20951: 85700, 20953: 69995, 20954: 59008, 20955: 1116, 20956: 64790, 20958: 44206, 20959: 72039, 20960: 64790, 20961: 1054, 20962: 75453, 20963: 64727, 20964: 72039, 20965: 1193, 20966: 1288, 20967: 1502, 20968: 146, 20969: 35245, 20970: 57972, 20971: 0, 20973: 85710, 20974: 75453, 20975: 78631, 20977: 91053, 20978: 1054, 20979: 0, 20980: 63756, 20981: 70500, 20982: 57972, 20983: 1012, 20985: 83288, 20986: 58543, 20987: 0, 20988: 57972, 20990: 63756, 20992: 226, 20993: 57972, 20995: 1502, 20997: 72039, 20998: 63882, 20999: 87001, 21000: 82070, 21001: 1399, 21002: 75453, 21003: 65877, 21005: 83288, 21006: 85646, 21007: 57639, 21008: 69995, 21009: 65877, 21011: 87001, 21012: 63882, 21013: 48266, 21014: 83288, 21015: 57639, 21016: 63756, 21017: 65941, 21018: 146, 21019: 63099, 21020: 69985, 21021: 72051, 21022: 1543, 21023: 85646, 21028: 86055, 21030: 85700, 21032: 146, 21033: 1188, 21034: 70500, 21035: 64790, 21036: 48922, 21037: 1154, 21038: 68650, 21039: 57417, 21041: 59008, 21043: 1167, 21045: 184, 21047: 86055, 21050: 849, 21053: 1294, 21055: 1585, 21056: 1502, 21057: 1107, 21058: 1399, 21059: 1107, 21060: 395, 21061: 1188, 21062: 57381, 21063: 48922, 21064: 1502, 21065: 72051, 21066: 72051, 21067: 1259, 21068: 743, 21069: 57290, 21070: 1543, 21072: 57381, 21073: 226, 21074: 82080, 21075: 1259, 21077: 1193, 21084: 1617, 21085: 2346, 21086: 90942, 21087: 86213, 21091: 85669, 21092: 85669, 21093: 57417, 21096: 2076, 21097: 88653, 21098: 1300, 21099: 90998, 21100: 2346, 21101: 53429, 21102: 2114, 21103: 1116, 21104: 91053, 21105: 56939, 21106: 88653, 21107: 73235, 21108: 74355, 21109: 57649, 21110: 90942, 21112: 35259, 21113: 80140, 21115: 57649, 21116: 2114, 21117: 2346, 21118: 1288, 21119: 2076, 21120: 88653, 21121: 2076, 21123: 89226, 21124: 88653, 21125: 53429, 21126: 2114, 21127: 2114, 21128: 74355, 21129: 74355, 21130: 53429, 21132: 57649, 21133: 90998, 21134: 74355, 21135: 89226, 21136: 2114, 21138: 53429, 21139: 89226, 21140: 57649, 21141: 86157, 21142: 89226, 21143: 53429, 21144: 2114, 21145: 56939, 21146: 89226, 21147: 57649, 21148: 89226, 21149: 80140, 21150: 86157, 21151: 56939, 21153: 2076, 21154: 1188, 21155: 80140, 21156: 86157, 21157: 1223, 21159: 2114, 21163: 146, 21164: 2076, 21165: 56939, 21166: 2346, 21167: 80140, 21168: 88653, 21170: 90998, 21171: 87984, 21172: 90998, 21173: 86213, 21174: 86213, 21175: 2048, 21176: 87984, 21177: 80140, 21178: 2346, 21179: 87984, 21180: 2346, 21181: 56939, 21182: 2076, 21184: 2076, 21185: 87984, 21186: 87984, 21187: 0, 21188: 57417, 21189: 0, 21190: 1399, 21191: 184, 21192: 63099, 21193: 85700, 21194: 0, 21195: 226, 21196: 70342, 21197: 2114, 21198: 74355, 21199: 2076, 21203: 90998, 21205: 89226, 21206: 80140, 21208: 87984, 21209: 89226, 21223: 46494, 21226: 1288, 21227: 69985, 21228: 69242, 21229: 449, 21230: 683, 21231: 449, 21232: 68173, 21233: 57381, 21234: 69242, 21235: 522, 21236: 1502, 21237: 1288, 21238: 57290, 21239: 72051, 21240: 68173, 21241: 683, 21244: 66626, 21249: 1161, 21262: 849, 21265: 1412, 21271: 72051, 21279: 75379, 21280: 70500, 21288: 1167, 21290: 63099, 21298: 57639, 21303: 51797, 21304: 71117, 21305: 35259, 21306: 1502, 21307: 728, 21308: 1113, 21311: 63756, 21312: 1540, 21313: 1113, 21314: 1457, 21315: 57455, 21316: 88486, 21317: 85669, 21318: 57417, 21319: 57455, 21322: 522, 21324: 57455, 21325: 519, 21326: 550, 21327: 395, 21328: 728, 21329: 550, 21331: 65877, 21333: 0, 21334: 226, 21335: 1167, 21336: 1357, 21338: 63756, 21339: 1167, 21340: 35259, 21341: 0, 21344: 1167, 21345: 72039, 21346: 59008, 21348: 63099, 21349: 0, 21351: 1014, 21354: 78626, 21356: 90927, 21357: 85646, 21358: 184, 21363: 57257, 21366: 51797, 21369: 1167, 21370: 1107, 21378: 449, 21384: 48922, 21398: 35259, 21445: 53429, 21446: 65877, 21447: 1457, 21448: 75958, 21450: 48922, 21454: 1014, 21455: 683, 21460: 0, 21462: 1585, 21463: 57639, 21465: 0, 21468: 61726, 21470: 1054, 21474: 83288, 21475: 0, 21477: 68173, 21478: 78631, 21479: 1294, 21480: 395, 21481: 78631, 21482: 78631, 21483: 0, 21484: 61726, 21487: 75453, 21488: 51797, 21489: 85700, 21490: 82080, 21491: 245, 21492: 85687, 21493: 50453, 21494: 342}",714.6712643678161,normal
622634.8860113331,Geração Inicial,1733628159.3099189,0,"{20331: 1291, 20332: 57257, 20333: 58096, 20334: 75421, 20335: 57455, 20336: 2048, 20337: 1294, 20338: 70342, 20339: 49332, 20340: 1182, 20341: 1412, 20342: 849, 20343: 70342, 20344: 57070, 20345: 75421, 20346: 57257, 20347: 57309, 20348: 1489, 20349: 57257, 20350: 46793, 20351: 184, 20352: 70373, 20353: 849, 20354: 57309, 20355: 849, 20356: 1489, 20357: 1294, 20358: 48266, 20359: 46793, 20360: 1291, 20361: 184, 20362: 1347, 20363: 57309, 20364: 2048, 20365: 90927, 20366: 75453, 20367: 90927, 20368: 77145, 20369: 70171, 20370: 48266, 20371: 1347, 20372: 49332, 20373: 1182, 20378: 1482, 20379: 57309, 20380: 849, 20381: 686, 20383: 1412, 20384: 68182, 20385: 13699, 20386: 13699, 20387: 69990, 20388: 1291, 20389: 1391, 20392: 69242, 20393: 75421, 20394: 765, 20395: 48266, 20396: 71117, 20397: 1489, 20398: 1482, 20399: 690, 20400: 765, 20401: 65341, 20402: 1294, 20403: 1412, 20404: 57290, 20405: 449, 20406: 1617, 20407: 805, 20408: 35259, 20409: 71117, 20410: 728, 20411: 57290, 20412: 69995, 20413: 57070, 20414: 728, 20415: 46494, 20416: 1014, 20417: 519, 20418: 1107, 20419: 805, 20421: 48266, 20422: 184, 20423: 82080, 20427: 1014, 20428: 57381, 20429: 449, 20432: 46494, 20433: 1347, 20434: 72051, 20436: 69985, 20437: 44206, 20438: 1502, 20439: 69990, 20440: 70342, 20441: 728, 20442: 805, 20443: 1502, 20444: 522, 20445: 70342, 20446: 13828, 20447: 72051, 20449: 1585, 20450: 69995, 20451: 63270, 20452: 75379, 20453: 35245, 20454: 226, 20455: 54448, 20456: 913, 20457: 46793, 20458: 63270, 20459: 65161, 20460: 913, 20461: 54448, 20462: 1167, 20463: 57257, 20465: 1084, 20466: 1012, 20467: 69990, 20468: 1188, 20469: 69985, 20471: 57381, 20472: 1259, 20473: 1188, 20475: 69990, 20476: 44206, 20481: 1288, 20482: 1012, 20484: 1161, 20485: 70342, 20486: 52945, 20487: 1014, 20488: 805, 20489: 69990, 20490: 690, 20491: 46494, 20492: 71117, 20493: 70342, 20494: 91896, 20495: 44206, 20496: 57070, 20497: 1012, 20499: 88486, 20501: 1054, 20503: 1502, 20504: 69995, 20505: 85669, 20506: 69995, 20507: 1288, 20508: 913, 20509: 80479, 20510: 913, 20511: 75379, 20512: 913, 20513: 1412, 20514: 1457, 20515: 52945, 20517: 35245, 20518: 35245, 20519: 913, 20520: 69995, 20521: 51797, 20522: 63270, 20523: 69990, 20524: 395, 20525: 449, 20527: 1617, 20528: 1347, 20530: 59008, 20531: 1502, 20532: 57290, 20533: 63099, 20534: 1161, 20535: 1014, 20536: 728, 20537: 69990, 20538: 1585, 20539: 91896, 20540: 48922, 20541: 1288, 20542: 48922, 20543: 69990, 20544: 1347, 20545: 1617, 20546: 1347, 20547: 146, 20549: 63270, 20550: 46793, 20552: 1617, 20553: 1107, 20554: 728, 20555: 1399, 20556: 1399, 20557: 78631, 20558: 1502, 20559: 65877, 20560: 62344, 20561: 57070, 20563: 63756, 20564: 58096, 20565: 46494, 20567: 1107, 20569: 46793, 20570: 35259, 20571: 59008, 20572: 449, 20573: 690, 20574: 71117, 20575: 743, 20576: 91896, 20577: 44206, 20578: 690, 20579: 35259, 20580: 743, 20581: 1585, 20582: 70342, 20583: 44206, 20584: 67720, 20585: 64790, 20587: 35245, 20588: 52945, 20589: 70342, 20590: 1014, 20591: 395, 20592: 1188, 20593: 69990, 20594: 73383, 20595: 46494, 20596: 44206, 20597: 67720, 20599: 64727, 20600: 58543, 20601: 1012, 20602: 226, 20605: 226, 20606: 1173, 20607: 64727, 20608: 1399, 20609: 913, 20610: 57257, 20611: 69995, 20612: 69995, 20613: 1054, 20614: 69990, 20615: 1116, 20616: 1116, 20617: 765, 20618: 1054, 20619: 849, 20620: 1182, 20621: 686, 20622: 85710, 20624: 85669, 20625: 1288, 20626: 953, 20628: 61726, 20630: 63756, 20631: 67720, 20633: 67720, 20634: 44206, 20635: 686, 20636: 52945, 20637: 70373, 20638: 2048, 20639: 62344, 20640: 57639, 20641: 953, 20642: 953, 20643: 52945, 20645: 686, 20646: 1391, 20647: 57639, 20648: 1193, 20650: 62344, 20651: 1193, 20652: 1193, 20653: 1391, 20654: 686, 20655: 13699, 20656: 69242, 20659: 52945, 20661: 75379, 20662: 75453, 20663: 1161, 20669: 1107, 20670: 35259, 20671: 57972, 20672: 73235, 20673: 73235, 20675: 62344, 20676: 35259, 20677: 57972, 20678: 1391, 20680: 805, 20681: 68173, 20684: 1543, 20688: 690, 20689: 50588, 20690: 64727, 20692: 51797, 20693: 62344, 20694: 1161, 20695: 849, 20696: 69995, 20697: 184, 20698: 1167, 20699: 1173, 20700: 66626, 20701: 63756, 20702: 1054, 20703: 69995, 20704: 66626, 20705: 66626, 20706: 849, 20707: 50588, 20708: 1357, 20709: 1161, 20710: 0, 20711: 1502, 20712: 52945, 20713: 70373, 20714: 52945, 20715: 728, 20716: 70342, 20717: 78631, 20719: 226, 20720: 1489, 20721: 46793, 20722: 805, 20723: 1084, 20724: 80479, 20725: 58543, 20726: 0, 20727: 1012, 20729: 2048, 20730: 88486, 20731: 690, 20732: 83288, 20734: 1585, 20735: 78631, 20736: 743, 20737: 522, 20739: 57309, 20740: 1288, 20741: 57639, 20742: 75453, 20743: 1357, 20744: 75379, 20746: 58096, 20747: 75379, 20748: 190, 20749: 686, 20750: 1391, 20751: 1012, 20752: 63756, 20754: 57381, 20757: 35245, 20758: 1585, 20759: 58096, 20761: 1391, 20762: 1482, 20763: 1084, 20764: 75453, 20765: 70373, 20766: 63099, 20768: 184, 20769: 449, 20770: 77145, 20773: 68650, 20774: 75379, 20775: 57070, 20777: 57070, 20778: 57639, 20779: 1399, 20781: 70500, 20782: 68650, 20784: 1288, 20785: 1167, 20786: 1223, 20789: 1585, 20790: 58543, 20791: 65341, 20792: 75421, 20793: 70500, 20794: 49332, 20795: 44206, 20796: 1457, 20797: 13699, 20798: 75421, 20799: 70373, 20800: 1084, 20802: 46494, 20803: 57639, 20804: 395, 20805: 1084, 20806: 58543, 20807: 57381, 20808: 82067, 20809: 57257, 20810: 46793, 20811: 48266, 20813: 1347, 20814: 82085, 20815: 82067, 20816: 1583, 20817: 85687, 20818: 1540, 20819: 1543, 20820: 62344, 20821: 1347, 20822: 1502, 20823: 683, 20824: 57455, 20825: 849, 20826: 49332, 20827: 63756, 20828: 85710, 20829: 57381, 20831: 63099, 20832: 65877, 20833: 1412, 20834: 54448, 20835: 849, 20836: 82085, 20837: 0, 20838: 85710, 20840: 82085, 20841: 57455, 20842: 1012, 20843: 1300, 20844: 58096, 20845: 78631, 20846: 69995, 20850: 57972, 20852: 75453, 20853: 1223, 20854: 743, 20856: 46793, 20858: 70373, 20859: 63882, 20860: 82070, 20861: 82070, 20862: 63882, 20863: 82070, 20864: 1457, 20872: 953, 20873: 35245, 20874: 0, 20875: 75379, 20876: 683, 20877: 83288, 20881: 57309, 20883: 75453, 20884: 57972, 20885: 67720, 20886: 1391, 20887: 85710, 20888: 63882, 20889: 57290, 20890: 1391, 20891: 67720, 20892: 83288, 20894: 226, 20895: 1193, 20897: 1457, 20900: 1457, 20901: 54448, 20902: 82070, 20904: 184, 20905: 46494, 20906: 1167, 20907: 59008, 20909: 65877, 20910: 13828, 20911: 849, 20913: 522, 20916: 71117, 20917: 87001, 20918: 72051, 20919: 63882, 20921: 52945, 20922: 72039, 20923: 1188, 20925: 1294, 20926: 35245, 20928: 65941, 20929: 63756, 20930: 61726, 20931: 51797, 20932: 64727, 20933: 1014, 20934: 1193, 20935: 87001, 20936: 44206, 20937: 1193, 20938: 1193, 20939: 68173, 20940: 75453, 20941: 72039, 20942: 59008, 20943: 48922, 20944: 54448, 20948: 63882, 20949: 146, 20950: 87001, 20951: 59008, 20953: 1399, 20954: 743, 20955: 1107, 20956: 63756, 20958: 64790, 20959: 65877, 20960: 63099, 20961: 0, 20962: 57639, 20963: 0, 20964: 87001, 20965: 72051, 20966: 54448, 20967: 1054, 20968: 0, 20969: 65941, 20970: 57972, 20971: 0, 20973: 1116, 20974: 0, 20975: 395, 20977: 57455, 20978: 57972, 20979: 0, 20980: 51797, 20981: 78631, 20982: 83288, 20983: 1012, 20985: 65877, 20986: 1300, 20987: 0, 20988: 57972, 20990: 63756, 20992: 68650, 20993: 72039, 20995: 85710, 20997: 57972, 20998: 63882, 20999: 72039, 21000: 82070, 21001: 57309, 21002: 190, 21003: 83288, 21005: 65877, 21006: 85646, 21007: 91053, 21008: 686, 21009: 65877, 21011: 63882, 21012: 72039, 21013: 1347, 21014: 65877, 21015: 146, 21016: 1223, 21017: 57639, 21018: 64790, 21019: 65941, 21020: 1617, 21021: 1391, 21022: 52945, 21023: 2048, 21028: 85700, 21030: 86055, 21032: 1300, 21033: 67720, 21034: 85710, 21035: 1457, 21036: 69985, 21037: 91053, 21038: 57417, 21039: 1167, 21041: 64790, 21043: 728, 21045: 70500, 21047: 72051, 21050: 1107, 21053: 1294, 21055: 57381, 21056: 1502, 21057: 395, 21058: 62344, 21059: 395, 21060: 395, 21061: 57381, 21062: 1014, 21063: 1188, 21064: 57290, 21065: 78645, 21066: 78645, 21067: 46494, 21068: 1014, 21069: 743, 21070: 57381, 21072: 57381, 21073: 85669, 21074: 59008, 21075: 1502, 21077: 1540, 21084: 82080, 21085: 2346, 21086: 80140, 21087: 86213, 21091: 85669, 21092: 1182, 21093: 85710, 21096: 74355, 21097: 2076, 21098: 51797, 21099: 87984, 21100: 74355, 21101: 2076, 21102: 2346, 21103: 1107, 21104: 63756, 21105: 88653, 21106: 56939, 21107: 1540, 21108: 57649, 21109: 2346, 21110: 89226, 21112: 57309, 21113: 80140, 21115: 56939, 21116: 88653, 21117: 56939, 21118: 765, 21119: 89226, 21120: 87984, 21121: 53429, 21123: 2076, 21124: 2114, 21125: 57649, 21126: 2114, 21127: 89226, 21128: 57649, 21129: 74355, 21130: 53429, 21132: 57649, 21133: 87984, 21134: 57649, 21135: 56939, 21136: 74355, 21138: 53429, 21139: 2076, 21140: 2114, 21141: 56939, 21142: 57649, 21143: 53429, 21144: 2114, 21145: 2114, 21146: 89226, 21147: 2114, 21148: 53429, 21149: 86213, 21150: 86213, 21151: 86157, 21153: 89226, 21154: 44206, 21155: 80140, 21156: 2076, 21157: 2048, 21159: 56939, 21163: 1223, 21164: 56939, 21165: 2114, 21166: 57649, 21167: 86213, 21168: 80140, 21170: 86213, 21171: 2076, 21172: 87984, 21173: 87984, 21174: 87984, 21175: 57417, 21176: 86213, 21177: 80140, 21178: 80140, 21179: 86213, 21180: 88653, 21181: 2346, 21182: 0, 21184: 2076, 21185: 0, 21186: 86157, 21187: 0, 21188: 0, 21189: 0, 21190: 57290, 21191: 184, 21192: 52945, 21193: 1193, 21194: 0, 21195: 75379, 21196: 1489, 21197: 74355, 21198: 2114, 21199: 86157, 21203: 57649, 21205: 53429, 21206: 90998, 21208: 87984, 21209: 90942, 21223: 70342, 21226: 1288, 21227: 68173, 21228: 46494, 21229: 519, 21230: 68173, 21231: 519, 21232: 1347, 21233: 1188, 21234: 522, 21235: 78645, 21236: 1107, 21237: 1543, 21238: 71117, 21239: 690, 21240: 35259, 21241: 57455, 21244: 50588, 21249: 80479, 21262: 69242, 21265: 69990, 21271: 59008, 21279: 85646, 21280: 78631, 21288: 1391, 21290: 65161, 21298: 1399, 21303: 1457, 21304: 1107, 21305: 35259, 21306: 1113, 21307: 57455, 21308: 1167, 21311: 1107, 21312: 88486, 21313: 765, 21314: 1167, 21315: 1347, 21316: 85669, 21317: 63756, 21318: 63756, 21319: 57455, 21322: 69242, 21324: 71117, 21325: 78626, 21326: 395, 21327: 519, 21328: 728, 21329: 550, 21331: 87001, 21333: 226, 21334: 0, 21335: 35259, 21336: 1113, 21338: 765, 21339: 46494, 21340: 1502, 21341: 51797, 21344: 57290, 21345: 0, 21346: 59008, 21348: 63099, 21349: 0, 21351: 68173, 21354: 13828, 21356: 65341, 21357: 64727, 21358: 184, 21363: 58096, 21366: 63270, 21369: 1357, 21370: 88486, 21378: 72051, 21384: 78645, 21398: 550, 21445: 53429, 21446: 62344, 21447: 1357, 21448: 449, 21450: 683, 21454: 1014, 21455: 78645, 21460: 13699, 21462: 1585, 21463: 61726, 21465: 0, 21468: 686, 21470: 46494, 21474: 1182, 21475: 1054, 21477: 91896, 21478: 1161, 21479: 71117, 21480: 519, 21481: 58096, 21482: 1167, 21483: 0, 21484: 57309, 21487: 65941, 21488: 1161, 21489: 48266, 21490: 68173, 21491: 1113, 21492: 1012, 21493: 50453, 21494: 342}",714.6712643678161,normal
623403.9837429986,Geração Inicial,1733628162.0078912,0,"{20331: 1347, 20332: 1482, 20333: 1182, 20334: 1347, 20335: 65341, 20336: 57070, 20337: 82085, 20338: 1583, 20339: 70342, 20340: 46793, 20341: 1291, 20342: 69242, 20343: 57070, 20344: 849, 20345: 1412, 20346: 1391, 20347: 1084, 20348: 75453, 20349: 57257, 20350: 69242, 20351: 70373, 20352: 51797, 20353: 75421, 20354: 75421, 20355: 75421, 20356: 65341, 20357: 1583, 20358: 2048, 20359: 1084, 20360: 57455, 20361: 1182, 20362: 1347, 20363: 57070, 20364: 57257, 20365: 82085, 20366: 82085, 20367: 1617, 20368: 65341, 20369: 75453, 20370: 46793, 20371: 70373, 20372: 48266, 20373: 75421, 20378: 1489, 20379: 1182, 20380: 1347, 20381: 58096, 20383: 69990, 20384: 1412, 20385: 75421, 20386: 63099, 20387: 686, 20388: 13699, 20389: 68182, 20392: 48266, 20393: 51797, 20394: 57309, 20395: 69990, 20396: 805, 20397: 1412, 20398: 1583, 20399: 1014, 20400: 1182, 20401: 57257, 20402: 184, 20403: 82085, 20404: 683, 20405: 683, 20406: 68173, 20407: 1585, 20408: 1617, 20409: 68173, 20410: 46494, 20411: 1585, 20412: 1161, 20413: 49332, 20414: 805, 20415: 44206, 20416: 57381, 20417: 728, 20418: 68173, 20419: 46494, 20421: 1291, 20422: 69990, 20423: 57381, 20427: 68173, 20428: 1188, 20429: 449, 20432: 72051, 20433: 1502, 20434: 48922, 20436: 73383, 20437: 46494, 20438: 69990, 20439: 57290, 20440: 743, 20441: 69990, 20442: 73383, 20443: 13828, 20444: 1259, 20445: 1585, 20446: 59008, 20447: 69985, 20449: 46793, 20450: 1012, 20451: 63270, 20452: 54448, 20453: 52945, 20454: 63270, 20455: 913, 20456: 65161, 20457: 63270, 20458: 35245, 20459: 1161, 20460: 46793, 20461: 75379, 20462: 395, 20463: 184, 20465: 82085, 20466: 50588, 20467: 1291, 20468: 1107, 20469: 44206, 20471: 182, 20472: 1502, 20473: 1107, 20475: 72051, 20476: 67720, 20481: 1107, 20482: 75379, 20484: 85646, 20485: 1585, 20486: 54448, 20487: 1107, 20488: 1188, 20489: 1543, 20490: 395, 20491: 71117, 20492: 72051, 20493: 805, 20494: 59008, 20495: 690, 20496: 1489, 20497: 226, 20499: 1113, 20501: 1294, 20503: 849, 20504: 78631, 20505: 78631, 20506: 1012, 20507: 44206, 20508: 80479, 20509: 1161, 20510: 913, 20511: 64727, 20512: 52945, 20513: 1583, 20514: 146, 20515: 913, 20517: 57455, 20518: 80479, 20519: 913, 20520: 54448, 20521: 35245, 20522: 913, 20523: 71117, 20524: 449, 20525: 690, 20527: 805, 20528: 35259, 20530: 1502, 20531: 57381, 20532: 395, 20533: 1412, 20534: 35245, 20535: 59008, 20536: 728, 20537: 449, 20538: 71117, 20539: 75958, 20540: 1288, 20541: 69985, 20542: 67720, 20543: 1014, 20544: 44206, 20545: 1288, 20546: 1347, 20547: 57455, 20549: 63270, 20550: 1012, 20552: 1259, 20553: 82080, 20554: 519, 20555: 190, 20556: 1161, 20557: 62344, 20558: 1391, 20559: 61726, 20560: 46494, 20561: 58096, 20563: 83288, 20564: 63756, 20565: 85687, 20567: 849, 20569: 63756, 20570: 91896, 20571: 690, 20572: 449, 20573: 743, 20574: 690, 20575: 67720, 20576: 728, 20577: 35259, 20578: 449, 20579: 67720, 20580: 91896, 20581: 1585, 20582: 35259, 20583: 69985, 20584: 1014, 20585: 2048, 20587: 65161, 20588: 1161, 20589: 52945, 20590: 57455, 20591: 1259, 20592: 1347, 20593: 46494, 20594: 69985, 20595: 1502, 20596: 82080, 20597: 1259, 20599: 51797, 20600: 1543, 20601: 70342, 20602: 226, 20605: 0, 20606: 70342, 20607: 54448, 20608: 91053, 20609: 1173, 20610: 1391, 20611: 57309, 20612: 75453, 20613: 686, 20614: 1116, 20615: 849, 20616: 61726, 20617: 1540, 20618: 765, 20619: 849, 20620: 71117, 20621: 1288, 20622: 61726, 20624: 85669, 20625: 85669, 20626: 1107, 20628: 1054, 20630: 63756, 20631: 743, 20633: 72051, 20634: 67720, 20635: 13699, 20636: 64727, 20637: 69990, 20638: 75379, 20639: 57639, 20640: 1391, 20641: 52945, 20642: 686, 20643: 58096, 20645: 1193, 20646: 85669, 20647: 1391, 20648: 686, 20650: 52945, 20651: 58096, 20652: 1193, 20653: 1391, 20654: 953, 20655: 63099, 20656: 57309, 20659: 66626, 20661: 54448, 20662: 51797, 20663: 66626, 20669: 69985, 20670: 1540, 20671: 78631, 20672: 57972, 20673: 57639, 20675: 75379, 20676: 35259, 20677: 73235, 20678: 57309, 20680: 57290, 20681: 1585, 20684: 519, 20688: 68173, 20689: 50588, 20690: 1173, 20692: 75453, 20693: 1167, 20694: 70342, 20695: 75421, 20696: 64727, 20697: 1182, 20698: 85669, 20699: 75379, 20700: 1161, 20701: 70342, 20702: 57639, 20703: 69995, 20704: 50588, 20705: 63756, 20706: 70373, 20707: 1173, 20708: 1347, 20709: 1161, 20710: 0, 20711: 743, 20712: 0, 20713: 1489, 20714: 52945, 20715: 73383, 20716: 913, 20717: 57639, 20719: 54448, 20720: 57257, 20721: 46793, 20722: 805, 20723: 1291, 20724: 80479, 20725: 58543, 20726: 0, 20727: 1399, 20729: 849, 20730: 75379, 20731: 57290, 20732: 1357, 20734: 1502, 20735: 61726, 20736: 46494, 20737: 82080, 20739: 57972, 20740: 68173, 20741: 1347, 20742: 1161, 20743: 75379, 20744: 58543, 20746: 46494, 20747: 48266, 20748: 1502, 20749: 58096, 20750: 1347, 20751: 190, 20752: 1116, 20754: 690, 20757: 913, 20758: 63270, 20759: 57639, 20761: 686, 20762: 75453, 20763: 1482, 20764: 63099, 20765: 1482, 20766: 1617, 20768: 184, 20769: 1107, 20770: 77145, 20773: 91053, 20774: 57455, 20775: 57070, 20777: 57070, 20778: 63270, 20779: 146, 20781: 52945, 20782: 35245, 20784: 1154, 20785: 226, 20786: 58543, 20789: 71117, 20790: 1540, 20791: 2048, 20792: 70342, 20793: 395, 20794: 49332, 20795: 1014, 20796: 1223, 20797: 1482, 20798: 1084, 20799: 2048, 20800: 70373, 20802: 57381, 20803: 85710, 20804: 57417, 20805: 1482, 20806: 58543, 20807: 1188, 20808: 85687, 20809: 1347, 20810: 46793, 20811: 49332, 20813: 1347, 20814: 765, 20815: 82067, 20816: 48266, 20817: 82067, 20818: 1161, 20819: 82080, 20820: 62344, 20821: 75453, 20822: 1391, 20823: 690, 20824: 1167, 20825: 44206, 20826: 57070, 20827: 190, 20828: 1154, 20829: 73383, 20831: 54448, 20832: 69990, 20833: 48266, 20834: 57290, 20835: 1167, 20836: 57257, 20837: 0, 20838: 83288, 20840: 57455, 20841: 1291, 20842: 85687, 20843: 226, 20844: 849, 20845: 1012, 20846: 1167, 20850: 72039, 20852: 75453, 20853: 1288, 20854: 690, 20856: 0, 20858: 57070, 20859: 63882, 20860: 63882, 20861: 82070, 20862: 82070, 20863: 63882, 20864: 1457, 20872: 953, 20873: 1457, 20874: 184, 20875: 75379, 20876: 522, 20877: 83288, 20881: 67720, 20883: 1391, 20884: 65877, 20885: 70500, 20886: 67720, 20887: 1288, 20888: 83288, 20889: 71117, 20890: 70500, 20891: 57309, 20892: 72039, 20894: 1288, 20895: 58096, 20897: 1540, 20900: 226, 20901: 44206, 20902: 72039, 20904: 58096, 20905: 69242, 20906: 1116, 20907: 64790, 20909: 65877, 20910: 73383, 20911: 85669, 20913: 72051, 20916: 1182, 20917: 84328, 20918: 805, 20919: 63882, 20921: 63099, 20922: 84328, 20923: 1014, 20925: 1294, 20926: 63099, 20928: 64790, 20929: 85710, 20930: 0, 20931: 91053, 20932: 44206, 20933: 70342, 20934: 1193, 20935: 87001, 20936: 65161, 20937: 54448, 20938: 1193, 20939: 1585, 20940: 146, 20941: 72039, 20942: 1399, 20943: 48922, 20944: 69995, 20948: 83288, 20949: 1193, 20950: 63882, 20951: 70500, 20953: 146, 20954: 67720, 20955: 1457, 20956: 728, 20958: 1188, 20959: 87001, 20960: 63756, 20961: 1054, 20962: 35245, 20963: 69995, 20964: 65877, 20965: 63756, 20966: 64727, 20967: 1116, 20968: 0, 20969: 59008, 20970: 72039, 20971: 1399, 20973: 1054, 20974: 0, 20975: 49332, 20977: 85710, 20978: 85710, 20979: 0, 20980: 51797, 20981: 68650, 20982: 57972, 20983: 1116, 20985: 65877, 20986: 226, 20987: 0, 20988: 1012, 20990: 1116, 20992: 184, 20993: 87001, 20995: 63756, 20997: 65877, 20998: 82070, 20999: 57972, 21000: 63882, 21001: 69995, 21002: 83288, 21003: 57972, 21005: 72039, 21006: 2048, 21007: 64790, 21008: 69995, 21009: 65877, 21011: 84328, 21012: 82070, 21013: 1223, 21014: 87001, 21015: 64790, 21016: 57639, 21017: 63270, 21018: 1300, 21019: 85700, 21020: 68173, 21021: 63756, 21022: 1399, 21023: 1543, 21028: 85700, 21030: 86055, 21032: 1223, 21033: 1288, 21034: 1399, 21035: 67720, 21036: 91896, 21037: 1457, 21038: 1167, 21039: 85710, 21041: 65941, 21043: 728, 21045: 85700, 21047: 57290, 21050: 75453, 21053: 1294, 21055: 82080, 21056: 1502, 21057: 449, 21058: 44206, 21059: 519, 21060: 1107, 21061: 1543, 21062: 68173, 21063: 1014, 21064: 1347, 21065: 1107, 21066: 1188, 21067: 1188, 21068: 0, 21069: 69990, 21070: 1543, 21072: 1543, 21073: 849, 21074: 1617, 21075: 1259, 21077: 1193, 21084: 35259, 21085: 56939, 21086: 89226, 21087: 2346, 21091: 85687, 21092: 57639, 21093: 57417, 21096: 80140, 21097: 53429, 21098: 59008, 21099: 90998, 21100: 2114, 21101: 80140, 21102: 2076, 21103: 1116, 21104: 63756, 21105: 2346, 21106: 56939, 21107: 78631, 21108: 2076, 21109: 56939, 21110: 90942, 21112: 57639, 21113: 80140, 21115: 56939, 21116: 89226, 21117: 88653, 21118: 75379, 21119: 74355, 21120: 87984, 21121: 2076, 21123: 88653, 21124: 57649, 21125: 88653, 21126: 2114, 21127: 2346, 21128: 53429, 21129: 53429, 21130: 57649, 21132: 53429, 21133: 2114, 21134: 2114, 21135: 74355, 21136: 74355, 21138: 57649, 21139: 2114, 21140: 57649, 21141: 56939, 21142: 88653, 21143: 74355, 21144: 2114, 21145: 53429, 21146: 89226, 21147: 74355, 21148: 53429, 21149: 87984, 21150: 86157, 21151: 2076, 21153: 2114, 21154: 57417, 21155: 86213, 21156: 56939, 21157: 1223, 21159: 2114, 21163: 146, 21164: 56939, 21165: 86213, 21166: 87984, 21167: 56939, 21168: 88653, 21170: 88653, 21171: 80140, 21172: 86213, 21173: 80140, 21174: 87984, 21175: 1188, 21176: 80140, 21177: 80140, 21178: 86213, 21179: 86157, 21180: 2346, 21181: 2076, 21182: 86157, 21184: 56939, 21185: 86213, 21186: 86213, 21187: 0, 21188: 0, 21189: 0, 21190: 69995, 21191: 184, 21192: 57639, 21193: 65941, 21194: 0, 21195: 52945, 21196: 1391, 21197: 2114, 21198: 74355, 21199: 56939, 21203: 2076, 21205: 89226, 21206: 57649, 21208: 90998, 21209: 80140, 21223: 44206, 21226: 1259, 21227: 1288, 21228: 449, 21229: 395, 21230: 57290, 21231: 449, 21232: 48922, 21233: 1259, 21234: 72051, 21235: 91896, 21236: 46494, 21237: 57381, 21238: 69990, 21239: 57290, 21240: 519, 21241: 683, 21244: 66626, 21249: 1012, 21262: 75453, 21265: 1084, 21271: 65161, 21279: 91053, 21280: 57639, 21288: 1457, 21290: 1300, 21298: 85646, 21303: 57455, 21304: 71117, 21305: 1540, 21306: 765, 21307: 395, 21308: 35259, 21311: 71117, 21312: 88486, 21313: 85669, 21314: 1294, 21315: 57455, 21316: 35259, 21317: 88486, 21318: 728, 21319: 765, 21322: 69242, 21324: 519, 21325: 78626, 21326: 1107, 21327: 519, 21328: 13828, 21329: 519, 21331: 57972, 21333: 51797, 21334: 0, 21335: 1457, 21336: 63756, 21338: 1054, 21339: 226, 21340: 1540, 21341: 1294, 21344: 57309, 21345: 82070, 21346: 78631, 21348: 63099, 21349: 184, 21351: 1259, 21354: 13828, 21356: 70171, 21357: 64727, 21358: 1457, 21363: 1347, 21366: 70500, 21369: 1113, 21370: 1357, 21378: 48922, 21384: 1107, 21398: 46494, 21445: 74355, 21446: 78631, 21447: 57639, 21448: 1014, 21450: 57290, 21454: 1543, 21455: 78645, 21460: 69242, 21462: 57381, 21463: 62344, 21465: 0, 21468: 58096, 21470: 35259, 21474: 58096, 21475: 1502, 21477: 71117, 21478: 78631, 21479: 1457, 21480: 550, 21481: 1502, 21482: 85710, 21483: 1084, 21484: 1182, 21487: 65161, 21488: 46793, 21489: 63270, 21490: 0, 21491: 245, 21492: 1161, 21493: 342, 21494: 50453}",714.6712643678161,normal
637541.8878676662,Geração Inicial,1733628164.658219,0,"{20331: 2048, 20332: 57309, 20333: 1291, 20334: 1084, 20335: 765, 20336: 765, 20337: 1291, 20338: 1182, 20339: 1617, 20340: 65341, 20341: 58096, 20342: 1347, 20343: 57070, 20344: 69990, 20345: 1482, 20346: 1583, 20347: 70342, 20348: 69242, 20349: 1084, 20350: 849, 20351: 46793, 20352: 63099, 20353: 1347, 20354: 48266, 20355: 58096, 20356: 82085, 20357: 82085, 20358: 1294, 20359: 1347, 20360: 57455, 20361: 1084, 20362: 49332, 20363: 1412, 20364: 70342, 20365: 57309, 20366: 75453, 20367: 90927, 20368: 65341, 20369: 77145, 20370: 1347, 20371: 49332, 20372: 70373, 20373: 1583, 20378: 49332, 20379: 1482, 20380: 57070, 20381: 849, 20383: 1482, 20384: 1583, 20385: 1291, 20386: 57257, 20387: 686, 20388: 75421, 20389: 68182, 20392: 58096, 20393: 1182, 20394: 1182, 20395: 1412, 20396: 57290, 20397: 1182, 20398: 57455, 20399: 68173, 20400: 75421, 20401: 765, 20402: 1489, 20403: 1489, 20404: 1014, 20405: 1259, 20406: 1259, 20407: 1502, 20408: 1188, 20409: 46494, 20410: 1617, 20411: 82080, 20412: 63270, 20413: 49332, 20414: 70342, 20415: 1347, 20416: 728, 20417: 690, 20418: 57290, 20419: 68173, 20421: 65341, 20422: 57309, 20423: 82080, 20427: 1107, 20428: 68173, 20429: 1543, 20432: 78645, 20433: 683, 20434: 690, 20436: 805, 20437: 1347, 20438: 48922, 20439: 57381, 20440: 743, 20441: 73383, 20442: 91896, 20443: 182, 20444: 69990, 20445: 72051, 20446: 72051, 20447: 1014, 20449: 57455, 20450: 50588, 20451: 52945, 20452: 54448, 20453: 1012, 20454: 1012, 20455: 54448, 20456: 46793, 20457: 52945, 20458: 46793, 20459: 50588, 20460: 913, 20461: 57455, 20462: 52945, 20463: 1412, 20465: 1347, 20466: 913, 20467: 1482, 20468: 73383, 20469: 71117, 20471: 82080, 20472: 743, 20473: 78645, 20475: 1502, 20476: 1585, 20481: 1288, 20482: 80479, 20484: 80479, 20485: 80479, 20486: 70342, 20487: 71117, 20488: 395, 20489: 69990, 20490: 82080, 20491: 805, 20492: 13828, 20493: 57381, 20494: 683, 20495: 73383, 20496: 69990, 20497: 1585, 20499: 1357, 20501: 1399, 20503: 1357, 20504: 1054, 20505: 226, 20506: 1054, 20507: 65877, 20508: 913, 20509: 1585, 20510: 70342, 20511: 64727, 20512: 52945, 20513: 13699, 20514: 48266, 20515: 70342, 20517: 1012, 20518: 1585, 20519: 63270, 20520: 75379, 20521: 63756, 20522: 913, 20523: 1259, 20524: 70342, 20525: 1107, 20527: 690, 20528: 1585, 20530: 805, 20531: 69990, 20532: 57290, 20533: 1291, 20534: 913, 20535: 59008, 20536: 69985, 20537: 71117, 20538: 449, 20539: 1014, 20540: 91896, 20541: 69985, 20542: 75958, 20543: 67720, 20544: 48922, 20545: 728, 20546: 71117, 20547: 57070, 20549: 75379, 20550: 35245, 20552: 395, 20553: 1543, 20554: 46494, 20555: 1457, 20556: 1116, 20557: 1399, 20558: 83288, 20559: 1540, 20560: 44206, 20561: 46494, 20563: 686, 20564: 1012, 20565: 686, 20567: 686, 20569: 35245, 20570: 67720, 20571: 690, 20572: 48922, 20573: 449, 20574: 69990, 20575: 59008, 20576: 743, 20577: 75958, 20578: 70342, 20579: 68173, 20580: 44206, 20581: 1347, 20582: 449, 20583: 91896, 20584: 1585, 20585: 146, 20587: 70342, 20588: 1161, 20589: 50588, 20590: 57381, 20591: 1617, 20592: 1543, 20593: 73383, 20594: 728, 20595: 805, 20596: 69990, 20597: 44206, 20599: 63756, 20600: 1399, 20601: 1161, 20602: 35245, 20605: 35245, 20606: 1173, 20607: 50588, 20608: 2048, 20609: 63756, 20610: 1391, 20611: 85669, 20612: 1107, 20613: 953, 20614: 226, 20615: 765, 20616: 953, 20617: 849, 20618: 1116, 20619: 71117, 20620: 1288, 20621: 57309, 20622: 953, 20624: 57309, 20625: 765, 20626: 849, 20628: 85669, 20630: 52945, 20631: 57381, 20633: 69242, 20634: 73383, 20635: 1391, 20636: 64727, 20637: 68182, 20638: 58543, 20639: 85669, 20640: 686, 20641: 686, 20642: 58096, 20643: 62344, 20645: 1193, 20646: 85669, 20647: 953, 20648: 58096, 20650: 1193, 20651: 85669, 20652: 57639, 20653: 686, 20654: 1391, 20655: 69990, 20656: 57309, 20659: 1161, 20661: 913, 20662: 1489, 20663: 1161, 20669: 182, 20670: 57639, 20671: 61726, 20672: 73235, 20673: 1540, 20675: 61726, 20676: 73235, 20677: 78631, 20678: 62344, 20680: 68173, 20681: 683, 20684: 68173, 20688: 1502, 20689: 913, 20690: 913, 20692: 51797, 20693: 58543, 20694: 66626, 20695: 75453, 20696: 50588, 20697: 69242, 20698: 1167, 20699: 64727, 20700: 75379, 20701: 64727, 20702: 69995, 20703: 66626, 20704: 63756, 20705: 54448, 20706: 63099, 20707: 63756, 20708: 1167, 20709: 1161, 20710: 1161, 20711: 69990, 20712: 0, 20713: 849, 20714: 52945, 20715: 46494, 20716: 913, 20717: 62344, 20719: 35245, 20720: 70373, 20721: 46793, 20722: 69985, 20723: 63099, 20724: 80479, 20725: 1167, 20726: 0, 20727: 57972, 20729: 1291, 20730: 1113, 20731: 72051, 20732: 35259, 20734: 743, 20735: 57639, 20736: 683, 20737: 69985, 20739: 75379, 20740: 44206, 20741: 1391, 20742: 1540, 20743: 83288, 20744: 57417, 20746: 62344, 20747: 49332, 20748: 190, 20749: 44206, 20750: 62344, 20751: 85669, 20752: 1399, 20754: 805, 20757: 52945, 20758: 1161, 20759: 953, 20761: 1617, 20762: 75453, 20763: 58096, 20764: 1482, 20765: 1617, 20766: 70373, 20768: 184, 20769: 1107, 20770: 77145, 20773: 184, 20774: 63270, 20775: 57070, 20777: 57070, 20778: 1457, 20779: 1288, 20781: 54448, 20782: 35245, 20784: 78631, 20785: 70500, 20786: 1457, 20789: 1188, 20790: 1540, 20791: 1294, 20792: 82085, 20793: 1154, 20794: 70342, 20795: 91896, 20796: 54448, 20797: 2048, 20798: 70373, 20799: 13699, 20800: 69242, 20802: 690, 20803: 226, 20804: 184, 20805: 1482, 20806: 686, 20807: 69242, 20808: 82067, 20809: 1489, 20810: 686, 20811: 49332, 20813: 48266, 20814: 57257, 20815: 85687, 20816: 1617, 20817: 85687, 20818: 1357, 20819: 35259, 20820: 57639, 20821: 63756, 20822: 1161, 20823: 728, 20824: 64790, 20825: 85687, 20826: 1223, 20827: 75453, 20828: 2048, 20829: 690, 20831: 52945, 20832: 849, 20833: 1489, 20834: 86055, 20835: 57070, 20836: 57257, 20837: 0, 20838: 75379, 20840: 57309, 20841: 765, 20842: 75453, 20843: 1543, 20844: 58096, 20845: 44206, 20846: 1300, 20850: 65877, 20852: 70171, 20853: 1543, 20854: 78645, 20856: 46793, 20858: 46793, 20859: 63882, 20860: 82070, 20861: 82070, 20862: 63882, 20863: 82070, 20864: 395, 20872: 953, 20873: 395, 20874: 184, 20875: 78631, 20876: 522, 20877: 82070, 20881: 70500, 20883: 57639, 20884: 57972, 20885: 70500, 20886: 78631, 20887: 1288, 20888: 57972, 20889: 683, 20890: 64727, 20891: 91053, 20892: 82070, 20894: 226, 20895: 91053, 20897: 1107, 20900: 953, 20901: 54448, 20902: 65877, 20904: 51797, 20905: 1107, 20906: 1457, 20907: 85700, 20909: 65877, 20910: 13828, 20911: 1167, 20913: 1107, 20916: 75453, 20917: 87001, 20918: 69985, 20919: 87001, 20921: 63099, 20922: 63882, 20923: 449, 20925: 1294, 20926: 72051, 20928: 63099, 20929: 63756, 20930: 61726, 20931: 184, 20932: 44206, 20933: 1014, 20934: 1193, 20935: 84328, 20936: 65941, 20937: 64790, 20938: 1193, 20939: 1014, 20940: 65941, 20941: 63882, 20942: 1288, 20943: 57290, 20944: 1347, 20948: 63882, 20949: 1193, 20950: 84328, 20951: 1300, 20953: 1399, 20954: 67720, 20955: 1457, 20956: 728, 20958: 52945, 20959: 87001, 20960: 59008, 20961: 1054, 20962: 63099, 20963: 146, 20964: 72039, 20965: 70500, 20966: 69995, 20967: 1116, 20968: 67720, 20969: 51797, 20970: 65877, 20971: 69995, 20973: 1012, 20974: 0, 20975: 85710, 20977: 2048, 20978: 85710, 20979: 0, 20980: 51797, 20981: 1288, 20982: 87001, 20983: 57972, 20985: 83288, 20986: 146, 20987: 0, 20988: 57972, 20990: 1054, 20992: 64790, 20993: 72039, 20995: 1054, 20997: 72039, 20998: 63882, 20999: 72039, 21000: 82070, 21001: 68650, 21002: 63756, 21003: 87001, 21005: 83288, 21006: 1457, 21007: 75379, 21008: 1182, 21009: 57972, 21011: 63882, 21012: 87001, 21013: 226, 21014: 83288, 21015: 70500, 21016: 59008, 21017: 91053, 21018: 57639, 21019: 1300, 21020: 1288, 21021: 72051, 21022: 57639, 21023: 1543, 21028: 85700, 21030: 86055, 21032: 146, 21033: 57417, 21034: 85710, 21035: 63270, 21036: 71117, 21037: 728, 21038: 57290, 21039: 64790, 21041: 65941, 21043: 68650, 21045: 85700, 21047: 86055, 21050: 57070, 21053: 1294, 21055: 1585, 21056: 82080, 21057: 449, 21058: 1107, 21059: 395, 21060: 519, 21061: 57290, 21062: 1259, 21063: 449, 21064: 72051, 21065: 68173, 21066: 1188, 21067: 78645, 21068: 805, 21069: 72051, 21070: 71117, 21072: 1107, 21073: 69995, 21074: 1617, 21075: 68173, 21077: 1193, 21084: 59008, 21085: 87984, 21086: 89226, 21087: 87984, 21091: 1012, 21092: 75379, 21093: 1167, 21096: 2114, 21097: 2346, 21098: 67720, 21099: 87984, 21100: 80140, 21101: 2076, 21102: 57649, 21103: 1116, 21104: 51797, 21105: 74355, 21106: 57649, 21107: 73235, 21108: 53429, 21109: 56939, 21110: 90942, 21112: 65877, 21113: 74355, 21115: 56939, 21116: 2114, 21117: 80140, 21118: 1113, 21119: 88653, 21120: 2346, 21121: 53429, 21123: 2346, 21124: 87984, 21125: 56939, 21126: 53429, 21127: 74355, 21128: 57649, 21129: 57649, 21130: 57649, 21132: 74355, 21133: 90998, 21134: 57649, 21135: 2346, 21136: 2114, 21138: 53429, 21139: 2346, 21140: 74355, 21141: 56939, 21142: 57649, 21143: 2114, 21144: 2114, 21145: 74355, 21146: 89226, 21147: 2076, 21148: 53429, 21149: 56939, 21150: 86213, 21151: 2076, 21153: 88653, 21154: 1188, 21155: 80140, 21156: 87984, 21157: 1223, 21159: 80140, 21163: 146, 21164: 2076, 21165: 86213, 21166: 88653, 21167: 53429, 21168: 86213, 21170: 88653, 21171: 53429, 21172: 56939, 21173: 86157, 21174: 2114, 21175: 57417, 21176: 2076, 21177: 86157, 21178: 86213, 21179: 87984, 21180: 2114, 21181: 87984, 21182: 80140, 21184: 86157, 21185: 0, 21186: 56939, 21187: 0, 21188: 0, 21189: 0, 21190: 44206, 21191: 184, 21192: 59008, 21193: 91053, 21194: 0, 21195: 1399, 21196: 69990, 21197: 74355, 21198: 53429, 21199: 2076, 21203: 86213, 21205: 57649, 21206: 90998, 21208: 87984, 21209: 80140, 21223: 449, 21226: 35259, 21227: 48922, 21228: 683, 21229: 519, 21230: 1502, 21231: 519, 21232: 1259, 21233: 57381, 21234: 522, 21235: 78645, 21236: 57290, 21237: 1288, 21238: 57290, 21239: 46494, 21240: 683, 21241: 728, 21244: 1585, 21249: 85646, 21262: 1391, 21265: 13699, 21271: 65161, 21279: 78631, 21280: 67720, 21288: 1457, 21290: 63756, 21298: 85646, 21303: 57455, 21304: 765, 21305: 71117, 21306: 1357, 21307: 1167, 21308: 1357, 21311: 1113, 21312: 35259, 21313: 88486, 21314: 1502, 21315: 57417, 21316: 226, 21317: 1294, 21318: 64790, 21319: 1294, 21322: 46494, 21324: 57455, 21325: 1502, 21326: 395, 21327: 1502, 21328: 46494, 21329: 13828, 21331: 83288, 21333: 51797, 21334: 57455, 21335: 1357, 21336: 226, 21338: 1357, 21339: 35259, 21340: 63756, 21341: 1294, 21344: 85710, 21345: 0, 21346: 1391, 21348: 63099, 21349: 0, 21351: 48922, 21354: 550, 21356: 82085, 21357: 0, 21358: 395, 21363: 1084, 21366: 48266, 21369: 1107, 21370: 1357, 21378: 72051, 21384: 1107, 21398: 519, 21445: 0, 21446: 1540, 21447: 686, 21448: 68173, 21450: 1502, 21454: 1259, 21455: 1188, 21460: 69242, 21462: 57381, 21463: 75453, 21465: 0, 21468: 1116, 21470: 63756, 21474: 65877, 21475: 1116, 21477: 0, 21478: 1182, 21479: 1294, 21480: 728, 21481: 1182, 21482: 1399, 21483: 1084, 21484: 1054, 21487: 72051, 21488: 1161, 21489: 58543, 21490: 683, 21491: 1113, 21492: 190, 21493: 342, 21494: 50453}",714.6712643678161,normal
628543.7941159995,Geração Inicial,1733628167.365819,0,"{20331: 58096, 20332: 69990, 20333: 1084, 20334: 1347, 20335: 57455, 20336: 1412, 20337: 75421, 20338: 1583, 20339: 69990, 20340: 184, 20341: 1182, 20342: 75453, 20343: 1391, 20344: 686, 20345: 1291, 20346: 70373, 20347: 1489, 20348: 1347, 20349: 46793, 20350: 58096, 20351: 51797, 20352: 63099, 20353: 1489, 20354: 1347, 20355: 70342, 20356: 765, 20357: 1347, 20358: 1412, 20359: 48266, 20360: 2048, 20361: 69990, 20362: 57257, 20363: 57257, 20364: 49332, 20365: 75453, 20366: 57309, 20367: 82085, 20368: 65341, 20369: 77145, 20370: 70373, 20371: 70342, 20372: 57070, 20373: 1489, 20378: 58096, 20379: 75421, 20380: 2048, 20381: 69990, 20383: 1291, 20384: 1482, 20385: 70342, 20386: 1391, 20387: 13699, 20388: 75421, 20389: 1583, 20392: 1182, 20393: 70373, 20394: 51797, 20395: 849, 20396: 71117, 20397: 849, 20398: 1347, 20399: 728, 20400: 1182, 20401: 65341, 20402: 57257, 20403: 184, 20404: 35259, 20405: 1617, 20406: 683, 20407: 1585, 20408: 57455, 20409: 82080, 20410: 1107, 20411: 690, 20412: 35245, 20413: 58096, 20414: 690, 20415: 57290, 20416: 1188, 20417: 728, 20418: 743, 20419: 57381, 20421: 70342, 20422: 1482, 20423: 1585, 20427: 48922, 20428: 69242, 20429: 1107, 20432: 78645, 20433: 1543, 20434: 72051, 20436: 1259, 20437: 1014, 20438: 69242, 20439: 57290, 20440: 1014, 20441: 69990, 20442: 67720, 20443: 690, 20444: 67720, 20445: 82080, 20446: 182, 20447: 78645, 20449: 54448, 20450: 57455, 20451: 1012, 20452: 54448, 20453: 913, 20454: 1585, 20455: 54448, 20456: 63270, 20457: 35245, 20458: 46793, 20459: 63756, 20460: 52945, 20461: 50588, 20462: 1543, 20463: 1482, 20465: 48266, 20466: 35245, 20467: 1489, 20468: 69990, 20469: 69985, 20471: 1502, 20472: 69242, 20473: 13828, 20475: 69985, 20476: 68173, 20481: 1107, 20482: 1161, 20484: 63270, 20485: 75379, 20486: 52945, 20487: 1259, 20488: 395, 20489: 728, 20490: 805, 20491: 1585, 20492: 69242, 20493: 91896, 20494: 69242, 20495: 1188, 20496: 57070, 20497: 35245, 20499: 78631, 20501: 65877, 20503: 88486, 20504: 1288, 20505: 71117, 20506: 1288, 20507: 57309, 20508: 46793, 20509: 226, 20510: 70342, 20511: 75379, 20512: 913, 20513: 1391, 20514: 52945, 20515: 52945, 20517: 75379, 20518: 80479, 20519: 1161, 20520: 50588, 20521: 50588, 20522: 63756, 20523: 395, 20524: 44206, 20525: 1617, 20527: 68173, 20528: 46494, 20530: 69242, 20531: 67720, 20532: 71117, 20533: 1583, 20534: 65161, 20535: 743, 20536: 48922, 20537: 1347, 20538: 1347, 20539: 728, 20540: 48922, 20541: 75958, 20542: 75958, 20543: 1288, 20544: 71117, 20545: 68173, 20546: 68173, 20547: 1154, 20549: 913, 20550: 63270, 20552: 1543, 20553: 82080, 20554: 1288, 20555: 46494, 20556: 1182, 20557: 1012, 20558: 1116, 20559: 57070, 20560: 1167, 20561: 1457, 20563: 44206, 20564: 44206, 20565: 1540, 20567: 686, 20569: 1585, 20570: 1585, 20571: 67720, 20572: 743, 20573: 68173, 20574: 728, 20575: 743, 20576: 1585, 20577: 35259, 20578: 91896, 20579: 70342, 20580: 690, 20581: 67720, 20582: 69985, 20583: 44206, 20584: 1288, 20585: 395, 20587: 70342, 20588: 80479, 20589: 51797, 20590: 46494, 20591: 1617, 20592: 35259, 20593: 57290, 20594: 73383, 20595: 69990, 20596: 690, 20597: 1188, 20599: 51797, 20600: 2048, 20601: 80479, 20602: 226, 20605: 226, 20606: 1173, 20607: 54448, 20608: 395, 20609: 75379, 20610: 1084, 20611: 226, 20612: 1054, 20613: 69990, 20614: 57309, 20615: 85669, 20616: 61726, 20617: 71117, 20618: 61726, 20619: 1116, 20620: 226, 20621: 75453, 20622: 1116, 20624: 953, 20625: 75453, 20626: 71117, 20628: 849, 20630: 63756, 20631: 57455, 20633: 44206, 20634: 69242, 20635: 13699, 20636: 64727, 20637: 68182, 20638: 70500, 20639: 58096, 20640: 52945, 20641: 1391, 20642: 85669, 20643: 1391, 20645: 953, 20646: 1193, 20647: 85669, 20648: 57639, 20650: 62344, 20651: 686, 20652: 953, 20653: 57639, 20654: 58096, 20655: 1583, 20656: 51797, 20659: 1161, 20661: 54448, 20662: 57257, 20663: 66626, 20669: 1014, 20670: 62344, 20671: 61726, 20672: 75379, 20673: 75379, 20675: 73235, 20676: 57639, 20677: 65877, 20678: 75453, 20680: 46494, 20681: 519, 20684: 1107, 20688: 519, 20689: 64727, 20690: 63756, 20692: 1084, 20693: 58543, 20694: 70342, 20695: 46793, 20696: 69995, 20697: 1182, 20698: 1167, 20699: 69995, 20700: 50588, 20701: 1173, 20702: 57309, 20703: 1173, 20704: 50588, 20705: 63756, 20706: 1489, 20707: 52945, 20708: 1054, 20709: 1161, 20710: 1161, 20711: 683, 20712: 52945, 20713: 57309, 20714: 52945, 20715: 690, 20716: 913, 20717: 58543, 20719: 226, 20720: 57257, 20721: 46793, 20722: 57290, 20723: 51797, 20724: 0, 20725: 85669, 20726: 0, 20727: 57070, 20729: 1294, 20730: 1294, 20731: 1014, 20732: 62344, 20734: 46494, 20735: 1391, 20736: 59008, 20737: 743, 20739: 65877, 20740: 35259, 20741: 1391, 20742: 1357, 20743: 69990, 20744: 57639, 20746: 1502, 20747: 70500, 20748: 686, 20749: 1107, 20750: 62344, 20751: 190, 20752: 85669, 20754: 728, 20757: 913, 20758: 80479, 20759: 57639, 20761: 1482, 20762: 1482, 20763: 75453, 20764: 63099, 20765: 1084, 20766: 1391, 20768: 0, 20769: 449, 20770: 77145, 20773: 64790, 20774: 57639, 20775: 75453, 20777: 75453, 20778: 91053, 20779: 57417, 20781: 35245, 20782: 1223, 20784: 1399, 20785: 63270, 20786: 85710, 20789: 71117, 20790: 1540, 20791: 82085, 20792: 1412, 20793: 146, 20794: 49332, 20795: 805, 20796: 1167, 20797: 75421, 20798: 2048, 20799: 1084, 20800: 69242, 20802: 78645, 20803: 1223, 20804: 226, 20805: 0, 20806: 686, 20807: 71117, 20808: 82067, 20809: 57257, 20810: 686, 20811: 49332, 20813: 48266, 20814: 65341, 20815: 85687, 20816: 849, 20817: 85687, 20818: 85710, 20819: 805, 20820: 1167, 20821: 686, 20822: 1457, 20823: 1188, 20824: 57309, 20825: 44206, 20826: 2048, 20827: 85710, 20828: 48266, 20829: 182, 20831: 54448, 20832: 85687, 20833: 1084, 20834: 58543, 20835: 849, 20836: 1294, 20837: 70342, 20838: 44206, 20840: 48266, 20841: 1294, 20842: 1540, 20843: 69995, 20844: 1291, 20845: 1116, 20846: 1543, 20850: 57972, 20852: 65341, 20853: 57290, 20854: 683, 20856: 46793, 20858: 1347, 20859: 82070, 20860: 63882, 20861: 63882, 20862: 82070, 20863: 63882, 20864: 184, 20872: 953, 20873: 184, 20874: 0, 20875: 57309, 20876: 72051, 20877: 57972, 20881: 59008, 20883: 64727, 20884: 65877, 20885: 78631, 20886: 57639, 20887: 1540, 20888: 63882, 20889: 519, 20890: 75379, 20891: 91053, 20892: 83288, 20894: 849, 20895: 65941, 20897: 686, 20900: 1054, 20901: 1288, 20902: 72039, 20904: 70500, 20905: 1259, 20906: 1107, 20907: 65941, 20909: 65877, 20910: 743, 20911: 57309, 20913: 522, 20916: 765, 20917: 72039, 20918: 1014, 20919: 72039, 20921: 57290, 20922: 63882, 20923: 1014, 20925: 1294, 20926: 59008, 20928: 65941, 20929: 85710, 20930: 61726, 20931: 72051, 20932: 1399, 20933: 57290, 20934: 63099, 20935: 63882, 20936: 70500, 20937: 1193, 20938: 63099, 20939: 67720, 20940: 52945, 20941: 84328, 20942: 59008, 20943: 48922, 20944: 44206, 20948: 83288, 20949: 728, 20950: 87001, 20951: 72051, 20953: 1399, 20954: 728, 20955: 226, 20956: 75453, 20958: 1300, 20959: 83288, 20960: 64790, 20961: 1502, 20962: 63099, 20963: 1399, 20964: 87001, 20965: 48266, 20966: 64790, 20967: 1012, 20968: 75453, 20969: 65161, 20970: 57972, 20971: 69995, 20973: 1502, 20974: 0, 20975: 1167, 20977: 57290, 20978: 1054, 20979: 0, 20980: 51797, 20981: 69995, 20982: 72039, 20983: 57972, 20985: 87001, 20986: 85710, 20987: 146, 20988: 57972, 20990: 1012, 20992: 1300, 20993: 87001, 20995: 1012, 20997: 65877, 20998: 82070, 20999: 72039, 21000: 63882, 21001: 1399, 21002: 1161, 21003: 83288, 21005: 83288, 21006: 1457, 21007: 184, 21008: 1457, 21009: 82070, 21011: 72039, 21012: 84328, 21013: 395, 21014: 72039, 21015: 63270, 21016: 51797, 21017: 1193, 21018: 57639, 21019: 59008, 21020: 449, 21021: 1399, 21022: 85646, 21023: 1188, 21028: 85700, 21030: 86055, 21032: 1154, 21033: 44206, 21034: 69995, 21035: 58096, 21036: 743, 21037: 91053, 21038: 1457, 21039: 1543, 21041: 63756, 21043: 75379, 21045: 52945, 21047: 63099, 21050: 1540, 21053: 1294, 21055: 1585, 21056: 57381, 21057: 395, 21058: 1182, 21059: 395, 21060: 1107, 21061: 57290, 21062: 70342, 21063: 78645, 21064: 44206, 21065: 683, 21066: 1259, 21067: 1259, 21068: 46494, 21069: 72051, 21070: 1543, 21072: 57381, 21073: 69995, 21074: 35259, 21075: 449, 21077: 1540, 21084: 1617, 21085: 90998, 21086: 89226, 21087: 2346, 21091: 58096, 21092: 44206, 21093: 85646, 21096: 57649, 21097: 80140, 21098: 1300, 21099: 2114, 21100: 53429, 21101: 57649, 21102: 57649, 21103: 1116, 21104: 65161, 21105: 2346, 21106: 2076, 21107: 57972, 21108: 2114, 21109: 2076, 21110: 80140, 21112: 35259, 21113: 89226, 21115: 80140, 21116: 56939, 21117: 2114, 21118: 1288, 21119: 53429, 21120: 90998, 21121: 89226, 21123: 2076, 21124: 87984, 21125: 89226, 21126: 57649, 21127: 57649, 21128: 74355, 21129: 74355, 21130: 74355, 21132: 2114, 21133: 2114, 21134: 74355, 21135: 80140, 21136: 53429, 21138: 57649, 21139: 56939, 21140: 57649, 21141: 86213, 21142: 2114, 21143: 2114, 21144: 2114, 21145: 74355, 21146: 89226, 21147: 74355, 21148: 53429, 21149: 86213, 21150: 86213, 21151: 2076, 21153: 53429, 21154: 1188, 21155: 86157, 21156: 86157, 21157: 146, 21159: 56939, 21163: 57417, 21164: 87984, 21165: 57649, 21166: 88653, 21167: 86157, 21168: 56939, 21170: 90998, 21171: 87984, 21172: 88653, 21173: 87984, 21174: 80140, 21175: 57417, 21176: 86213, 21177: 86157, 21178: 90998, 21179: 56939, 21180: 90998, 21181: 88653, 21182: 53429, 21184: 86213, 21185: 0, 21186: 86213, 21187: 0, 21188: 1223, 21189: 0, 21190: 57070, 21191: 184, 21192: 146, 21193: 64790, 21194: 0, 21195: 54448, 21196: 70342, 21197: 57649, 21198: 74355, 21199: 87984, 21203: 2346, 21205: 74355, 21206: 2076, 21208: 87984, 21209: 90942, 21223: 1502, 21226: 449, 21227: 48922, 21228: 449, 21229: 519, 21230: 69990, 21231: 395, 21232: 1502, 21233: 91896, 21234: 73383, 21235: 57381, 21236: 805, 21237: 1288, 21238: 0, 21239: 46494, 21240: 35259, 21241: 519, 21244: 66626, 21249: 80479, 21262: 1347, 21265: 70373, 21271: 70500, 21279: 59008, 21280: 59008, 21288: 58096, 21290: 146, 21298: 63270, 21303: 728, 21304: 1357, 21305: 1054, 21306: 1502, 21307: 57455, 21308: 88486, 21311: 88486, 21312: 1167, 21313: 46494, 21314: 1540, 21315: 64790, 21316: 63756, 21317: 1113, 21318: 57417, 21319: 57455, 21322: 73383, 21324: 71117, 21325: 550, 21326: 57455, 21327: 728, 21328: 46494, 21329: 13828, 21331: 87001, 21333: 226, 21334: 0, 21335: 1357, 21336: 1457, 21338: 63756, 21339: 1167, 21340: 1502, 21341: 57455, 21344: 1223, 21345: 82070, 21346: 57639, 21348: 63099, 21349: 0, 21351: 68173, 21354: 78626, 21356: 90927, 21357: 85646, 21358: 35245, 21363: 46793, 21366: 51797, 21369: 1347, 21370: 1107, 21378: 72051, 21384: 1188, 21398: 78626, 21445: 53429, 21446: 83288, 21447: 63756, 21448: 69985, 21450: 68173, 21454: 1543, 21455: 1259, 21460: 0, 21462: 1585, 21463: 65877, 21465: 0, 21468: 63756, 21470: 88486, 21474: 1540, 21475: 0, 21477: 1617, 21478: 61726, 21479: 1054, 21480: 519, 21481: 78631, 21482: 78631, 21483: 0, 21484: 71117, 21487: 85700, 21488: 1161, 21489: 65161, 21490: 0, 21491: 1113, 21492: 190, 21493: 50453, 21494: 342}",714.6712643678161,normal
620742.2264163343,Geração Inicial,1733628170.301884,0,"{20331: 75421, 20332: 57257, 20333: 57309, 20334: 75421, 20335: 1489, 20336: 57455, 20337: 49332, 20338: 1291, 20339: 57257, 20340: 1617, 20341: 2048, 20342: 69242, 20343: 1182, 20344: 75453, 20345: 1291, 20346: 1482, 20347: 1347, 20348: 1182, 20349: 57309, 20350: 184, 20351: 69990, 20352: 70342, 20353: 75421, 20354: 75421, 20355: 58096, 20356: 58096, 20357: 49332, 20358: 70342, 20359: 1412, 20360: 57070, 20361: 1482, 20362: 70342, 20363: 2048, 20364: 1583, 20365: 1391, 20366: 1617, 20367: 90927, 20368: 57309, 20369: 65341, 20370: 48266, 20371: 57070, 20372: 49332, 20373: 1412, 20378: 1489, 20379: 1489, 20380: 58096, 20381: 686, 20383: 1482, 20384: 57257, 20385: 1482, 20386: 1291, 20387: 1391, 20388: 1391, 20389: 68182, 20392: 849, 20393: 69990, 20394: 1182, 20395: 69990, 20396: 69990, 20397: 58096, 20398: 1347, 20399: 68173, 20400: 849, 20401: 57070, 20402: 1182, 20403: 1084, 20404: 1288, 20405: 728, 20406: 44206, 20407: 68173, 20408: 449, 20409: 1347, 20410: 519, 20411: 690, 20412: 1012, 20413: 765, 20414: 1543, 20415: 57290, 20416: 1347, 20417: 46494, 20418: 1014, 20419: 1188, 20421: 1291, 20422: 765, 20423: 1502, 20427: 78645, 20428: 57290, 20429: 78645, 20432: 57290, 20433: 1259, 20434: 805, 20436: 59008, 20437: 44206, 20438: 72051, 20439: 1347, 20440: 48922, 20441: 70342, 20442: 13828, 20443: 1259, 20444: 1502, 20445: 67720, 20446: 71117, 20447: 69985, 20449: 913, 20450: 226, 20451: 46793, 20452: 1012, 20453: 75379, 20454: 226, 20455: 52945, 20456: 63270, 20457: 50588, 20458: 63270, 20459: 35245, 20460: 65161, 20461: 1585, 20462: 57639, 20463: 1583, 20465: 1182, 20466: 52945, 20467: 1412, 20468: 1188, 20469: 743, 20471: 59008, 20472: 59008, 20473: 72051, 20475: 690, 20476: 519, 20481: 1543, 20482: 70342, 20484: 63756, 20485: 913, 20486: 70342, 20487: 71117, 20488: 683, 20489: 690, 20490: 1259, 20491: 13828, 20492: 59008, 20493: 1014, 20494: 1502, 20495: 1107, 20496: 75453, 20497: 913, 20499: 765, 20501: 1113, 20503: 1161, 20504: 78631, 20505: 1357, 20506: 44206, 20507: 1357, 20508: 63270, 20509: 54448, 20510: 52945, 20511: 75379, 20512: 54448, 20513: 75421, 20514: 58543, 20515: 70342, 20517: 69995, 20518: 50588, 20519: 80479, 20520: 226, 20521: 1012, 20522: 63270, 20523: 1107, 20524: 1259, 20525: 683, 20527: 1585, 20528: 69990, 20530: 13828, 20531: 522, 20532: 395, 20533: 686, 20534: 65161, 20535: 69985, 20536: 728, 20537: 1014, 20538: 1617, 20539: 1347, 20540: 70342, 20541: 743, 20542: 35259, 20543: 1585, 20544: 69990, 20545: 1347, 20546: 75958, 20547: 54448, 20549: 913, 20550: 65161, 20552: 519, 20553: 1543, 20554: 57455, 20555: 190, 20556: 1116, 20557: 85669, 20558: 44206, 20559: 69990, 20560: 57639, 20561: 1502, 20563: 78631, 20564: 1357, 20565: 78631, 20567: 58096, 20569: 35245, 20570: 690, 20571: 68173, 20572: 68173, 20573: 1014, 20574: 44206, 20575: 91896, 20576: 1617, 20577: 69990, 20578: 59008, 20579: 44206, 20580: 48922, 20581: 75958, 20582: 1585, 20583: 67720, 20584: 1288, 20585: 70500, 20587: 51797, 20588: 1161, 20589: 63756, 20590: 805, 20591: 57381, 20592: 449, 20593: 690, 20594: 57290, 20595: 59008, 20596: 46494, 20597: 72051, 20599: 51797, 20600: 78631, 20601: 85646, 20602: 35245, 20605: 35245, 20606: 66626, 20607: 66626, 20608: 57417, 20609: 1161, 20610: 75421, 20611: 1107, 20612: 65877, 20613: 1182, 20614: 953, 20615: 61726, 20616: 85669, 20617: 69990, 20618: 1167, 20619: 69990, 20620: 1167, 20621: 71117, 20622: 1540, 20624: 75453, 20625: 69995, 20626: 69995, 20628: 1107, 20630: 50588, 20631: 1617, 20633: 82080, 20634: 743, 20635: 686, 20636: 75379, 20637: 63099, 20638: 85710, 20639: 58096, 20640: 953, 20641: 85669, 20642: 57639, 20643: 62344, 20645: 1391, 20646: 1391, 20647: 52945, 20648: 686, 20650: 52945, 20651: 58096, 20652: 58096, 20653: 1193, 20654: 85669, 20655: 13699, 20656: 1291, 20659: 69995, 20661: 66626, 20662: 70342, 20663: 63756, 20669: 82080, 20670: 57639, 20671: 1391, 20672: 61726, 20673: 73235, 20675: 1540, 20676: 62344, 20677: 65877, 20678: 35259, 20680: 57290, 20681: 44206, 20684: 57455, 20688: 46494, 20689: 913, 20690: 64727, 20692: 184, 20693: 58543, 20694: 54448, 20695: 1084, 20696: 1161, 20697: 63099, 20698: 85669, 20699: 1173, 20700: 75379, 20701: 1161, 20702: 1357, 20703: 69995, 20704: 54448, 20705: 1585, 20706: 51797, 20707: 1173, 20708: 1457, 20709: 1161, 20710: 0, 20711: 519, 20712: 0, 20713: 184, 20714: 52945, 20715: 46494, 20716: 70342, 20717: 62344, 20719: 1585, 20720: 57309, 20721: 46793, 20722: 72051, 20723: 58096, 20724: 80479, 20725: 78631, 20726: 0, 20727: 1502, 20729: 1583, 20730: 1107, 20731: 57290, 20732: 71117, 20734: 46494, 20735: 57972, 20736: 72051, 20737: 69242, 20739: 35259, 20740: 1107, 20741: 190, 20742: 75379, 20743: 85687, 20744: 146, 20746: 1161, 20747: 63270, 20748: 75453, 20749: 57639, 20750: 63756, 20751: 63756, 20752: 686, 20754: 1585, 20757: 63756, 20758: 75379, 20759: 1193, 20761: 1084, 20762: 1084, 20763: 70373, 20764: 75453, 20765: 1482, 20766: 75453, 20768: 0, 20769: 395, 20770: 77145, 20773: 64790, 20774: 49332, 20775: 75453, 20777: 849, 20778: 91053, 20779: 57417, 20781: 226, 20782: 1543, 20784: 395, 20785: 1188, 20786: 35245, 20789: 743, 20790: 1540, 20791: 2048, 20792: 1084, 20793: 395, 20794: 70373, 20795: 182, 20796: 57290, 20797: 2048, 20798: 1482, 20799: 75421, 20800: 1084, 20802: 805, 20803: 64790, 20804: 146, 20805: 13699, 20806: 686, 20807: 57381, 20808: 85687, 20809: 65341, 20810: 686, 20811: 49332, 20813: 57070, 20814: 1412, 20815: 82067, 20816: 57257, 20817: 85687, 20818: 1457, 20819: 57455, 20820: 57639, 20821: 69990, 20822: 44206, 20823: 71117, 20824: 1543, 20825: 58096, 20826: 64790, 20827: 61726, 20828: 1223, 20829: 182, 20831: 86055, 20832: 1012, 20833: 46793, 20834: 52945, 20835: 58096, 20836: 1294, 20837: 48266, 20838: 1457, 20840: 849, 20841: 82085, 20842: 83288, 20843: 57290, 20844: 57309, 20845: 1540, 20846: 1457, 20850: 72039, 20852: 65341, 20853: 69995, 20854: 743, 20856: 46793, 20858: 57070, 20859: 82070, 20860: 82070, 20861: 63882, 20862: 63882, 20863: 63882, 20864: 226, 20872: 953, 20873: 395, 20874: 184, 20875: 70500, 20876: 78645, 20877: 65877, 20881: 59008, 20883: 75379, 20884: 83288, 20885: 85646, 20886: 91053, 20887: 65877, 20888: 63882, 20889: 68173, 20890: 57309, 20891: 91053, 20892: 83288, 20894: 1167, 20895: 1223, 20897: 226, 20900: 1457, 20901: 1347, 20902: 82070, 20904: 1193, 20905: 44206, 20906: 953, 20907: 1193, 20909: 65877, 20910: 44206, 20911: 1167, 20913: 182, 20916: 85710, 20917: 87001, 20918: 48922, 20919: 72039, 20921: 63099, 20922: 63882, 20923: 1188, 20925: 1294, 20926: 75453, 20928: 72051, 20929: 51797, 20930: 0, 20931: 63099, 20932: 75379, 20933: 743, 20934: 1193, 20935: 63882, 20936: 1223, 20937: 1399, 20938: 63099, 20939: 449, 20940: 64790, 20941: 82070, 20942: 64727, 20943: 69985, 20944: 1399, 20948: 82070, 20949: 0, 20950: 87001, 20951: 91053, 20953: 1399, 20954: 75958, 20955: 1116, 20956: 64790, 20958: 72051, 20959: 57972, 20960: 0, 20961: 1054, 20962: 1347, 20963: 0, 20964: 57972, 20965: 1300, 20966: 146, 20967: 57972, 20968: 0, 20969: 91053, 20970: 72039, 20971: 0, 20973: 1502, 20974: 0, 20975: 1154, 20977: 68650, 20978: 85710, 20979: 0, 20980: 63756, 20981: 1167, 20982: 57972, 20983: 1012, 20985: 57972, 20986: 85710, 20987: 0, 20988: 57972, 20990: 1012, 20992: 1457, 20993: 72039, 20995: 57972, 20997: 65877, 20998: 82070, 20999: 87001, 21000: 63882, 21001: 67720, 21002: 57639, 21003: 83288, 21005: 83288, 21006: 63270, 21007: 63270, 21008: 1540, 21009: 65877, 21011: 82070, 21012: 87001, 21013: 75379, 21014: 72039, 21015: 146, 21016: 44206, 21017: 44206, 21018: 1188, 21019: 57639, 21020: 67720, 21021: 44206, 21022: 63756, 21023: 85646, 21028: 85700, 21030: 86055, 21032: 52945, 21033: 1543, 21034: 57290, 21035: 1457, 21036: 35259, 21037: 69995, 21038: 54448, 21039: 1223, 21041: 58543, 21043: 68650, 21045: 65161, 21047: 1391, 21050: 83288, 21053: 1294, 21055: 82080, 21056: 57381, 21057: 449, 21058: 78631, 21059: 449, 21060: 519, 21061: 46494, 21062: 68173, 21063: 44206, 21064: 72051, 21065: 683, 21066: 72051, 21067: 1543, 21068: 46494, 21069: 1014, 21070: 71117, 21072: 57381, 21073: 69995, 21074: 35259, 21075: 683, 21077: 1540, 21084: 67720, 21085: 2076, 21086: 80140, 21087: 86213, 21091: 1116, 21092: 63756, 21093: 85710, 21096: 56939, 21097: 89226, 21098: 70500, 21099: 87984, 21100: 53429, 21101: 89226, 21102: 2114, 21103: 1116, 21104: 63099, 21105: 2346, 21106: 2076, 21107: 62344, 21108: 53429, 21109: 56939, 21110: 80140, 21112: 75379, 21113: 56939, 21115: 89226, 21116: 57649, 21117: 2076, 21118: 88486, 21119: 2114, 21120: 88653, 21121: 2076, 21123: 88653, 21124: 90998, 21125: 80140, 21126: 74355, 21127: 74355, 21128: 53429, 21129: 53429, 21130: 57649, 21132: 2114, 21133: 87984, 21134: 53429, 21135: 53429, 21136: 74355, 21138: 57649, 21139: 56939, 21140: 57649, 21141: 80140, 21142: 2346, 21143: 74355, 21144: 2114, 21145: 74355, 21146: 89226, 21147: 57649, 21148: 80140, 21149: 80140, 21150: 80140, 21151: 86213, 21153: 74355, 21154: 146, 21155: 86213, 21156: 56939, 21157: 1223, 21159: 88653, 21163: 57417, 21164: 2076, 21165: 88653, 21166: 86213, 21167: 86157, 21168: 90998, 21170: 86213, 21171: 56939, 21172: 80140, 21173: 86157, 21174: 2076, 21175: 2048, 21176: 57649, 21177: 80140, 21178: 90998, 21179: 86157, 21180: 88653, 21181: 88653, 21182: 87984, 21184: 53429, 21185: 2076, 21186: 86213, 21187: 0, 21188: 57417, 21189: 0, 21190: 67720, 21191: 184, 21192: 65941, 21193: 48266, 21194: 0, 21195: 1167, 21196: 69242, 21197: 57649, 21198: 2114, 21199: 56939, 21203: 80140, 21205: 74355, 21206: 56939, 21208: 87984, 21209: 89226, 21223: 67720, 21226: 690, 21227: 71117, 21228: 683, 21229: 519, 21230: 1014, 21231: 449, 21232: 1188, 21233: 13828, 21234: 1014, 21235: 69242, 21236: 82080, 21237: 1107, 21238: 57290, 21239: 690, 21240: 743, 21241: 57381, 21244: 50588, 21249: 1012, 21262: 1391, 21265: 1391, 21271: 1193, 21279: 70500, 21280: 1391, 21288: 1391, 21290: 85700, 21298: 72051, 21303: 51797, 21304: 1502, 21305: 1113, 21306: 88486, 21307: 395, 21308: 1294, 21311: 1167, 21312: 46494, 21313: 1540, 21314: 88486, 21315: 1167, 21316: 35259, 21317: 1457, 21318: 1347, 21319: 1294, 21322: 1188, 21324: 46494, 21325: 550, 21326: 550, 21327: 805, 21328: 805, 21329: 78626, 21331: 87001, 21333: 57455, 21334: 57455, 21335: 765, 21336: 85669, 21338: 1294, 21339: 71117, 21340: 71117, 21341: 51797, 21344: 1300, 21345: 65877, 21346: 57639, 21348: 63099, 21349: 0, 21351: 70342, 21354: 0, 21356: 77145, 21357: 64727, 21358: 226, 21363: 49332, 21366: 48266, 21369: 1457, 21370: 46494, 21378: 48922, 21384: 1347, 21398: 519, 21445: 2114, 21446: 61726, 21447: 46494, 21448: 449, 21450: 1259, 21454: 1107, 21455: 78645, 21460: 0, 21462: 1502, 21463: 62344, 21465: 83288, 21468: 85687, 21470: 1502, 21474: 85687, 21475: 1054, 21477: 91896, 21478: 1347, 21479: 1347, 21480: 550, 21481: 190, 21482: 63756, 21483: 0, 21484: 849, 21487: 1300, 21488: 63756, 21489: 1300, 21490: 690, 21491: 245, 21492: 1357, 21493: 342, 21494: 50453}",714.6712643678161,normal
619289.8608486664,Geração Inicial,1733628172.9251812,0,"{20331: 57070, 20332: 1482, 20333: 1617, 20334: 57455, 20335: 65341, 20336: 57309, 20337: 58096, 20338: 2048, 20339: 1489, 20340: 184, 20341: 1294, 20342: 686, 20343: 69242, 20344: 69242, 20345: 686, 20346: 69990, 20347: 70373, 20348: 184, 20349: 70373, 20350: 63099, 20351: 1291, 20352: 1291, 20353: 51797, 20354: 1347, 20355: 75421, 20356: 82085, 20357: 65341, 20358: 184, 20359: 1294, 20360: 70342, 20361: 48266, 20362: 69990, 20363: 57257, 20364: 1617, 20365: 57309, 20366: 90927, 20367: 82085, 20368: 75453, 20369: 65341, 20370: 1347, 20371: 49332, 20372: 57070, 20373: 765, 20378: 1291, 20379: 65341, 20380: 1182, 20381: 849, 20383: 63099, 20384: 1583, 20385: 686, 20386: 1583, 20387: 63099, 20388: 75421, 20389: 69990, 20392: 1182, 20393: 48266, 20394: 51797, 20395: 1489, 20396: 1107, 20397: 49332, 20398: 1412, 20399: 70342, 20400: 49332, 20401: 1182, 20402: 1084, 20403: 57257, 20404: 1259, 20405: 1617, 20406: 805, 20407: 35259, 20408: 1288, 20409: 1288, 20410: 82080, 20411: 395, 20412: 1585, 20413: 1294, 20414: 1107, 20415: 1014, 20416: 1288, 20417: 519, 20418: 743, 20419: 71117, 20421: 58096, 20422: 70342, 20423: 82080, 20427: 70342, 20428: 1107, 20429: 1188, 20432: 1502, 20433: 1502, 20434: 72051, 20436: 1107, 20437: 72051, 20438: 1347, 20439: 1502, 20440: 743, 20441: 73383, 20442: 71117, 20443: 743, 20444: 78645, 20445: 683, 20446: 1188, 20447: 59008, 20449: 52945, 20450: 1012, 20451: 35245, 20452: 1585, 20453: 913, 20454: 46793, 20455: 52945, 20456: 913, 20457: 35245, 20458: 65161, 20459: 913, 20460: 63270, 20461: 69995, 20462: 395, 20463: 1482, 20465: 765, 20466: 1161, 20467: 1489, 20468: 13828, 20469: 57381, 20471: 69985, 20472: 13828, 20473: 690, 20475: 13828, 20476: 57290, 20481: 69990, 20482: 35245, 20484: 70342, 20485: 52945, 20486: 70342, 20487: 743, 20488: 57381, 20489: 1014, 20490: 1502, 20491: 1107, 20492: 69985, 20493: 683, 20494: 57381, 20495: 73383, 20496: 70342, 20497: 1585, 20499: 1113, 20501: 1113, 20503: 46494, 20504: 57972, 20505: 44206, 20506: 57972, 20507: 1502, 20508: 1161, 20509: 57455, 20510: 70342, 20511: 75379, 20512: 54448, 20513: 68182, 20514: 1288, 20515: 0, 20517: 1012, 20518: 75379, 20519: 80479, 20520: 226, 20521: 46793, 20522: 75379, 20523: 1617, 20524: 70342, 20525: 67720, 20527: 71117, 20528: 1502, 20530: 57381, 20531: 69990, 20532: 449, 20533: 686, 20534: 1161, 20535: 1585, 20536: 69985, 20537: 59008, 20538: 71117, 20539: 69985, 20540: 91896, 20541: 70342, 20542: 1014, 20543: 91896, 20544: 75958, 20545: 70342, 20546: 75958, 20547: 91053, 20549: 913, 20550: 65161, 20552: 57381, 20553: 1585, 20554: 743, 20555: 1182, 20556: 1161, 20557: 686, 20558: 57639, 20559: 1347, 20560: 46494, 20561: 83288, 20563: 57639, 20564: 44206, 20565: 57070, 20567: 1107, 20569: 50588, 20570: 48922, 20571: 1288, 20572: 449, 20573: 35259, 20574: 1347, 20575: 1585, 20576: 728, 20577: 728, 20578: 449, 20579: 690, 20580: 48922, 20581: 69990, 20582: 48922, 20583: 71117, 20584: 67720, 20585: 2048, 20587: 46793, 20588: 85646, 20589: 51797, 20590: 805, 20591: 1617, 20592: 1014, 20593: 69985, 20594: 728, 20595: 1107, 20596: 1259, 20597: 91896, 20599: 51797, 20600: 63270, 20601: 913, 20602: 35245, 20605: 35245, 20606: 64727, 20607: 64727, 20608: 58543, 20609: 66626, 20610: 1084, 20611: 953, 20612: 61726, 20613: 953, 20614: 226, 20615: 69990, 20616: 1116, 20617: 1107, 20618: 61726, 20619: 1457, 20620: 1167, 20621: 226, 20622: 1182, 20624: 953, 20625: 1054, 20626: 1116, 20628: 1457, 20630: 75379, 20631: 1347, 20633: 1502, 20634: 1347, 20635: 686, 20636: 69995, 20637: 1412, 20638: 91053, 20639: 52945, 20640: 85669, 20641: 57639, 20642: 57639, 20643: 953, 20645: 85669, 20646: 52945, 20647: 58096, 20648: 62344, 20650: 1391, 20651: 953, 20652: 1193, 20653: 1391, 20654: 62344, 20655: 69990, 20656: 75421, 20659: 64727, 20661: 1173, 20662: 58096, 20663: 63756, 20669: 1188, 20670: 73235, 20671: 57639, 20672: 65877, 20673: 75379, 20675: 57309, 20676: 62344, 20677: 1540, 20678: 75379, 20680: 728, 20681: 71117, 20684: 71117, 20688: 67720, 20689: 54448, 20690: 66626, 20692: 849, 20693: 58543, 20694: 66626, 20695: 75421, 20696: 1161, 20697: 46793, 20698: 62344, 20699: 1161, 20700: 50588, 20701: 63756, 20702: 88486, 20703: 913, 20704: 63756, 20705: 50588, 20706: 63099, 20707: 913, 20708: 1113, 20709: 1161, 20710: 0, 20711: 1543, 20712: 0, 20713: 75453, 20714: 52945, 20715: 46494, 20716: 1012, 20717: 85669, 20719: 57455, 20720: 48266, 20721: 46793, 20722: 728, 20723: 1084, 20724: 80479, 20725: 58543, 20726: 0, 20727: 62344, 20729: 1084, 20730: 226, 20731: 69985, 20732: 57639, 20734: 57290, 20735: 61726, 20736: 72051, 20737: 182, 20739: 65877, 20740: 68173, 20741: 83288, 20742: 57070, 20743: 75453, 20744: 57290, 20746: 85669, 20747: 1154, 20748: 75453, 20749: 62344, 20750: 1107, 20751: 85710, 20752: 46494, 20754: 449, 20757: 46793, 20758: 1161, 20759: 58096, 20761: 1391, 20762: 70373, 20763: 1482, 20764: 63099, 20765: 75453, 20766: 1084, 20768: 184, 20769: 1107, 20770: 77145, 20773: 75379, 20774: 57290, 20775: 849, 20777: 69242, 20778: 1223, 20779: 57639, 20781: 728, 20782: 146, 20784: 146, 20785: 64790, 20786: 146, 20789: 683, 20790: 58543, 20791: 57455, 20792: 1291, 20793: 57455, 20794: 70373, 20795: 1585, 20796: 184, 20797: 2048, 20798: 13699, 20799: 70373, 20800: 1084, 20802: 805, 20803: 57455, 20804: 35245, 20805: 2048, 20806: 1391, 20807: 59008, 20808: 85687, 20809: 49332, 20810: 63099, 20811: 1347, 20813: 46793, 20814: 1482, 20815: 82067, 20816: 1182, 20817: 85687, 20818: 1167, 20819: 1543, 20820: 78631, 20821: 1116, 20822: 57070, 20823: 44206, 20824: 49332, 20825: 1399, 20826: 85710, 20827: 85687, 20828: 78631, 20829: 46494, 20831: 72051, 20832: 1161, 20833: 82085, 20834: 86055, 20835: 85710, 20836: 765, 20837: 49332, 20838: 78631, 20840: 1294, 20841: 58096, 20842: 61726, 20843: 1543, 20844: 57257, 20845: 75379, 20846: 226, 20850: 87001, 20852: 65341, 20853: 85710, 20854: 805, 20856: 0, 20858: 57070, 20859: 82070, 20860: 82070, 20861: 63882, 20862: 63882, 20863: 63882, 20864: 395, 20872: 953, 20873: 395, 20874: 184, 20875: 64727, 20876: 522, 20877: 83288, 20881: 1391, 20883: 57417, 20884: 57972, 20885: 70500, 20886: 1391, 20887: 1167, 20888: 65877, 20889: 44206, 20890: 57639, 20891: 64727, 20892: 72039, 20894: 85710, 20895: 63756, 20897: 226, 20900: 75453, 20901: 1288, 20902: 72039, 20904: 75453, 20905: 46494, 20906: 85669, 20907: 63270, 20909: 65877, 20910: 44206, 20911: 71117, 20913: 182, 20916: 765, 20917: 82070, 20918: 57290, 20919: 63882, 20921: 86055, 20922: 84328, 20923: 449, 20925: 1294, 20926: 52945, 20928: 1300, 20929: 63756, 20930: 61726, 20931: 48266, 20932: 1193, 20933: 69985, 20934: 1193, 20935: 84328, 20936: 52945, 20937: 67720, 20938: 1193, 20939: 82080, 20940: 64790, 20941: 87001, 20942: 1399, 20943: 72051, 20944: 75379, 20948: 57972, 20949: 1193, 20950: 82070, 20951: 70500, 20953: 69995, 20954: 743, 20955: 1107, 20956: 1347, 20958: 65161, 20959: 65877, 20960: 146, 20961: 1502, 20962: 65941, 20963: 54448, 20964: 72039, 20965: 1300, 20966: 0, 20967: 1012, 20968: 0, 20969: 64790, 20970: 87001, 20971: 1399, 20973: 63756, 20974: 0, 20975: 1167, 20977: 57639, 20978: 1012, 20979: 0, 20980: 51797, 20981: 1347, 20982: 65877, 20983: 1054, 20985: 65877, 20986: 70500, 20987: 59008, 20988: 85710, 20990: 1502, 20992: 57309, 20993: 57972, 20995: 57972, 20997: 83288, 20998: 82070, 20999: 83288, 21000: 63882, 21001: 68650, 21002: 44206, 21003: 72039, 21005: 83288, 21006: 85646, 21007: 1223, 21008: 61726, 21009: 57972, 21011: 72039, 21012: 84328, 21013: 395, 21014: 0, 21015: 63270, 21016: 91053, 21017: 1223, 21018: 44206, 21019: 1193, 21020: 69990, 21021: 1391, 21022: 57639, 21023: 1167, 21028: 86055, 21030: 85700, 21032: 57070, 21033: 67720, 21034: 85710, 21035: 728, 21036: 75958, 21037: 57417, 21038: 1457, 21039: 1399, 21041: 51797, 21043: 1543, 21045: 57309, 21047: 54448, 21050: 190, 21053: 1294, 21055: 57381, 21056: 82080, 21057: 449, 21058: 85669, 21059: 395, 21060: 449, 21061: 1259, 21062: 449, 21063: 57290, 21064: 1347, 21065: 48922, 21066: 68173, 21067: 78645, 21068: 73383, 21069: 73383, 21070: 1288, 21072: 0, 21073: 1167, 21074: 1617, 21075: 78645, 21077: 1540, 21084: 35259, 21085: 56939, 21086: 89226, 21087: 88653, 21091: 78631, 21092: 1161, 21093: 57417, 21096: 2114, 21097: 2076, 21098: 1300, 21099: 2114, 21100: 89226, 21101: 80140, 21102: 57649, 21103: 1116, 21104: 52945, 21105: 89226, 21106: 80140, 21107: 57972, 21108: 80140, 21109: 53429, 21110: 90942, 21112: 1540, 21113: 2346, 21115: 2346, 21116: 2346, 21117: 89226, 21118: 78631, 21119: 53429, 21120: 56939, 21121: 74355, 21123: 57649, 21124: 87984, 21125: 89226, 21126: 2114, 21127: 56939, 21128: 57649, 21129: 2114, 21130: 53429, 21132: 74355, 21133: 90998, 21134: 2114, 21135: 89226, 21136: 74355, 21138: 53429, 21139: 88653, 21140: 53429, 21141: 80140, 21142: 2114, 21143: 74355, 21144: 2114, 21145: 56939, 21146: 89226, 21147: 80140, 21148: 2114, 21149: 86213, 21150: 86213, 21151: 80140, 21153: 2076, 21154: 146, 21155: 80140, 21156: 56939, 21157: 1223, 21159: 57649, 21163: 0, 21164: 56939, 21165: 2346, 21166: 86213, 21167: 2076, 21168: 2076, 21170: 2076, 21171: 87984, 21172: 2346, 21173: 86157, 21174: 57649, 21175: 57417, 21176: 87984, 21177: 86157, 21178: 56939, 21179: 87984, 21180: 87984, 21181: 90998, 21182: 0, 21184: 86157, 21185: 0, 21186: 80140, 21187: 0, 21188: 0, 21189: 0, 21190: 64790, 21191: 184, 21192: 59008, 21193: 85700, 21194: 0, 21195: 395, 21196: 58096, 21197: 2114, 21198: 57649, 21199: 87984, 21203: 80140, 21205: 2114, 21206: 86213, 21208: 90998, 21209: 89226, 21223: 1259, 21226: 805, 21227: 728, 21228: 72051, 21229: 519, 21230: 57290, 21231: 519, 21232: 57381, 21233: 91896, 21234: 683, 21235: 69242, 21236: 1259, 21237: 69990, 21238: 71117, 21239: 1014, 21240: 1543, 21241: 519, 21244: 1585, 21249: 1012, 21262: 57070, 21265: 57257, 21271: 184, 21279: 64727, 21280: 91053, 21288: 1188, 21290: 63756, 21298: 63270, 21303: 51797, 21304: 88486, 21305: 1294, 21306: 1113, 21307: 1167, 21308: 88486, 21311: 765, 21312: 1357, 21313: 46494, 21314: 88486, 21315: 57417, 21316: 88486, 21317: 1347, 21318: 64790, 21319: 57455, 21322: 743, 21324: 395, 21325: 550, 21326: 78626, 21327: 805, 21328: 805, 21329: 46494, 21331: 87001, 21333: 226, 21334: 0, 21335: 1113, 21336: 1457, 21338: 1502, 21339: 35259, 21340: 1054, 21341: 0, 21344: 1300, 21345: 82070, 21346: 57309, 21348: 63099, 21349: 0, 21351: 1014, 21354: 78626, 21356: 70171, 21357: 0, 21358: 35245, 21363: 82085, 21366: 57309, 21369: 1540, 21370: 1294, 21378: 1259, 21384: 1188, 21398: 13828, 21445: 53429, 21446: 65877, 21447: 58096, 21448: 44206, 21450: 1014, 21454: 69242, 21455: 68173, 21460: 13699, 21462: 82080, 21463: 62344, 21465: 72039, 21468: 1347, 21470: 85669, 21474: 190, 21475: 1116, 21477: 75958, 21478: 1161, 21479: 1054, 21480: 519, 21481: 190, 21482: 849, 21483: 70373, 21484: 71117, 21487: 1188, 21488: 63270, 21489: 51797, 21490: 690, 21491: 1113, 21492: 85687, 21493: 50453, 21494: 342}",714.6712643678161,normal
640023.5572146676,Geração Inicial,1733628175.5254037,0,"{20331: 48266, 20332: 1489, 20333: 69990, 20334: 1347, 20335: 57455, 20336: 1583, 20337: 849, 20338: 849, 20339: 57257, 20340: 184, 20341: 765, 20342: 1391, 20343: 1182, 20344: 1182, 20345: 1482, 20346: 57257, 20347: 75421, 20348: 57309, 20349: 1347, 20350: 58096, 20351: 57309, 20352: 48266, 20353: 75421, 20354: 57257, 20355: 63099, 20356: 57309, 20357: 1347, 20358: 57455, 20359: 75421, 20360: 58096, 20361: 1294, 20362: 1347, 20363: 49332, 20364: 1084, 20365: 90927, 20366: 1391, 20367: 1617, 20368: 82085, 20369: 57309, 20370: 57070, 20371: 70342, 20372: 1347, 20373: 1291, 20378: 1489, 20379: 57257, 20380: 1489, 20381: 686, 20383: 75421, 20384: 1482, 20385: 1412, 20386: 1583, 20387: 1583, 20388: 57257, 20389: 1482, 20392: 75453, 20393: 1182, 20394: 75453, 20395: 1489, 20396: 57290, 20397: 849, 20398: 58096, 20399: 1188, 20400: 1291, 20401: 1182, 20402: 765, 20403: 1482, 20404: 57381, 20405: 71117, 20406: 683, 20407: 805, 20408: 1107, 20409: 82080, 20410: 1014, 20411: 57290, 20412: 46793, 20413: 82085, 20414: 1014, 20415: 69990, 20416: 70342, 20417: 57381, 20418: 1543, 20419: 743, 20421: 46793, 20422: 849, 20423: 82080, 20427: 48922, 20428: 1014, 20429: 57290, 20432: 44206, 20433: 46494, 20434: 72051, 20436: 69242, 20437: 57290, 20438: 69990, 20439: 78645, 20440: 728, 20441: 743, 20442: 46494, 20443: 1014, 20444: 82080, 20445: 1107, 20446: 69990, 20447: 1259, 20449: 80479, 20450: 913, 20451: 75379, 20452: 80479, 20453: 1161, 20454: 57455, 20455: 52945, 20456: 913, 20457: 1012, 20458: 50588, 20459: 1585, 20460: 70342, 20461: 52945, 20462: 67720, 20463: 1084, 20465: 58096, 20466: 70342, 20467: 1294, 20468: 69990, 20469: 73383, 20471: 73383, 20472: 69242, 20473: 522, 20475: 44206, 20476: 1585, 20481: 1288, 20482: 63270, 20484: 913, 20485: 63270, 20486: 70342, 20487: 44206, 20488: 57290, 20489: 519, 20490: 690, 20491: 69242, 20492: 1014, 20493: 522, 20494: 67720, 20495: 69990, 20496: 69242, 20497: 70342, 20499: 1457, 20501: 35259, 20503: 62344, 20504: 35259, 20505: 78631, 20506: 57639, 20507: 1502, 20508: 54448, 20509: 50588, 20510: 54448, 20511: 75379, 20512: 913, 20513: 1291, 20514: 85710, 20515: 54448, 20517: 52945, 20518: 226, 20519: 75379, 20520: 75379, 20521: 51797, 20522: 52945, 20523: 67720, 20524: 1288, 20525: 743, 20527: 71117, 20528: 1585, 20530: 1107, 20531: 59008, 20532: 70342, 20533: 13699, 20534: 51797, 20535: 70342, 20536: 71117, 20537: 449, 20538: 91896, 20539: 743, 20540: 59008, 20541: 35259, 20542: 91896, 20543: 67720, 20544: 48922, 20545: 75958, 20546: 44206, 20547: 1288, 20549: 63270, 20550: 35245, 20552: 1543, 20553: 690, 20554: 728, 20555: 63756, 20556: 190, 20557: 78631, 20558: 78631, 20559: 1502, 20560: 44206, 20561: 85669, 20563: 1457, 20564: 75453, 20565: 62344, 20567: 44206, 20569: 35245, 20570: 75958, 20571: 1347, 20572: 690, 20573: 1014, 20574: 70342, 20575: 69985, 20576: 67720, 20577: 48922, 20578: 690, 20579: 1014, 20580: 69985, 20581: 35259, 20582: 690, 20583: 1347, 20584: 91896, 20585: 75379, 20587: 63270, 20588: 63270, 20589: 35245, 20590: 1543, 20591: 1288, 20592: 82080, 20593: 69985, 20594: 69990, 20595: 182, 20596: 805, 20597: 1188, 20599: 1585, 20600: 226, 20601: 63270, 20602: 35245, 20605: 35245, 20606: 52945, 20607: 66626, 20608: 1543, 20609: 50588, 20610: 69990, 20611: 953, 20612: 953, 20613: 1457, 20614: 69995, 20615: 1107, 20616: 1182, 20617: 85710, 20618: 1054, 20619: 1054, 20620: 1457, 20621: 1116, 20622: 57309, 20624: 686, 20625: 75453, 20626: 71117, 20628: 849, 20630: 1161, 20631: 683, 20633: 57381, 20634: 82080, 20635: 1583, 20636: 50588, 20637: 1391, 20638: 1457, 20639: 52945, 20640: 58096, 20641: 953, 20642: 57639, 20643: 62344, 20645: 1193, 20646: 52945, 20647: 1391, 20648: 686, 20650: 686, 20651: 953, 20652: 1193, 20653: 57639, 20654: 85669, 20655: 63099, 20656: 51797, 20659: 50588, 20661: 1161, 20662: 70373, 20663: 913, 20669: 1585, 20670: 35259, 20671: 75379, 20672: 35259, 20673: 65877, 20675: 1540, 20676: 57309, 20677: 61726, 20678: 65877, 20680: 67720, 20681: 44206, 20684: 1502, 20688: 68173, 20689: 1585, 20690: 1173, 20692: 69242, 20693: 85669, 20694: 64727, 20695: 849, 20696: 1173, 20697: 51797, 20698: 78631, 20699: 1173, 20700: 69995, 20701: 75379, 20702: 88486, 20703: 63756, 20704: 54448, 20705: 75379, 20706: 70373, 20707: 1585, 20708: 57972, 20709: 1161, 20710: 0, 20711: 1259, 20712: 52945, 20713: 1182, 20714: 52945, 20715: 1014, 20716: 70342, 20717: 1167, 20719: 80479, 20720: 1084, 20721: 913, 20722: 70342, 20723: 1182, 20724: 46793, 20725: 85669, 20726: 0, 20727: 1288, 20729: 1084, 20730: 71117, 20731: 69990, 20732: 1457, 20734: 449, 20735: 75453, 20736: 69985, 20737: 182, 20739: 61726, 20740: 1502, 20741: 83288, 20742: 686, 20743: 61726, 20744: 395, 20746: 190, 20747: 78631, 20748: 849, 20749: 1457, 20750: 62344, 20751: 1116, 20752: 46494, 20754: 1585, 20757: 913, 20758: 226, 20759: 953, 20761: 70373, 20762: 63099, 20763: 1482, 20764: 1617, 20765: 70373, 20766: 1391, 20768: 184, 20769: 519, 20770: 77145, 20773: 1300, 20774: 70500, 20775: 686, 20777: 57070, 20778: 64790, 20779: 69995, 20781: 91053, 20782: 395, 20784: 68650, 20785: 2048, 20786: 64790, 20789: 57290, 20790: 1540, 20791: 82085, 20792: 1617, 20793: 1457, 20794: 46793, 20795: 69242, 20796: 35245, 20797: 75421, 20798: 13699, 20799: 1482, 20800: 2048, 20802: 522, 20803: 2048, 20804: 48266, 20805: 2048, 20806: 58543, 20807: 57381, 20808: 82067, 20809: 1489, 20810: 686, 20811: 49332, 20813: 46793, 20814: 82085, 20815: 85687, 20816: 765, 20817: 82067, 20818: 44206, 20819: 728, 20820: 58543, 20821: 69990, 20822: 190, 20823: 743, 20824: 70500, 20825: 849, 20826: 1188, 20827: 69990, 20828: 395, 20829: 57381, 20831: 86055, 20832: 1107, 20833: 65341, 20834: 58543, 20835: 57070, 20836: 48266, 20837: 49332, 20838: 1167, 20840: 46793, 20841: 184, 20842: 1357, 20843: 1288, 20844: 1291, 20845: 65877, 20846: 226, 20850: 87001, 20852: 1391, 20853: 1300, 20854: 69242, 20856: 63099, 20858: 57070, 20859: 82070, 20860: 63882, 20861: 63882, 20862: 82070, 20863: 82070, 20864: 395, 20872: 953, 20873: 0, 20874: 0, 20875: 75453, 20876: 683, 20877: 65877, 20881: 91053, 20883: 67720, 20884: 83288, 20885: 70500, 20886: 57417, 20887: 69990, 20888: 63882, 20889: 728, 20890: 75379, 20891: 78631, 20892: 65877, 20894: 765, 20895: 65161, 20897: 849, 20900: 1167, 20901: 1223, 20902: 83288, 20904: 1347, 20905: 73383, 20906: 226, 20907: 65161, 20909: 0, 20910: 69242, 20911: 69995, 20913: 59008, 20916: 1182, 20917: 72039, 20918: 57290, 20919: 72039, 20921: 63099, 20922: 87001, 20923: 71117, 20925: 1294, 20926: 146, 20928: 85700, 20929: 51797, 20930: 0, 20931: 75453, 20932: 63099, 20933: 73383, 20934: 1193, 20935: 82070, 20936: 59008, 20937: 146, 20938: 1193, 20939: 1259, 20940: 51797, 20941: 87001, 20942: 64727, 20943: 72051, 20944: 54448, 20948: 83288, 20949: 1193, 20950: 72039, 20951: 63270, 20953: 1391, 20954: 68173, 20955: 1457, 20956: 69995, 20958: 65941, 20959: 57972, 20960: 1399, 20961: 63756, 20962: 58096, 20963: 64727, 20964: 57972, 20965: 146, 20966: 146, 20967: 1502, 20968: 1399, 20969: 1188, 20970: 57972, 20971: 57639, 20973: 1116, 20974: 44206, 20975: 69995, 20977: 1300, 20978: 63756, 20979: 54448, 20980: 85710, 20981: 85710, 20982: 72039, 20983: 1054, 20985: 57972, 20986: 69995, 20987: 63756, 20988: 1502, 20990: 1012, 20992: 91053, 20993: 83288, 20995: 85710, 20997: 57972, 20998: 63882, 20999: 65877, 21000: 82070, 21001: 1154, 21002: 75453, 21003: 65877, 21005: 72039, 21006: 1167, 21007: 68650, 21008: 1182, 21009: 83288, 21011: 63882, 21012: 84328, 21013: 64790, 21014: 83288, 21015: 146, 21016: 59008, 21017: 1193, 21018: 1193, 21019: 57639, 21020: 1014, 21021: 78631, 21022: 1188, 21023: 1543, 21028: 85700, 21030: 86055, 21032: 85710, 21033: 57417, 21034: 1188, 21035: 70500, 21036: 75958, 21037: 728, 21038: 91053, 21039: 54448, 21041: 63099, 21043: 1399, 21045: 67720, 21047: 86055, 21050: 75379, 21053: 0, 21055: 1502, 21056: 57381, 21057: 519, 21058: 58096, 21059: 519, 21060: 519, 21061: 683, 21062: 44206, 21063: 46494, 21064: 57381, 21065: 1543, 21066: 78645, 21067: 683, 21068: 48922, 21069: 46494, 21070: 1288, 21072: 0, 21073: 71117, 21074: 35259, 21075: 68173, 21077: 1540, 21084: 82080, 21085: 87984, 21086: 90942, 21087: 80140, 21091: 1012, 21092: 1357, 21093: 85646, 21096: 89226, 21097: 2076, 21098: 85700, 21099: 2114, 21100: 88653, 21101: 56939, 21102: 2076, 21103: 226, 21104: 75453, 21105: 74355, 21106: 2346, 21107: 73235, 21108: 56939, 21109: 2114, 21110: 90942, 21112: 78631, 21113: 88653, 21115: 2114, 21116: 89226, 21117: 80140, 21118: 85669, 21119: 57649, 21120: 87984, 21121: 2346, 21123: 74355, 21124: 2076, 21125: 57649, 21126: 53429, 21127: 2076, 21128: 53429, 21129: 53429, 21130: 2114, 21132: 74355, 21133: 87984, 21134: 57649, 21135: 57649, 21136: 57649, 21138: 74355, 21139: 56939, 21140: 57649, 21141: 80140, 21142: 53429, 21143: 2114, 21144: 2114, 21145: 74355, 21146: 89226, 21147: 2346, 21148: 53429, 21149: 87984, 21150: 80140, 21151: 86157, 21153: 2076, 21154: 146, 21155: 86213, 21156: 56939, 21157: 1223, 21159: 2346, 21163: 1188, 21164: 87984, 21165: 56939, 21166: 2346, 21167: 56939, 21168: 90998, 21170: 2114, 21171: 56939, 21172: 80140, 21173: 80140, 21174: 88653, 21175: 1223, 21176: 90998, 21177: 80140, 21178: 87984, 21179: 86157, 21180: 88653, 21181: 87984, 21182: 2076, 21184: 86213, 21185: 86213, 21186: 86157, 21187: 0, 21188: 57417, 21189: 0, 21190: 57309, 21191: 184, 21192: 52945, 21193: 65161, 21194: 0, 21195: 1543, 21196: 1347, 21197: 74355, 21198: 2114, 21199: 53429, 21203: 90998, 21205: 88653, 21206: 86213, 21208: 90998, 21209: 89226, 21223: 1502, 21226: 1617, 21227: 91896, 21228: 1543, 21229: 449, 21230: 44206, 21231: 395, 21232: 1502, 21233: 57381, 21234: 182, 21235: 46494, 21236: 1107, 21237: 1107, 21238: 0, 21239: 805, 21240: 35259, 21241: 1502, 21244: 1161, 21249: 80479, 21262: 57070, 21265: 1412, 21271: 51797, 21279: 70500, 21280: 75379, 21288: 1457, 21290: 72051, 21298: 85646, 21303: 728, 21304: 1457, 21305: 46494, 21306: 71117, 21307: 64790, 21308: 1357, 21311: 1294, 21312: 1347, 21313: 1113, 21314: 765, 21315: 57417, 21316: 1357, 21317: 1347, 21318: 1167, 21319: 51797, 21322: 1502, 21324: 550, 21325: 78626, 21326: 1502, 21327: 78626, 21328: 78626, 21329: 519, 21331: 72039, 21333: 226, 21334: 57455, 21335: 85669, 21336: 1540, 21338: 1054, 21339: 1107, 21340: 1294, 21341: 1294, 21344: 69995, 21345: 72039, 21346: 64727, 21348: 1193, 21349: 0, 21351: 1259, 21354: 13828, 21356: 65341, 21357: 64727, 21358: 226, 21363: 184, 21366: 65941, 21369: 1540, 21370: 1540, 21378: 449, 21384: 69242, 21398: 13828, 21445: 74355, 21446: 83288, 21447: 58096, 21448: 1617, 21450: 44206, 21454: 68173, 21455: 78645, 21460: 13699, 21462: 82080, 21463: 57639, 21465: 0, 21468: 1391, 21470: 1113, 21474: 78631, 21475: 1012, 21477: 75958, 21478: 1357, 21479: 1502, 21480: 805, 21481: 1182, 21482: 85687, 21483: 0, 21484: 1540, 21487: 65161, 21488: 1161, 21489: 91053, 21490: 805, 21491: 245, 21492: 85687, 21493: 50453, 21494: 342}",714.6712643678161,normal
632108.3712083322,Geração Inicial,1733628178.2853467,0,"{20331: 75421, 20332: 1489, 20333: 49332, 20334: 49332, 20335: 1489, 20336: 48266, 20337: 1291, 20338: 58096, 20339: 1291, 20340: 58096, 20341: 184, 20342: 1489, 20343: 849, 20344: 70342, 20345: 1084, 20346: 57257, 20347: 70373, 20348: 75453, 20349: 75421, 20350: 75421, 20351: 69242, 20352: 75453, 20353: 1347, 20354: 1084, 20355: 48266, 20356: 57309, 20357: 1084, 20358: 2048, 20359: 48266, 20360: 1182, 20361: 2048, 20362: 1617, 20363: 69990, 20364: 1291, 20365: 57309, 20366: 82085, 20367: 70171, 20368: 1391, 20369: 57309, 20370: 70373, 20371: 1347, 20372: 57070, 20373: 1412, 20378: 1182, 20379: 82085, 20380: 69242, 20381: 686, 20383: 1482, 20384: 57257, 20385: 68182, 20386: 1084, 20387: 13699, 20388: 57257, 20389: 1084, 20392: 46793, 20393: 1291, 20394: 51797, 20395: 46793, 20396: 683, 20397: 82085, 20398: 48266, 20399: 35259, 20400: 1482, 20401: 1182, 20402: 1617, 20403: 2048, 20404: 57381, 20405: 1347, 20406: 44206, 20407: 1617, 20408: 683, 20409: 449, 20410: 1502, 20411: 743, 20412: 35245, 20413: 49332, 20414: 395, 20415: 57455, 20416: 1014, 20417: 728, 20418: 1585, 20419: 67720, 20421: 849, 20422: 69990, 20423: 1585, 20427: 1014, 20428: 1259, 20429: 78645, 20432: 1259, 20433: 46494, 20434: 690, 20436: 44206, 20437: 78645, 20438: 48922, 20439: 57290, 20440: 46494, 20441: 1014, 20442: 743, 20443: 522, 20444: 59008, 20445: 182, 20446: 1502, 20447: 1107, 20449: 52945, 20450: 70342, 20451: 80479, 20452: 1161, 20453: 46793, 20454: 57455, 20455: 913, 20456: 1585, 20457: 50588, 20458: 65161, 20459: 46793, 20460: 1012, 20461: 63270, 20462: 70500, 20463: 1412, 20465: 65341, 20466: 70342, 20467: 57070, 20468: 82080, 20469: 59008, 20471: 44206, 20472: 522, 20473: 805, 20475: 1259, 20476: 1585, 20481: 71117, 20482: 913, 20484: 80479, 20485: 75379, 20486: 54448, 20487: 82080, 20488: 67720, 20489: 35259, 20490: 690, 20491: 46494, 20492: 1259, 20493: 69242, 20494: 522, 20495: 78645, 20496: 57070, 20497: 226, 20499: 1357, 20501: 1054, 20503: 69995, 20504: 69995, 20505: 65877, 20506: 765, 20507: 1288, 20508: 54448, 20509: 226, 20510: 913, 20511: 85646, 20512: 54448, 20513: 1583, 20514: 1543, 20515: 52945, 20517: 54448, 20518: 226, 20519: 85646, 20520: 1585, 20521: 63756, 20522: 63756, 20523: 1014, 20524: 1543, 20525: 67720, 20527: 1585, 20528: 70342, 20530: 57381, 20531: 690, 20532: 1347, 20533: 1391, 20534: 35245, 20535: 75958, 20536: 48922, 20537: 71117, 20538: 69985, 20539: 1347, 20540: 59008, 20541: 91896, 20542: 449, 20543: 68173, 20544: 48922, 20545: 743, 20546: 1014, 20547: 57290, 20549: 52945, 20550: 913, 20552: 1347, 20553: 1288, 20554: 1617, 20555: 83288, 20556: 46494, 20557: 58096, 20558: 57070, 20559: 1167, 20560: 1116, 20561: 65877, 20563: 75379, 20564: 69990, 20565: 849, 20567: 57070, 20569: 63756, 20570: 68173, 20571: 48922, 20572: 1014, 20573: 75958, 20574: 75958, 20575: 1288, 20576: 70342, 20577: 67720, 20578: 69990, 20579: 728, 20580: 35259, 20581: 59008, 20582: 690, 20583: 68173, 20584: 69990, 20585: 57639, 20587: 35245, 20588: 52945, 20589: 35245, 20590: 1585, 20591: 395, 20592: 519, 20593: 69990, 20594: 48922, 20595: 1502, 20596: 743, 20597: 683, 20599: 63756, 20600: 52945, 20601: 913, 20602: 35245, 20605: 35245, 20606: 1173, 20607: 54448, 20608: 57417, 20609: 1585, 20610: 68182, 20611: 85669, 20612: 85669, 20613: 1107, 20614: 1288, 20615: 71117, 20616: 57309, 20617: 85710, 20618: 1540, 20619: 953, 20620: 85710, 20621: 226, 20622: 61726, 20624: 85710, 20625: 69990, 20626: 1182, 20628: 61726, 20630: 64727, 20631: 395, 20633: 69990, 20634: 1259, 20635: 1482, 20636: 1161, 20637: 13699, 20638: 1300, 20639: 57639, 20640: 62344, 20641: 1193, 20642: 58096, 20643: 52945, 20645: 1391, 20646: 953, 20647: 62344, 20648: 52945, 20650: 686, 20651: 62344, 20652: 1193, 20653: 686, 20654: 85669, 20655: 13699, 20656: 75453, 20659: 66626, 20661: 63756, 20662: 849, 20663: 913, 20669: 91896, 20670: 73235, 20671: 57639, 20672: 62344, 20673: 57639, 20675: 78631, 20676: 65877, 20677: 65877, 20678: 75453, 20680: 71117, 20681: 1107, 20684: 44206, 20688: 805, 20689: 66626, 20690: 54448, 20692: 75453, 20693: 62344, 20694: 1585, 20695: 57257, 20696: 54448, 20697: 46793, 20698: 78631, 20699: 75379, 20700: 50588, 20701: 64727, 20702: 1054, 20703: 1173, 20704: 66626, 20705: 64727, 20706: 69990, 20707: 913, 20708: 1161, 20709: 1161, 20710: 1161, 20711: 1014, 20712: 0, 20713: 70342, 20714: 52945, 20715: 728, 20716: 70342, 20717: 78631, 20719: 50588, 20720: 63099, 20721: 46793, 20722: 805, 20723: 69242, 20724: 80479, 20725: 57639, 20726: 0, 20727: 65877, 20729: 1294, 20730: 1357, 20731: 48922, 20732: 1502, 20734: 805, 20735: 1540, 20736: 1188, 20737: 72051, 20739: 1540, 20740: 1259, 20741: 1347, 20742: 1391, 20743: 1457, 20744: 68650, 20746: 85687, 20747: 1223, 20748: 75379, 20749: 57070, 20750: 46494, 20751: 1502, 20752: 85687, 20754: 1585, 20757: 1012, 20758: 57455, 20759: 0, 20761: 63099, 20762: 1482, 20763: 1617, 20764: 63099, 20765: 70373, 20766: 70373, 20768: 184, 20769: 395, 20770: 77145, 20773: 63270, 20774: 1167, 20775: 57070, 20777: 57070, 20778: 146, 20779: 1223, 20781: 57290, 20782: 226, 20784: 146, 20785: 146, 20786: 57455, 20789: 1188, 20790: 58543, 20791: 849, 20792: 1347, 20793: 1543, 20794: 49332, 20795: 522, 20796: 2048, 20797: 70373, 20798: 69242, 20799: 2048, 20800: 75421, 20802: 91896, 20803: 63270, 20804: 146, 20805: 13699, 20806: 686, 20807: 1107, 20808: 85687, 20809: 57257, 20810: 686, 20811: 46793, 20813: 1347, 20814: 82085, 20815: 82067, 20816: 1489, 20817: 82067, 20818: 1357, 20819: 67720, 20820: 58543, 20821: 1391, 20822: 57070, 20823: 1107, 20824: 69995, 20825: 1182, 20826: 395, 20827: 1182, 20828: 85710, 20829: 69985, 20831: 58543, 20832: 75379, 20833: 75421, 20834: 72051, 20835: 1012, 20836: 765, 20837: 0, 20838: 61726, 20840: 184, 20841: 75421, 20842: 85710, 20843: 1457, 20844: 1294, 20845: 61726, 20846: 1288, 20850: 83288, 20852: 90927, 20853: 1167, 20854: 743, 20856: 0, 20858: 57070, 20859: 82070, 20860: 63882, 20861: 63882, 20862: 82070, 20863: 82070, 20864: 35245, 20872: 953, 20873: 226, 20874: 0, 20875: 75453, 20876: 73383, 20877: 83288, 20881: 57417, 20883: 59008, 20884: 83288, 20885: 64727, 20886: 59008, 20887: 765, 20888: 83288, 20889: 46494, 20890: 64727, 20891: 75379, 20892: 65877, 20894: 1167, 20895: 70500, 20897: 226, 20900: 1182, 20901: 57455, 20902: 82070, 20904: 85700, 20905: 1502, 20906: 686, 20907: 91053, 20909: 0, 20910: 182, 20911: 65877, 20913: 72051, 20916: 765, 20917: 63882, 20918: 805, 20919: 82070, 20921: 63099, 20922: 87001, 20923: 449, 20925: 1294, 20926: 63756, 20928: 91053, 20929: 85710, 20930: 0, 20931: 65941, 20932: 75453, 20933: 728, 20934: 1193, 20935: 84328, 20936: 85700, 20937: 64790, 20938: 1193, 20939: 1502, 20940: 51797, 20941: 72039, 20942: 1399, 20943: 69985, 20944: 75379, 20948: 57972, 20949: 728, 20950: 63882, 20951: 51797, 20953: 75453, 20954: 69985, 20955: 1107, 20956: 1288, 20958: 146, 20959: 72039, 20960: 1193, 20961: 57972, 20962: 1193, 20963: 69995, 20964: 87001, 20965: 44206, 20966: 67720, 20967: 1502, 20968: 63756, 20969: 58543, 20970: 72039, 20971: 1399, 20973: 1116, 20974: 64790, 20975: 1154, 20977: 1399, 20978: 1012, 20979: 0, 20980: 64727, 20981: 1223, 20982: 87001, 20983: 1502, 20985: 87001, 20986: 57639, 20987: 63756, 20988: 1116, 20990: 1054, 20992: 35245, 20993: 83288, 20995: 1054, 20997: 57972, 20998: 63882, 20999: 72039, 21000: 82070, 21001: 67720, 21002: 58096, 21003: 87001, 21005: 83288, 21006: 1188, 21007: 184, 21008: 226, 21009: 83288, 21011: 84328, 21012: 63882, 21013: 1543, 21014: 65877, 21015: 59008, 21016: 48266, 21017: 65941, 21018: 58543, 21019: 59008, 21020: 35259, 21021: 72051, 21022: 2048, 21023: 57070, 21028: 86055, 21030: 85700, 21032: 1457, 21033: 57417, 21034: 1288, 21035: 91053, 21036: 35259, 21037: 1399, 21038: 57290, 21039: 64790, 21041: 63756, 21043: 75379, 21045: 1193, 21047: 52945, 21050: 57639, 21053: 1294, 21055: 57381, 21056: 82080, 21057: 449, 21058: 1391, 21059: 519, 21060: 1107, 21061: 78645, 21062: 1107, 21063: 68173, 21064: 1188, 21065: 72051, 21066: 1543, 21067: 70342, 21068: 69985, 21069: 728, 21070: 69990, 21072: 0, 21073: 1288, 21074: 35259, 21075: 78645, 21077: 1540, 21084: 1617, 21085: 87984, 21086: 80140, 21087: 2346, 21091: 1502, 21092: 44206, 21093: 2048, 21096: 2114, 21097: 80140, 21098: 63099, 21099: 2114, 21100: 2076, 21101: 53429, 21102: 88653, 21103: 1116, 21104: 85700, 21105: 56939, 21106: 2076, 21107: 62344, 21108: 2346, 21109: 89226, 21110: 80140, 21112: 73235, 21113: 74355, 21115: 57649, 21116: 56939, 21117: 2346, 21118: 75379, 21119: 2076, 21120: 86213, 21121: 80140, 21123: 88653, 21124: 86213, 21125: 2114, 21126: 74355, 21127: 56939, 21128: 74355, 21129: 53429, 21130: 57649, 21132: 2114, 21133: 87984, 21134: 53429, 21135: 2346, 21136: 57649, 21138: 53429, 21139: 89226, 21140: 57649, 21141: 86213, 21142: 88653, 21143: 74355, 21144: 2114, 21145: 57649, 21146: 89226, 21147: 2114, 21148: 57649, 21149: 80140, 21150: 86157, 21151: 87984, 21153: 2346, 21154: 146, 21155: 80140, 21156: 86157, 21157: 1223, 21159: 89226, 21163: 1188, 21164: 86213, 21165: 86213, 21166: 90998, 21167: 56939, 21168: 56939, 21170: 88653, 21171: 2076, 21172: 88653, 21173: 86213, 21174: 87984, 21175: 57417, 21176: 57649, 21177: 80140, 21178: 56939, 21179: 53429, 21180: 88653, 21181: 57649, 21182: 53429, 21184: 2076, 21185: 2076, 21186: 2076, 21187: 0, 21188: 0, 21189: 0, 21190: 57309, 21191: 184, 21192: 70500, 21193: 85700, 21194: 0, 21195: 69995, 21196: 69990, 21197: 53429, 21198: 2114, 21199: 86213, 21203: 88653, 21205: 53429, 21206: 90998, 21208: 87984, 21209: 90942, 21223: 728, 21226: 69990, 21227: 75958, 21228: 68173, 21229: 395, 21230: 48922, 21231: 519, 21232: 683, 21233: 78645, 21234: 1259, 21235: 57381, 21236: 57290, 21237: 1543, 21238: 71117, 21239: 73383, 21240: 71117, 21241: 743, 21244: 50588, 21249: 1012, 21262: 75453, 21265: 1482, 21271: 65941, 21279: 78631, 21280: 57309, 21288: 63756, 21290: 70500, 21298: 78631, 21303: 64790, 21304: 1457, 21305: 1107, 21306: 1294, 21307: 57455, 21308: 1357, 21311: 1357, 21312: 85669, 21313: 1357, 21314: 765, 21315: 64790, 21316: 1113, 21317: 1457, 21318: 1347, 21319: 51797, 21322: 73383, 21324: 395, 21325: 805, 21326: 71117, 21327: 35259, 21328: 46494, 21329: 46494, 21331: 57972, 21333: 57455, 21334: 51797, 21335: 1113, 21336: 1167, 21338: 1054, 21339: 226, 21340: 1054, 21341: 1294, 21344: 1543, 21345: 0, 21346: 59008, 21348: 63099, 21349: 184, 21351: 1259, 21354: 550, 21356: 90927, 21357: 85646, 21358: 1457, 21363: 82085, 21366: 85700, 21369: 71117, 21370: 765, 21378: 1014, 21384: 1543, 21398: 805, 21445: 74355, 21446: 57639, 21447: 686, 21448: 690, 21450: 48922, 21454: 57290, 21455: 0, 21460: 0, 21462: 1585, 21463: 75379, 21465: 0, 21468: 686, 21470: 1502, 21474: 1457, 21475: 85710, 21477: 0, 21478: 1399, 21479: 1347, 21480: 13828, 21481: 1357, 21482: 58096, 21483: 0, 21484: 849, 21487: 0, 21488: 65161, 21489: 51797, 21490: 82080, 21491: 245, 21492: 85710, 21493: 342, 21494: 50453}",714.6712643678161,normal
628006.628296332,Geração Inicial,1733628180.8529787,0,"{20331: 184, 20332: 58096, 20333: 57455, 20334: 1084, 20335: 70342, 20336: 57257, 20337: 1294, 20338: 49332, 20339: 48266, 20340: 57070, 20341: 1489, 20342: 849, 20343: 1347, 20344: 1347, 20345: 1412, 20346: 1291, 20347: 69242, 20348: 51797, 20349: 75453, 20350: 57309, 20351: 1084, 20352: 184, 20353: 70342, 20354: 184, 20355: 184, 20356: 849, 20357: 57309, 20358: 765, 20359: 82085, 20360: 1489, 20361: 69990, 20362: 1347, 20363: 1482, 20364: 1291, 20365: 77145, 20366: 90927, 20367: 1391, 20368: 65341, 20369: 70171, 20370: 48266, 20371: 57070, 20372: 70342, 20373: 57257, 20378: 2048, 20379: 1489, 20380: 849, 20381: 2048, 20383: 75421, 20384: 13699, 20385: 1482, 20386: 63099, 20387: 13699, 20388: 686, 20389: 70373, 20392: 51797, 20393: 1291, 20394: 75453, 20395: 57455, 20396: 68173, 20397: 1412, 20398: 82085, 20399: 69990, 20400: 1583, 20401: 1347, 20402: 1347, 20403: 65341, 20404: 449, 20405: 44206, 20406: 1502, 20407: 1543, 20408: 1188, 20409: 1502, 20410: 395, 20411: 1502, 20412: 1012, 20413: 849, 20414: 67720, 20415: 519, 20416: 67720, 20417: 82080, 20418: 805, 20419: 743, 20421: 75421, 20422: 1347, 20423: 1585, 20427: 1188, 20428: 46494, 20429: 1259, 20432: 69990, 20433: 69990, 20434: 73383, 20436: 1585, 20437: 1107, 20438: 1502, 20439: 57381, 20440: 69985, 20441: 743, 20442: 78645, 20443: 13828, 20444: 72051, 20445: 71117, 20446: 690, 20447: 13828, 20449: 50588, 20450: 35245, 20451: 1585, 20452: 80479, 20453: 226, 20454: 52945, 20455: 54448, 20456: 35245, 20457: 63270, 20458: 51797, 20459: 51797, 20460: 63270, 20461: 1161, 20462: 67720, 20463: 58096, 20465: 69990, 20466: 913, 20467: 49332, 20468: 1347, 20469: 59008, 20471: 69985, 20472: 69242, 20473: 182, 20475: 1259, 20476: 46494, 20481: 57381, 20482: 1585, 20484: 52945, 20485: 50588, 20486: 52945, 20487: 71117, 20488: 1502, 20489: 35259, 20490: 395, 20491: 44206, 20492: 1188, 20493: 522, 20494: 69990, 20495: 1259, 20496: 75453, 20497: 35245, 20499: 1294, 20501: 1161, 20503: 69995, 20504: 1012, 20505: 226, 20506: 57639, 20507: 85710, 20508: 69995, 20509: 54448, 20510: 913, 20511: 64727, 20512: 54448, 20513: 1084, 20514: 1288, 20515: 0, 20517: 75379, 20518: 57455, 20519: 1012, 20520: 52945, 20521: 1161, 20522: 75379, 20523: 71117, 20524: 683, 20525: 70342, 20527: 1188, 20528: 1259, 20530: 1347, 20531: 1014, 20532: 57381, 20533: 70373, 20534: 63270, 20535: 1288, 20536: 48922, 20537: 68173, 20538: 70342, 20539: 1585, 20540: 75958, 20541: 48922, 20542: 44206, 20543: 69985, 20544: 1288, 20545: 1014, 20546: 59008, 20547: 63270, 20549: 75379, 20550: 46793, 20552: 743, 20553: 44206, 20554: 519, 20555: 75453, 20556: 62344, 20557: 1182, 20558: 190, 20559: 1161, 20560: 1502, 20561: 57639, 20563: 85669, 20564: 1540, 20565: 1357, 20567: 1167, 20569: 46793, 20570: 1347, 20571: 1014, 20572: 91896, 20573: 690, 20574: 728, 20575: 67720, 20576: 75958, 20577: 35259, 20578: 728, 20579: 68173, 20580: 1617, 20581: 69990, 20582: 91896, 20583: 69985, 20584: 71117, 20585: 57639, 20587: 46793, 20588: 52945, 20589: 63756, 20590: 519, 20591: 82080, 20592: 683, 20593: 1014, 20594: 73383, 20595: 71117, 20596: 71117, 20597: 805, 20599: 51797, 20600: 54448, 20601: 85646, 20602: 226, 20605: 0, 20606: 50588, 20607: 70342, 20608: 49332, 20609: 1173, 20610: 1084, 20611: 1182, 20612: 1457, 20613: 85710, 20614: 85710, 20615: 1288, 20616: 1116, 20617: 85710, 20618: 69995, 20619: 1116, 20620: 1182, 20621: 1054, 20622: 61726, 20624: 75453, 20625: 1107, 20626: 57309, 20628: 953, 20630: 1161, 20631: 67720, 20633: 1014, 20634: 182, 20635: 70373, 20636: 54448, 20637: 69990, 20638: 58543, 20639: 686, 20640: 85669, 20641: 58096, 20642: 1193, 20643: 1391, 20645: 57639, 20646: 953, 20647: 85669, 20648: 1391, 20650: 58096, 20651: 1391, 20652: 686, 20653: 686, 20654: 62344, 20655: 13699, 20656: 57309, 20659: 913, 20661: 50588, 20662: 70373, 20663: 63756, 20669: 82080, 20670: 73235, 20671: 73235, 20672: 78631, 20673: 61726, 20675: 57972, 20676: 65877, 20677: 62344, 20678: 75453, 20680: 68173, 20681: 1107, 20684: 1014, 20688: 35259, 20689: 50588, 20690: 1173, 20692: 1489, 20693: 85669, 20694: 63756, 20695: 51797, 20696: 1161, 20697: 46793, 20698: 58543, 20699: 52945, 20700: 54448, 20701: 1173, 20702: 226, 20703: 64727, 20704: 66626, 20705: 64727, 20706: 1182, 20707: 54448, 20708: 1182, 20709: 1161, 20710: 0, 20711: 82080, 20712: 52945, 20713: 1084, 20714: 52945, 20715: 690, 20716: 913, 20717: 62344, 20719: 50588, 20720: 70373, 20721: 46793, 20722: 46494, 20723: 48266, 20724: 80479, 20725: 85669, 20726: 0, 20727: 78631, 20729: 58096, 20730: 65877, 20731: 1014, 20732: 1012, 20734: 683, 20735: 57639, 20736: 59008, 20737: 13828, 20739: 1391, 20740: 1502, 20741: 62344, 20742: 58096, 20743: 1182, 20744: 91053, 20746: 85710, 20747: 1223, 20748: 1116, 20749: 1502, 20750: 1107, 20751: 849, 20752: 62344, 20754: 728, 20757: 1012, 20758: 57455, 20759: 0, 20761: 58096, 20762: 1084, 20763: 70373, 20764: 1482, 20765: 63099, 20766: 1617, 20768: 184, 20769: 395, 20770: 77145, 20773: 1300, 20774: 35245, 20775: 849, 20777: 2048, 20778: 57417, 20779: 75379, 20781: 728, 20782: 78631, 20784: 57290, 20785: 35245, 20786: 68650, 20789: 1543, 20790: 1540, 20791: 65341, 20792: 57257, 20793: 91053, 20794: 46793, 20795: 46494, 20796: 395, 20797: 75421, 20798: 2048, 20799: 69242, 20800: 70373, 20802: 82080, 20803: 58543, 20804: 1154, 20805: 1482, 20806: 686, 20807: 69242, 20808: 82067, 20809: 1182, 20810: 63099, 20811: 70342, 20813: 49332, 20814: 1294, 20815: 85687, 20816: 765, 20817: 85687, 20818: 1540, 20819: 683, 20820: 57639, 20821: 46494, 20822: 61726, 20823: 1014, 20824: 1399, 20825: 83288, 20826: 2048, 20827: 63756, 20828: 70500, 20829: 91896, 20831: 86055, 20832: 1391, 20833: 75421, 20834: 72051, 20835: 190, 20836: 1412, 20837: 49332, 20838: 58096, 20840: 1294, 20841: 57455, 20842: 1182, 20843: 1167, 20844: 1291, 20845: 1161, 20846: 57309, 20850: 72039, 20852: 1617, 20853: 1167, 20854: 70342, 20856: 0, 20858: 49332, 20859: 63882, 20860: 63882, 20861: 82070, 20862: 82070, 20863: 82070, 20864: 226, 20872: 953, 20873: 1457, 20874: 0, 20875: 59008, 20876: 13828, 20877: 82070, 20881: 91053, 20883: 67720, 20884: 82070, 20885: 85646, 20886: 57639, 20887: 1457, 20888: 82070, 20889: 57455, 20890: 57639, 20891: 57417, 20892: 72039, 20894: 57309, 20895: 64790, 20897: 1182, 20900: 1457, 20901: 728, 20902: 65877, 20904: 51797, 20905: 1107, 20906: 61726, 20907: 65161, 20909: 65877, 20910: 59008, 20911: 1116, 20913: 57381, 20916: 1107, 20917: 63882, 20918: 46494, 20919: 82070, 20921: 58543, 20922: 84328, 20923: 805, 20925: 1294, 20926: 72051, 20928: 59008, 20929: 63756, 20930: 0, 20931: 184, 20932: 146, 20933: 72051, 20934: 1193, 20935: 72039, 20936: 85700, 20937: 1399, 20938: 1193, 20939: 1288, 20940: 70500, 20941: 63882, 20942: 75453, 20943: 48922, 20944: 52945, 20948: 63882, 20949: 64727, 20950: 72039, 20951: 63099, 20953: 69995, 20954: 35259, 20955: 1116, 20956: 44206, 20958: 57639, 20959: 57972, 20960: 64790, 20961: 1012, 20962: 48266, 20963: 146, 20964: 72039, 20965: 44206, 20966: 146, 20967: 1054, 20968: 64790, 20969: 63270, 20970: 87001, 20971: 1193, 20973: 57972, 20974: 75379, 20975: 1543, 20977: 63270, 20978: 1502, 20979: 0, 20980: 51797, 20981: 1223, 20982: 57972, 20983: 1054, 20985: 87001, 20986: 1300, 20987: 63756, 20988: 63756, 20990: 1012, 20992: 1457, 20993: 83288, 20995: 63756, 20997: 87001, 20998: 63882, 20999: 83288, 21000: 82070, 21001: 184, 21002: 85669, 21003: 83288, 21005: 65877, 21006: 57290, 21007: 57309, 21008: 57309, 21009: 63882, 21011: 72039, 21012: 84328, 21013: 395, 21014: 65877, 21015: 75453, 21016: 67720, 21017: 58096, 21018: 65941, 21019: 85700, 21020: 69990, 21021: 75379, 21022: 1347, 21023: 1167, 21028: 85700, 21030: 86055, 21032: 57417, 21033: 1543, 21034: 48266, 21035: 1167, 21036: 68173, 21037: 1154, 21038: 1223, 21039: 54448, 21041: 67720, 21043: 63270, 21045: 85700, 21047: 86055, 21050: 85710, 21053: 1294, 21055: 82080, 21056: 1585, 21057: 449, 21058: 58096, 21059: 519, 21060: 519, 21061: 683, 21062: 1543, 21063: 78645, 21064: 72051, 21065: 46494, 21066: 683, 21067: 449, 21068: 743, 21069: 73383, 21070: 1288, 21072: 1107, 21073: 1457, 21074: 35259, 21075: 1188, 21077: 1193, 21084: 59008, 21085: 57649, 21086: 89226, 21087: 57649, 21091: 1116, 21092: 1161, 21093: 57417, 21096: 74355, 21097: 74355, 21098: 146, 21099: 90998, 21100: 2076, 21101: 2346, 21102: 2346, 21103: 1107, 21104: 64790, 21105: 80140, 21106: 2076, 21107: 35259, 21108: 56939, 21109: 2114, 21110: 89226, 21112: 1391, 21113: 2076, 21115: 57649, 21116: 89226, 21117: 88653, 21118: 62344, 21119: 2114, 21120: 86213, 21121: 88653, 21123: 2076, 21124: 80140, 21125: 74355, 21126: 2114, 21127: 89226, 21128: 2114, 21129: 53429, 21130: 57649, 21132: 53429, 21133: 87984, 21134: 2114, 21135: 88653, 21136: 53429, 21138: 74355, 21139: 88653, 21140: 74355, 21141: 86157, 21142: 53429, 21143: 2114, 21144: 2114, 21145: 74355, 21146: 89226, 21147: 74355, 21148: 56939, 21149: 87984, 21150: 86157, 21151: 2076, 21153: 88653, 21154: 1188, 21155: 80140, 21156: 80140, 21157: 44206, 21159: 89226, 21163: 146, 21164: 86157, 21165: 90998, 21166: 2114, 21167: 80140, 21168: 86213, 21170: 88653, 21171: 80140, 21172: 88653, 21173: 86157, 21174: 2346, 21175: 57417, 21176: 86213, 21177: 2076, 21178: 87984, 21179: 80140, 21180: 2346, 21181: 56939, 21182: 56939, 21184: 53429, 21185: 0, 21186: 86213, 21187: 0, 21188: 0, 21189: 0, 21190: 1457, 21191: 184, 21192: 70500, 21193: 1193, 21194: 0, 21195: 91053, 21196: 69990, 21197: 53429, 21198: 2114, 21199: 2076, 21203: 2076, 21205: 53429, 21206: 90998, 21208: 90998, 21209: 80140, 21223: 1107, 21226: 728, 21227: 449, 21228: 69990, 21229: 395, 21230: 1502, 21231: 449, 21232: 1107, 21233: 805, 21234: 78645, 21235: 182, 21236: 743, 21237: 71117, 21238: 1107, 21239: 73383, 21240: 57455, 21241: 690, 21244: 1161, 21249: 80479, 21262: 1489, 21265: 1412, 21271: 65161, 21279: 91053, 21280: 75453, 21288: 57070, 21290: 72051, 21298: 63270, 21303: 395, 21304: 1540, 21305: 226, 21306: 1347, 21307: 1347, 21308: 46494, 21311: 1357, 21312: 88486, 21313: 71117, 21314: 1540, 21315: 395, 21316: 88486, 21317: 226, 21318: 63756, 21319: 51797, 21322: 805, 21324: 57455, 21325: 78626, 21326: 550, 21327: 550, 21328: 57455, 21329: 519, 21331: 87001, 21333: 226, 21334: 57455, 21335: 765, 21336: 1113, 21338: 765, 21339: 71117, 21340: 1294, 21341: 765, 21344: 69995, 21345: 0, 21346: 70500, 21348: 1193, 21349: 0, 21351: 69990, 21354: 13828, 21356: 77145, 21357: 64727, 21358: 1457, 21363: 765, 21366: 58543, 21369: 1054, 21370: 1457, 21378: 72051, 21384: 57381, 21398: 13828, 21445: 57649, 21446: 65877, 21447: 44206, 21448: 1617, 21450: 1014, 21454: 72051, 21455: 1259, 21460: 69242, 21462: 1585, 21463: 65877, 21465: 0, 21468: 46494, 21470: 1294, 21474: 1399, 21475: 85710, 21477: 75958, 21478: 75379, 21479: 226, 21480: 805, 21481: 63756, 21482: 1161, 21483: 0, 21484: 953, 21487: 63756, 21488: 1585, 21489: 51797, 21490: 67720, 21491: 245, 21492: 78631, 21493: 342, 21494: 50453}",714.6712643678161,normal
638117.3018919987,Geração Inicial,1733628183.5746453,0,"{20331: 57070, 20332: 1182, 20333: 57309, 20334: 65341, 20335: 1412, 20336: 1412, 20337: 1084, 20338: 1482, 20339: 1617, 20340: 49332, 20341: 1583, 20342: 69242, 20343: 69990, 20344: 1182, 20345: 70342, 20346: 1583, 20347: 1084, 20348: 69242, 20349: 1291, 20350: 1291, 20351: 46793, 20352: 46793, 20353: 1084, 20354: 75421, 20355: 51797, 20356: 1412, 20357: 1291, 20358: 2048, 20359: 765, 20360: 48266, 20361: 1583, 20362: 1617, 20363: 1583, 20364: 65341, 20365: 65341, 20366: 90927, 20367: 57309, 20368: 82085, 20369: 70171, 20370: 49332, 20371: 70373, 20372: 48266, 20373: 57455, 20378: 49332, 20379: 48266, 20380: 69242, 20381: 849, 20383: 63099, 20384: 68182, 20385: 57257, 20386: 1412, 20387: 70373, 20388: 1482, 20389: 63099, 20392: 57309, 20393: 69242, 20394: 686, 20395: 1294, 20396: 67720, 20397: 57257, 20398: 58096, 20399: 1585, 20400: 75421, 20401: 48266, 20402: 184, 20403: 75421, 20404: 35259, 20405: 67720, 20406: 728, 20407: 44206, 20408: 71117, 20409: 683, 20410: 743, 20411: 683, 20412: 75379, 20413: 1347, 20414: 71117, 20415: 57381, 20416: 35259, 20417: 82080, 20418: 70342, 20419: 67720, 20421: 57070, 20422: 57257, 20423: 1502, 20427: 1188, 20428: 72051, 20429: 70342, 20432: 1347, 20433: 70342, 20434: 57290, 20436: 46494, 20437: 57290, 20438: 1347, 20439: 68173, 20440: 1014, 20441: 57290, 20442: 743, 20443: 13828, 20444: 91896, 20445: 683, 20446: 57381, 20447: 805, 20449: 35245, 20450: 50588, 20451: 57455, 20452: 75379, 20453: 69995, 20454: 63270, 20455: 913, 20456: 35245, 20457: 63270, 20458: 1585, 20459: 63756, 20460: 63756, 20461: 1161, 20462: 64790, 20463: 69990, 20465: 1294, 20466: 1012, 20467: 184, 20468: 1502, 20469: 182, 20471: 46494, 20472: 69985, 20473: 67720, 20475: 73383, 20476: 728, 20481: 1288, 20482: 52945, 20484: 63270, 20485: 913, 20486: 52945, 20487: 69990, 20488: 1259, 20489: 743, 20490: 1502, 20491: 71117, 20492: 72051, 20493: 46494, 20494: 1502, 20495: 690, 20496: 1182, 20497: 80479, 20499: 78631, 20501: 71117, 20503: 57639, 20504: 1347, 20505: 1347, 20506: 1502, 20507: 765, 20508: 913, 20509: 1161, 20510: 913, 20511: 85646, 20512: 52945, 20513: 68182, 20514: 68650, 20515: 70342, 20517: 52945, 20518: 57455, 20519: 63756, 20520: 46793, 20521: 46793, 20522: 1012, 20523: 1543, 20524: 71117, 20525: 1259, 20527: 70342, 20528: 519, 20530: 1014, 20531: 690, 20532: 1288, 20533: 1291, 20534: 63756, 20535: 69985, 20536: 1014, 20537: 48922, 20538: 68173, 20539: 91896, 20540: 67720, 20541: 70342, 20542: 69990, 20543: 68173, 20544: 35259, 20545: 69985, 20546: 690, 20547: 2048, 20549: 75379, 20550: 35245, 20552: 1288, 20553: 57290, 20554: 395, 20555: 1391, 20556: 57070, 20557: 44206, 20558: 85687, 20559: 686, 20560: 1357, 20561: 69990, 20563: 78631, 20564: 1502, 20565: 85710, 20567: 57070, 20569: 1585, 20570: 1288, 20571: 1585, 20572: 71117, 20573: 91896, 20574: 91896, 20575: 1288, 20576: 68173, 20577: 1347, 20578: 449, 20579: 67720, 20580: 70342, 20581: 743, 20582: 70342, 20583: 690, 20584: 44206, 20585: 1300, 20587: 52945, 20588: 63756, 20589: 1161, 20590: 1014, 20591: 82080, 20592: 57290, 20593: 805, 20594: 743, 20595: 805, 20596: 57381, 20597: 72051, 20599: 51797, 20600: 68650, 20601: 75379, 20602: 226, 20605: 35245, 20606: 1161, 20607: 66626, 20608: 1223, 20609: 75379, 20610: 1084, 20611: 226, 20612: 1288, 20613: 85669, 20614: 1116, 20615: 69995, 20616: 71117, 20617: 1540, 20618: 75453, 20619: 57309, 20620: 61726, 20621: 1540, 20622: 69995, 20624: 69995, 20625: 65877, 20626: 849, 20628: 1107, 20630: 1585, 20631: 728, 20633: 82080, 20634: 73383, 20635: 63099, 20636: 52945, 20637: 1583, 20638: 728, 20639: 58096, 20640: 58096, 20641: 57639, 20642: 62344, 20643: 57639, 20645: 1193, 20646: 1391, 20647: 686, 20648: 62344, 20650: 953, 20651: 686, 20652: 85669, 20653: 85669, 20654: 686, 20655: 68182, 20656: 69242, 20659: 1173, 20661: 66626, 20662: 69990, 20663: 913, 20669: 46494, 20670: 1540, 20671: 73235, 20672: 57639, 20673: 1391, 20675: 65877, 20676: 61726, 20677: 73235, 20678: 35259, 20680: 1107, 20681: 805, 20684: 70342, 20688: 1188, 20689: 69995, 20690: 1585, 20692: 57309, 20693: 1167, 20694: 913, 20695: 1347, 20696: 63756, 20697: 1489, 20698: 58096, 20699: 1173, 20700: 1161, 20701: 69995, 20702: 62344, 20703: 54448, 20704: 50588, 20705: 52945, 20706: 75453, 20707: 75379, 20708: 57309, 20709: 1161, 20710: 0, 20711: 35259, 20712: 52945, 20713: 849, 20714: 52945, 20715: 46494, 20716: 913, 20717: 58096, 20719: 63270, 20720: 75453, 20721: 1012, 20722: 728, 20723: 70373, 20724: 46793, 20725: 62344, 20726: 80479, 20727: 75379, 20729: 69990, 20730: 1054, 20731: 69985, 20732: 1457, 20734: 57290, 20735: 62344, 20736: 73383, 20737: 805, 20739: 75453, 20740: 1259, 20741: 75379, 20742: 85669, 20743: 83288, 20744: 1457, 20746: 85687, 20747: 1347, 20748: 1357, 20749: 1116, 20750: 1357, 20751: 1107, 20752: 61726, 20754: 46494, 20757: 50588, 20758: 57455, 20759: 1193, 20761: 1617, 20762: 1617, 20763: 0, 20764: 75453, 20765: 70373, 20766: 1482, 20768: 184, 20769: 519, 20770: 77145, 20773: 70500, 20774: 75379, 20775: 1489, 20777: 1391, 20778: 70500, 20779: 1457, 20781: 57070, 20782: 1154, 20784: 1288, 20785: 395, 20786: 68650, 20789: 44206, 20790: 58543, 20791: 2048, 20792: 57309, 20793: 1154, 20794: 57070, 20795: 182, 20796: 57070, 20797: 70373, 20798: 2048, 20799: 13699, 20800: 1482, 20802: 82080, 20803: 1543, 20804: 1399, 20805: 70373, 20806: 58543, 20807: 1107, 20808: 82067, 20809: 1182, 20810: 46793, 20811: 49332, 20813: 1347, 20814: 1482, 20815: 82067, 20816: 184, 20817: 85687, 20818: 85710, 20819: 690, 20820: 78631, 20821: 46494, 20822: 75379, 20823: 82080, 20824: 57455, 20825: 83288, 20826: 1188, 20827: 85710, 20828: 1399, 20829: 59008, 20831: 72051, 20832: 1357, 20833: 57257, 20834: 58543, 20835: 44206, 20836: 1182, 20837: 0, 20838: 78631, 20840: 57257, 20841: 765, 20842: 190, 20843: 1543, 20844: 82085, 20845: 190, 20846: 1167, 20850: 72039, 20852: 1391, 20853: 85710, 20854: 1014, 20856: 0, 20858: 48266, 20859: 82070, 20860: 63882, 20861: 63882, 20862: 82070, 20863: 82070, 20864: 395, 20872: 953, 20873: 35245, 20874: 184, 20875: 70500, 20876: 59008, 20877: 82070, 20881: 57417, 20883: 75379, 20884: 65877, 20885: 85646, 20886: 78631, 20887: 61726, 20888: 65877, 20889: 805, 20890: 57639, 20891: 64727, 20892: 65877, 20894: 1457, 20895: 1300, 20897: 71117, 20900: 61726, 20901: 75379, 20902: 72039, 20904: 184, 20905: 44206, 20906: 57309, 20907: 64790, 20909: 0, 20910: 67720, 20911: 69990, 20913: 522, 20916: 1457, 20917: 82070, 20918: 73383, 20919: 72039, 20921: 72051, 20922: 84328, 20923: 68173, 20925: 1294, 20926: 1188, 20928: 48266, 20929: 51797, 20930: 61726, 20931: 51797, 20932: 59008, 20933: 72051, 20934: 63099, 20935: 84328, 20936: 57639, 20937: 54448, 20938: 63099, 20939: 1107, 20940: 1347, 20941: 63882, 20942: 63756, 20943: 728, 20944: 1391, 20948: 57972, 20949: 64727, 20950: 72039, 20951: 1223, 20953: 59008, 20954: 1585, 20955: 1116, 20956: 1399, 20958: 65161, 20959: 57972, 20960: 146, 20961: 1502, 20962: 1223, 20963: 69995, 20964: 83288, 20965: 57639, 20966: 63099, 20967: 1054, 20968: 64727, 20969: 91053, 20970: 83288, 20971: 1193, 20973: 1054, 20974: 146, 20975: 1188, 20977: 78631, 20978: 57972, 20979: 64790, 20980: 64727, 20981: 67720, 20982: 83288, 20983: 1502, 20985: 87001, 20986: 91053, 20987: 59008, 20988: 85710, 20990: 63756, 20992: 64790, 20993: 87001, 20995: 1012, 20997: 83288, 20998: 82070, 20999: 83288, 21000: 63882, 21001: 1188, 21002: 1167, 21003: 57972, 21005: 72039, 21006: 57417, 21007: 54448, 21008: 953, 21009: 57972, 21011: 72039, 21012: 63882, 21013: 2048, 21014: 87001, 21015: 184, 21016: 65941, 21017: 58543, 21018: 85700, 21019: 75453, 21020: 1617, 21021: 63756, 21022: 2048, 21023: 1167, 21028: 86055, 21030: 85700, 21032: 1543, 21033: 146, 21034: 1167, 21035: 54448, 21036: 449, 21037: 1154, 21038: 85710, 21039: 226, 21041: 52945, 21043: 57417, 21045: 57639, 21047: 86055, 21050: 1182, 21053: 1294, 21055: 1585, 21056: 57381, 21057: 1107, 21058: 58096, 21059: 395, 21060: 1107, 21061: 72051, 21062: 683, 21063: 449, 21064: 1107, 21065: 44206, 21066: 57381, 21067: 1014, 21068: 72051, 21069: 72051, 21070: 57290, 21072: 57381, 21073: 849, 21074: 35259, 21075: 48922, 21077: 1540, 21084: 82080, 21085: 56939, 21086: 90942, 21087: 56939, 21091: 190, 21092: 1399, 21093: 2048, 21096: 2114, 21097: 2114, 21098: 51797, 21099: 87984, 21100: 74355, 21101: 80140, 21102: 56939, 21103: 1116, 21104: 1193, 21105: 88653, 21106: 74355, 21107: 61726, 21108: 53429, 21109: 2114, 21110: 89226, 21112: 75453, 21113: 2346, 21115: 89226, 21116: 53429, 21117: 74355, 21118: 35259, 21119: 74355, 21120: 2076, 21121: 88653, 21123: 80140, 21124: 88653, 21125: 2114, 21126: 2114, 21127: 74355, 21128: 53429, 21129: 57649, 21130: 74355, 21132: 53429, 21133: 90998, 21134: 53429, 21135: 89226, 21136: 2114, 21138: 57649, 21139: 88653, 21140: 74355, 21141: 56939, 21142: 89226, 21143: 53429, 21144: 2114, 21145: 2346, 21146: 89226, 21147: 88653, 21148: 53429, 21149: 86213, 21150: 80140, 21151: 87984, 21153: 80140, 21154: 146, 21155: 86213, 21156: 56939, 21157: 1188, 21159: 2076, 21163: 1223, 21164: 2076, 21165: 90998, 21166: 2346, 21167: 56939, 21168: 88653, 21170: 80140, 21171: 2076, 21172: 87984, 21173: 2076, 21174: 90998, 21175: 57417, 21176: 57649, 21177: 86157, 21178: 86213, 21179: 80140, 21180: 2346, 21181: 86213, 21182: 86157, 21184: 86157, 21185: 80140, 21186: 86213, 21187: 0, 21188: 0, 21189: 0, 21190: 91053, 21191: 184, 21192: 65941, 21193: 146, 21194: 0, 21195: 1300, 21196: 58096, 21197: 53429, 21198: 2114, 21199: 2076, 21203: 80140, 21205: 80140, 21206: 90998, 21208: 87984, 21209: 80140, 21223: 44206, 21226: 69990, 21227: 75958, 21228: 449, 21229: 519, 21230: 1014, 21231: 449, 21232: 78645, 21233: 69242, 21234: 78645, 21235: 78645, 21236: 1288, 21237: 1107, 21238: 1288, 21239: 1014, 21240: 1617, 21241: 395, 21244: 1173, 21249: 1012, 21262: 1489, 21265: 1412, 21271: 70500, 21279: 57417, 21280: 1391, 21288: 57070, 21290: 63270, 21298: 63270, 21303: 57455, 21304: 226, 21305: 1167, 21306: 1347, 21307: 1347, 21308: 1294, 21311: 1294, 21312: 46494, 21313: 765, 21314: 1113, 21315: 226, 21316: 1054, 21317: 46494, 21318: 64790, 21319: 765, 21322: 522, 21324: 1347, 21325: 78626, 21326: 805, 21327: 46494, 21328: 78626, 21329: 805, 21331: 65877, 21333: 51797, 21334: 57455, 21335: 71117, 21336: 1457, 21338: 1457, 21339: 1113, 21340: 63756, 21341: 51797, 21344: 1300, 21345: 65877, 21346: 1391, 21348: 63099, 21349: 0, 21351: 1259, 21354: 395, 21356: 77145, 21357: 85646, 21358: 226, 21363: 1294, 21366: 1223, 21369: 226, 21370: 1357, 21378: 1543, 21384: 69242, 21398: 550, 21445: 57649, 21446: 57639, 21447: 46494, 21448: 728, 21450: 69242, 21454: 57290, 21455: 449, 21460: 13699, 21462: 1502, 21463: 65877, 21465: 0, 21468: 1167, 21470: 1502, 21474: 1161, 21475: 63756, 21477: 75958, 21478: 1357, 21479: 46494, 21480: 805, 21481: 1116, 21482: 78631, 21483: 0, 21484: 69995, 21487: 63756, 21488: 51797, 21489: 85700, 21490: 1259, 21491: 245, 21492: 62344, 21493: 342, 21494: 50453}",714.6712643678161,normal
634579.376851333,Geração Inicial,1733628186.1830156,0,"{20331: 46793, 20332: 48266, 20333: 75421, 20334: 69990, 20335: 46793, 20336: 75421, 20337: 57070, 20338: 1084, 20339: 1482, 20340: 1182, 20341: 1489, 20342: 2048, 20343: 58096, 20344: 1489, 20345: 70373, 20346: 68182, 20347: 48266, 20348: 1182, 20349: 1347, 20350: 70373, 20351: 58096, 20352: 57257, 20353: 63099, 20354: 57257, 20355: 51797, 20356: 765, 20357: 70342, 20358: 57455, 20359: 69990, 20360: 849, 20361: 1583, 20362: 58096, 20363: 1347, 20364: 1294, 20365: 65341, 20366: 1391, 20367: 75453, 20368: 82085, 20369: 90927, 20370: 48266, 20371: 70373, 20372: 70342, 20373: 1583, 20378: 2048, 20379: 1182, 20380: 69242, 20381: 849, 20383: 1482, 20384: 63099, 20385: 63099, 20386: 1412, 20387: 1583, 20388: 63099, 20389: 1482, 20392: 46793, 20393: 70342, 20394: 69990, 20395: 1291, 20396: 728, 20397: 57455, 20398: 49332, 20399: 44206, 20400: 57257, 20401: 849, 20402: 46793, 20403: 57257, 20404: 1502, 20405: 1188, 20406: 82080, 20407: 1543, 20408: 1259, 20409: 46494, 20410: 1259, 20411: 46494, 20412: 913, 20413: 1412, 20414: 1585, 20415: 1617, 20416: 57290, 20417: 449, 20418: 70342, 20419: 805, 20421: 57309, 20422: 46793, 20423: 1585, 20427: 1014, 20428: 683, 20429: 1014, 20432: 1014, 20433: 1188, 20434: 690, 20436: 78645, 20437: 68173, 20438: 69990, 20439: 1502, 20440: 805, 20441: 1014, 20442: 522, 20443: 805, 20444: 59008, 20445: 13828, 20446: 72051, 20447: 78645, 20449: 1012, 20450: 226, 20451: 52945, 20452: 226, 20453: 1585, 20454: 80479, 20455: 70342, 20456: 913, 20457: 63756, 20458: 1012, 20459: 51797, 20460: 50588, 20461: 1585, 20462: 1457, 20463: 57070, 20465: 48266, 20466: 52945, 20467: 75421, 20468: 69990, 20469: 46494, 20471: 683, 20472: 743, 20473: 1585, 20475: 69242, 20476: 395, 20481: 1288, 20482: 80479, 20484: 63270, 20485: 57455, 20486: 52945, 20487: 57381, 20488: 1107, 20489: 743, 20490: 1188, 20491: 72051, 20492: 82080, 20493: 71117, 20494: 91896, 20495: 78645, 20496: 75453, 20497: 69995, 20499: 1167, 20501: 65877, 20503: 57972, 20504: 1288, 20505: 1113, 20506: 71117, 20507: 69995, 20508: 913, 20509: 63270, 20510: 54448, 20511: 75379, 20512: 54448, 20513: 70342, 20514: 1154, 20515: 913, 20517: 75379, 20518: 35245, 20519: 913, 20520: 80479, 20521: 1012, 20522: 52945, 20523: 395, 20524: 728, 20525: 805, 20527: 82080, 20528: 743, 20530: 59008, 20531: 67720, 20532: 1107, 20533: 57257, 20534: 50588, 20535: 71117, 20536: 48922, 20537: 69990, 20538: 48922, 20539: 75958, 20540: 69985, 20541: 69990, 20542: 1617, 20543: 91896, 20544: 69985, 20545: 743, 20546: 44206, 20547: 58543, 20549: 52945, 20550: 1012, 20552: 1014, 20553: 728, 20554: 57381, 20555: 46494, 20556: 57639, 20557: 190, 20558: 1107, 20559: 58096, 20560: 1116, 20561: 44206, 20563: 61726, 20564: 1012, 20565: 1391, 20567: 46494, 20569: 51797, 20570: 70342, 20571: 1585, 20572: 71117, 20573: 75958, 20574: 44206, 20575: 48922, 20576: 1585, 20577: 690, 20578: 91896, 20579: 449, 20580: 68173, 20581: 75958, 20582: 70342, 20583: 1288, 20584: 35259, 20585: 58096, 20587: 1012, 20588: 70342, 20589: 50588, 20590: 35259, 20591: 449, 20592: 1188, 20593: 57290, 20594: 743, 20595: 1502, 20596: 690, 20597: 82080, 20599: 64727, 20600: 226, 20601: 63270, 20602: 35245, 20605: 226, 20606: 66626, 20607: 64727, 20608: 395, 20609: 66626, 20610: 1291, 20611: 75453, 20612: 61726, 20613: 71117, 20614: 65877, 20615: 1457, 20616: 61726, 20617: 61726, 20618: 69995, 20619: 57309, 20620: 1054, 20621: 226, 20622: 85669, 20624: 765, 20625: 65877, 20626: 69990, 20628: 1107, 20630: 913, 20631: 1188, 20633: 1188, 20634: 1347, 20635: 13699, 20636: 1161, 20637: 1583, 20638: 728, 20639: 953, 20640: 62344, 20641: 57639, 20642: 686, 20643: 1193, 20645: 62344, 20646: 85669, 20647: 1193, 20648: 686, 20650: 953, 20651: 85669, 20652: 1391, 20653: 953, 20654: 57639, 20655: 63099, 20656: 1084, 20659: 1161, 20661: 75379, 20662: 75421, 20663: 50588, 20669: 72051, 20670: 78631, 20671: 61726, 20672: 73235, 20673: 35259, 20675: 57309, 20676: 1391, 20677: 57639, 20678: 75453, 20680: 1617, 20681: 743, 20684: 1543, 20688: 683, 20689: 69995, 20690: 50588, 20692: 69990, 20693: 58096, 20694: 54448, 20695: 57257, 20696: 50588, 20697: 1182, 20698: 62344, 20699: 1173, 20700: 63756, 20701: 64727, 20702: 57639, 20703: 1161, 20704: 54448, 20705: 913, 20706: 48266, 20707: 63756, 20708: 1294, 20709: 1161, 20710: 1161, 20711: 1543, 20712: 0, 20713: 70373, 20714: 52945, 20715: 48922, 20716: 913, 20717: 62344, 20719: 80479, 20720: 1347, 20721: 46793, 20722: 805, 20723: 70342, 20724: 0, 20725: 57639, 20726: 0, 20727: 1054, 20729: 1182, 20730: 35259, 20731: 69985, 20732: 75379, 20734: 690, 20735: 78631, 20736: 46494, 20737: 73383, 20739: 65877, 20740: 57381, 20741: 78631, 20742: 1012, 20743: 75379, 20744: 1300, 20746: 58096, 20747: 184, 20748: 62344, 20749: 1347, 20750: 190, 20751: 65877, 20752: 1182, 20754: 1543, 20757: 913, 20758: 1161, 20759: 52945, 20761: 1084, 20762: 1347, 20763: 686, 20764: 1482, 20765: 63099, 20766: 686, 20768: 184, 20769: 395, 20770: 77145, 20773: 49332, 20774: 78631, 20775: 2048, 20777: 1391, 20778: 69995, 20779: 57417, 20781: 2048, 20782: 1288, 20784: 52945, 20785: 146, 20786: 49332, 20789: 805, 20790: 1540, 20791: 1347, 20792: 1617, 20793: 1543, 20794: 70342, 20795: 44206, 20796: 57070, 20797: 70373, 20798: 69242, 20799: 1084, 20800: 13699, 20802: 683, 20803: 68650, 20804: 78631, 20805: 75421, 20806: 1391, 20807: 67720, 20808: 82067, 20809: 1291, 20810: 63099, 20811: 57070, 20813: 49332, 20814: 1617, 20815: 82067, 20816: 184, 20817: 82067, 20818: 1107, 20819: 1543, 20820: 1167, 20821: 65877, 20822: 849, 20823: 1259, 20824: 78631, 20825: 83288, 20826: 1154, 20827: 1012, 20828: 728, 20829: 71117, 20831: 1391, 20832: 1167, 20833: 1482, 20834: 57290, 20835: 65877, 20836: 57455, 20837: 0, 20838: 85687, 20840: 57455, 20841: 184, 20842: 849, 20843: 1167, 20844: 184, 20845: 1347, 20846: 226, 20850: 83288, 20852: 57309, 20853: 1223, 20854: 82080, 20856: 46793, 20858: 57070, 20859: 82070, 20860: 82070, 20861: 63882, 20862: 63882, 20863: 82070, 20864: 35245, 20872: 953, 20873: 1457, 20874: 0, 20875: 78631, 20876: 743, 20877: 63882, 20881: 57639, 20883: 57309, 20884: 63882, 20885: 75379, 20886: 57417, 20887: 1054, 20888: 57972, 20889: 71117, 20890: 91053, 20891: 85646, 20892: 65877, 20894: 1054, 20895: 1193, 20897: 61726, 20900: 65877, 20901: 1288, 20902: 65877, 20904: 85700, 20905: 1259, 20906: 765, 20907: 70500, 20909: 0, 20910: 522, 20911: 1540, 20913: 690, 20916: 1540, 20917: 82070, 20918: 73383, 20919: 84328, 20921: 52945, 20922: 84328, 20923: 68173, 20925: 1294, 20926: 75453, 20928: 65941, 20929: 51797, 20930: 0, 20931: 48266, 20932: 146, 20933: 57290, 20934: 63099, 20935: 72039, 20936: 146, 20937: 67720, 20938: 1193, 20939: 35259, 20940: 65941, 20941: 87001, 20942: 59008, 20943: 46494, 20944: 75453, 20948: 63882, 20949: 63756, 20950: 84328, 20951: 65161, 20953: 1399, 20954: 68173, 20955: 1116, 20956: 728, 20958: 51797, 20959: 83288, 20960: 64727, 20961: 1116, 20962: 65161, 20963: 1193, 20964: 57972, 20965: 70500, 20966: 67720, 20967: 85710, 20968: 75379, 20969: 65941, 20970: 65877, 20971: 64790, 20973: 63756, 20974: 54448, 20975: 1399, 20977: 68650, 20978: 85710, 20979: 64790, 20980: 64727, 20981: 67720, 20982: 87001, 20983: 57972, 20985: 72039, 20986: 395, 20987: 44206, 20988: 57972, 20990: 85710, 20992: 63270, 20993: 83288, 20995: 1502, 20997: 83288, 20998: 63882, 20999: 87001, 21000: 82070, 21001: 1399, 21002: 1540, 21003: 72039, 21005: 65877, 21006: 57417, 21007: 57639, 21008: 849, 21009: 83288, 21011: 63882, 21012: 87001, 21013: 58543, 21014: 65877, 21015: 51797, 21016: 85700, 21017: 64790, 21018: 146, 21019: 65941, 21020: 743, 21021: 85710, 21022: 1391, 21023: 63270, 21028: 85700, 21030: 86055, 21032: 58543, 21033: 91053, 21034: 1399, 21035: 1300, 21036: 449, 21037: 1457, 21038: 63270, 21039: 75379, 21041: 1223, 21043: 57309, 21045: 63756, 21047: 57290, 21050: 1161, 21053: 1294, 21055: 1585, 21056: 57381, 21057: 1107, 21058: 46494, 21059: 449, 21060: 519, 21061: 68173, 21062: 78645, 21063: 683, 21064: 1543, 21065: 1107, 21066: 44206, 21067: 1188, 21068: 73383, 21069: 73383, 21070: 1543, 21072: 57381, 21073: 1457, 21074: 59008, 21075: 78645, 21077: 1193, 21084: 67720, 21085: 2076, 21086: 89226, 21087: 80140, 21091: 1116, 21092: 1161, 21093: 85710, 21096: 80140, 21097: 56939, 21098: 35245, 21099: 90998, 21100: 2346, 21101: 88653, 21102: 88653, 21103: 1116, 21104: 67720, 21105: 2346, 21106: 2114, 21107: 1540, 21108: 80140, 21109: 53429, 21110: 80140, 21112: 57309, 21113: 56939, 21115: 88653, 21116: 57649, 21117: 74355, 21118: 44206, 21119: 74355, 21120: 2114, 21121: 2076, 21123: 53429, 21124: 56939, 21125: 53429, 21126: 2114, 21127: 53429, 21128: 2114, 21129: 2114, 21130: 53429, 21132: 57649, 21133: 2114, 21134: 57649, 21135: 74355, 21136: 74355, 21138: 57649, 21139: 56939, 21140: 57649, 21141: 80140, 21142: 89226, 21143: 74355, 21144: 2114, 21145: 74355, 21146: 89226, 21147: 2346, 21148: 80140, 21149: 87984, 21150: 80140, 21151: 86213, 21153: 2346, 21154: 146, 21155: 86157, 21156: 86157, 21157: 1223, 21159: 88653, 21163: 1288, 21164: 86213, 21165: 90998, 21166: 2346, 21167: 86213, 21168: 2076, 21170: 86213, 21171: 87984, 21172: 90998, 21173: 56939, 21174: 90998, 21175: 1223, 21176: 2114, 21177: 53429, 21178: 87984, 21179: 53429, 21180: 88653, 21181: 88653, 21182: 80140, 21184: 2076, 21185: 0, 21186: 2076, 21187: 0, 21188: 57417, 21189: 0, 21190: 78631, 21191: 184, 21192: 65941, 21193: 72051, 21194: 0, 21195: 44206, 21196: 57070, 21197: 53429, 21198: 2114, 21199: 86213, 21203: 87984, 21205: 53429, 21206: 87984, 21208: 90998, 21209: 89226, 21223: 519, 21226: 1014, 21227: 75958, 21228: 1347, 21229: 449, 21230: 48922, 21231: 449, 21232: 69242, 21233: 182, 21234: 57381, 21235: 1502, 21236: 46494, 21237: 71117, 21238: 57290, 21239: 0, 21240: 57455, 21241: 1502, 21244: 1173, 21249: 1012, 21262: 1182, 21265: 1084, 21271: 64790, 21279: 57417, 21280: 70500, 21288: 1399, 21290: 59008, 21298: 72051, 21303: 1347, 21304: 46494, 21305: 1167, 21306: 35259, 21307: 728, 21308: 1167, 21311: 1357, 21312: 765, 21313: 63756, 21314: 1113, 21315: 395, 21316: 85669, 21317: 1540, 21318: 1347, 21319: 1294, 21322: 683, 21324: 35259, 21325: 78626, 21326: 728, 21327: 35259, 21328: 13828, 21329: 550, 21331: 87001, 21333: 226, 21334: 57455, 21335: 88486, 21336: 1167, 21338: 1113, 21339: 1502, 21340: 1357, 21341: 765, 21344: 69995, 21345: 0, 21346: 59008, 21348: 63099, 21349: 0, 21351: 48922, 21354: 805, 21356: 70171, 21357: 64727, 21358: 226, 21363: 65341, 21366: 75453, 21369: 46494, 21370: 1294, 21378: 1259, 21384: 1107, 21398: 78626, 21445: 2114, 21446: 78631, 21447: 75379, 21448: 68173, 21450: 1502, 21454: 57290, 21455: 1188, 21460: 0, 21462: 1585, 21463: 75379, 21465: 0, 21468: 1012, 21470: 765, 21474: 190, 21475: 1012, 21477: 59008, 21478: 686, 21479: 1054, 21480: 805, 21481: 1161, 21482: 44206, 21483: 0, 21484: 1457, 21487: 146, 21488: 50588, 21489: 70500, 21490: 519, 21491: 1113, 21492: 85687, 21493: 50453, 21494: 342}",714.6712643678161,normal
639997.1379920001,Geração Inicial,1733628188.935259,0,"{20331: 1182, 20332: 1412, 20333: 1583, 20334: 49332, 20335: 49332, 20336: 82085, 20337: 75421, 20338: 57455, 20339: 49332, 20340: 849, 20341: 57309, 20342: 69242, 20343: 70342, 20344: 2048, 20345: 1291, 20346: 63099, 20347: 48266, 20348: 70373, 20349: 70342, 20350: 70373, 20351: 849, 20352: 63099, 20353: 184, 20354: 51797, 20355: 75421, 20356: 48266, 20357: 46793, 20358: 48266, 20359: 82085, 20360: 48266, 20361: 58096, 20362: 57070, 20363: 75421, 20364: 57070, 20365: 82085, 20366: 82085, 20367: 90927, 20368: 77145, 20369: 65341, 20370: 49332, 20371: 48266, 20372: 46793, 20373: 1347, 20378: 1347, 20379: 65341, 20380: 75453, 20381: 69242, 20383: 1391, 20384: 1391, 20385: 75421, 20386: 686, 20387: 686, 20388: 69990, 20389: 686, 20392: 48266, 20393: 57257, 20394: 849, 20395: 1583, 20396: 395, 20397: 1182, 20398: 1489, 20399: 1107, 20400: 65341, 20401: 1489, 20402: 1482, 20403: 58096, 20404: 44206, 20405: 57290, 20406: 57455, 20407: 71117, 20408: 1585, 20409: 69990, 20410: 1585, 20411: 68173, 20412: 75379, 20413: 1583, 20414: 68173, 20415: 395, 20416: 1014, 20417: 728, 20418: 1188, 20419: 71117, 20421: 2048, 20422: 1294, 20423: 82080, 20427: 46494, 20428: 78645, 20429: 78645, 20432: 449, 20433: 48922, 20434: 690, 20436: 59008, 20437: 1347, 20438: 70342, 20439: 57381, 20440: 690, 20441: 70342, 20442: 1585, 20443: 522, 20444: 522, 20445: 91896, 20446: 13828, 20447: 44206, 20449: 69995, 20450: 226, 20451: 52945, 20452: 1585, 20453: 63270, 20454: 57455, 20455: 70342, 20456: 63270, 20457: 50588, 20458: 63756, 20459: 63270, 20460: 1161, 20461: 75379, 20462: 1154, 20463: 1482, 20465: 2048, 20466: 65161, 20467: 1583, 20468: 1014, 20469: 57381, 20471: 72051, 20472: 1259, 20473: 1107, 20475: 743, 20476: 46494, 20481: 1543, 20482: 70342, 20484: 70342, 20485: 50588, 20486: 913, 20487: 1347, 20488: 1617, 20489: 71117, 20490: 1502, 20491: 82080, 20492: 67720, 20493: 46494, 20494: 522, 20495: 91896, 20496: 686, 20497: 226, 20499: 1457, 20501: 65877, 20503: 85710, 20504: 1167, 20505: 765, 20506: 57309, 20507: 57070, 20508: 1161, 20509: 50588, 20510: 70342, 20511: 85646, 20512: 54448, 20513: 69990, 20514: 35245, 20515: 913, 20517: 35245, 20518: 35245, 20519: 80479, 20520: 1012, 20521: 63756, 20522: 85646, 20523: 1288, 20524: 35259, 20525: 1502, 20527: 1543, 20528: 519, 20530: 67720, 20531: 1188, 20532: 690, 20533: 1084, 20534: 1161, 20535: 67720, 20536: 59008, 20537: 68173, 20538: 68173, 20539: 1585, 20540: 1347, 20541: 69990, 20542: 1617, 20543: 71117, 20544: 69985, 20545: 48922, 20546: 743, 20547: 91053, 20549: 913, 20550: 51797, 20552: 57381, 20553: 1347, 20554: 35259, 20555: 85687, 20556: 83288, 20557: 1116, 20558: 1167, 20559: 46494, 20560: 1457, 20561: 65877, 20563: 65877, 20564: 1391, 20565: 849, 20567: 1161, 20569: 51797, 20570: 728, 20571: 69985, 20572: 728, 20573: 75958, 20574: 44206, 20575: 91896, 20576: 1014, 20577: 1617, 20578: 71117, 20579: 69985, 20580: 743, 20581: 690, 20582: 35259, 20583: 71117, 20584: 1347, 20585: 184, 20587: 65161, 20588: 63270, 20589: 1161, 20590: 68173, 20591: 57455, 20592: 1288, 20593: 46494, 20594: 70342, 20595: 73383, 20596: 743, 20597: 44206, 20599: 51797, 20600: 54448, 20601: 80479, 20602: 226, 20605: 35245, 20606: 66626, 20607: 66626, 20608: 57417, 20609: 69995, 20610: 1084, 20611: 1054, 20612: 85710, 20613: 85669, 20614: 953, 20615: 226, 20616: 71117, 20617: 765, 20618: 1054, 20619: 75453, 20620: 61726, 20621: 765, 20622: 65877, 20624: 69990, 20625: 1116, 20626: 1288, 20628: 1540, 20630: 52945, 20631: 57381, 20633: 743, 20634: 182, 20635: 1084, 20636: 54448, 20637: 686, 20638: 54448, 20639: 85669, 20640: 1193, 20641: 52945, 20642: 57639, 20643: 62344, 20645: 58096, 20646: 953, 20647: 62344, 20648: 1391, 20650: 686, 20651: 57639, 20652: 1391, 20653: 1193, 20654: 58096, 20655: 70373, 20656: 1291, 20659: 66626, 20661: 54448, 20662: 46793, 20663: 54448, 20669: 683, 20670: 35259, 20671: 78631, 20672: 61726, 20673: 57309, 20675: 57972, 20676: 57972, 20677: 73235, 20678: 65877, 20680: 1585, 20681: 805, 20684: 805, 20688: 67720, 20689: 913, 20690: 52945, 20692: 58096, 20693: 85669, 20694: 1161, 20695: 58096, 20696: 70342, 20697: 70373, 20698: 62344, 20699: 75379, 20700: 63756, 20701: 1173, 20702: 85710, 20703: 1173, 20704: 1173, 20705: 50588, 20706: 63099, 20707: 75379, 20708: 1457, 20709: 1161, 20710: 0, 20711: 1259, 20712: 0, 20713: 1489, 20714: 52945, 20715: 46494, 20716: 1012, 20717: 85669, 20719: 75379, 20720: 57257, 20721: 70342, 20722: 57290, 20723: 1291, 20724: 46793, 20725: 1167, 20726: 0, 20727: 1457, 20729: 69990, 20730: 83288, 20731: 57290, 20732: 1054, 20734: 690, 20735: 57309, 20736: 522, 20737: 72051, 20739: 1540, 20740: 1617, 20741: 190, 20742: 1182, 20743: 1502, 20744: 146, 20746: 190, 20747: 58543, 20748: 1502, 20749: 85710, 20750: 1540, 20751: 63756, 20752: 46494, 20754: 71117, 20757: 46793, 20758: 913, 20759: 85669, 20761: 58096, 20762: 75453, 20763: 1482, 20764: 69990, 20765: 70373, 20766: 75453, 20768: 184, 20769: 395, 20770: 77145, 20773: 1188, 20774: 1347, 20775: 69242, 20777: 686, 20778: 57070, 20779: 1399, 20781: 57639, 20782: 78631, 20784: 52945, 20785: 35245, 20786: 2048, 20789: 1014, 20790: 1540, 20791: 1412, 20792: 65341, 20793: 1300, 20794: 70342, 20795: 73383, 20796: 1223, 20797: 1084, 20798: 70373, 20799: 13699, 20800: 2048, 20802: 82080, 20803: 75379, 20804: 395, 20805: 70373, 20806: 52945, 20807: 805, 20808: 82067, 20809: 1291, 20810: 46793, 20811: 49332, 20813: 48266, 20814: 1489, 20815: 82067, 20816: 82085, 20817: 82067, 20818: 85669, 20819: 67720, 20820: 78631, 20821: 1167, 20822: 62344, 20823: 1014, 20824: 57070, 20825: 69990, 20826: 67720, 20827: 190, 20828: 1154, 20829: 44206, 20831: 1391, 20832: 190, 20833: 184, 20834: 58543, 20835: 1107, 20836: 57309, 20837: 0, 20838: 75453, 20840: 57257, 20841: 1291, 20842: 190, 20843: 1167, 20844: 69990, 20845: 57639, 20846: 1223, 20850: 87001, 20852: 75453, 20853: 1457, 20854: 67720, 20856: 0, 20858: 46793, 20859: 82070, 20860: 82070, 20861: 63882, 20862: 63882, 20863: 63882, 20864: 35245, 20872: 953, 20873: 184, 20874: 0, 20875: 75453, 20876: 1107, 20877: 57972, 20881: 78631, 20883: 91053, 20884: 82070, 20885: 64727, 20886: 67720, 20887: 85710, 20888: 65877, 20889: 1259, 20890: 75453, 20891: 64727, 20892: 82070, 20894: 849, 20895: 65941, 20897: 1288, 20900: 686, 20901: 57417, 20902: 72039, 20904: 58096, 20905: 73383, 20906: 61726, 20907: 72051, 20909: 0, 20910: 44206, 20911: 1182, 20913: 73383, 20916: 57309, 20917: 63882, 20918: 46494, 20919: 87001, 20921: 72051, 20922: 63882, 20923: 519, 20925: 1294, 20926: 1300, 20928: 65941, 20929: 51797, 20930: 61726, 20931: 51797, 20932: 1399, 20933: 728, 20934: 1193, 20935: 84328, 20936: 1188, 20937: 64790, 20938: 1193, 20939: 44206, 20940: 57639, 20941: 84328, 20942: 1288, 20943: 72051, 20944: 44206, 20948: 57972, 20949: 63756, 20950: 63882, 20951: 58543, 20953: 1399, 20954: 449, 20955: 1116, 20956: 64790, 20958: 1300, 20959: 87001, 20960: 1288, 20961: 1116, 20962: 1223, 20963: 1399, 20964: 83288, 20965: 75453, 20966: 63099, 20967: 1012, 20968: 64727, 20969: 91053, 20970: 57972, 20971: 1193, 20973: 1012, 20974: 146, 20975: 68650, 20977: 78631, 20978: 63756, 20979: 64790, 20980: 63756, 20981: 226, 20982: 87001, 20983: 85710, 20985: 72039, 20986: 57417, 20987: 69995, 20988: 57972, 20990: 1012, 20992: 58543, 20993: 72039, 20995: 1502, 20997: 72039, 20998: 63882, 20999: 0, 21000: 82070, 21001: 1457, 21002: 1457, 21003: 57972, 21005: 72039, 21006: 63270, 21007: 91053, 21008: 1457, 21009: 65877, 21011: 84328, 21012: 72039, 21013: 146, 21014: 83288, 21015: 70500, 21016: 85700, 21017: 59008, 21018: 64790, 21019: 57639, 21020: 449, 21021: 57639, 21022: 52945, 21023: 85710, 21028: 86055, 21030: 85700, 21032: 1223, 21033: 68650, 21034: 2048, 21035: 69995, 21036: 48922, 21037: 91053, 21038: 1288, 21039: 1457, 21041: 65941, 21043: 1154, 21045: 64790, 21047: 728, 21050: 190, 21053: 1294, 21055: 82080, 21056: 1585, 21057: 519, 21058: 75379, 21059: 1107, 21060: 449, 21061: 1259, 21062: 72051, 21063: 48922, 21064: 1014, 21065: 44206, 21066: 1502, 21067: 1543, 21068: 69985, 21069: 72051, 21070: 69990, 21072: 57290, 21073: 85669, 21074: 67720, 21075: 78645, 21077: 1540, 21084: 35259, 21085: 2114, 21086: 90942, 21087: 2346, 21091: 61726, 21092: 1347, 21093: 1167, 21096: 2114, 21097: 80140, 21098: 63270, 21099: 90998, 21100: 80140, 21101: 53429, 21102: 74355, 21103: 1107, 21104: 146, 21105: 2076, 21106: 57649, 21107: 62344, 21108: 88653, 21109: 89226, 21110: 89226, 21112: 35259, 21113: 88653, 21115: 53429, 21116: 88653, 21117: 57649, 21118: 1107, 21119: 89226, 21120: 87984, 21121: 2114, 21123: 74355, 21124: 80140, 21125: 74355, 21126: 57649, 21127: 57649, 21128: 53429, 21129: 2114, 21130: 53429, 21132: 2114, 21133: 87984, 21134: 2114, 21135: 2076, 21136: 57649, 21138: 2114, 21139: 2076, 21140: 53429, 21141: 53429, 21142: 57649, 21143: 57649, 21144: 2114, 21145: 2076, 21146: 89226, 21147: 53429, 21148: 2076, 21149: 86157, 21150: 80140, 21151: 86213, 21153: 2346, 21154: 146, 21155: 86213, 21156: 87984, 21157: 57417, 21159: 2346, 21163: 1223, 21164: 87984, 21165: 90998, 21166: 90998, 21167: 87984, 21168: 90998, 21170: 90998, 21171: 86213, 21172: 87984, 21173: 56939, 21174: 56939, 21175: 1188, 21176: 90998, 21177: 56939, 21178: 86213, 21179: 86213, 21180: 80140, 21181: 87984, 21182: 0, 21184: 80140, 21185: 0, 21186: 80140, 21187: 0, 21188: 0, 21189: 0, 21190: 1300, 21191: 184, 21192: 85700, 21193: 70500, 21194: 0, 21195: 85710, 21196: 58096, 21197: 74355, 21198: 2114, 21199: 2076, 21203: 80140, 21205: 53429, 21206: 86213, 21208: 90998, 21209: 80140, 21223: 519, 21226: 1014, 21227: 75958, 21228: 48922, 21229: 519, 21230: 68173, 21231: 1107, 21232: 69242, 21233: 78645, 21234: 743, 21235: 683, 21236: 683, 21237: 1288, 21238: 57290, 21239: 805, 21240: 683, 21241: 1259, 21244: 1161, 21249: 1012, 21262: 1391, 21265: 1391, 21271: 63756, 21279: 91053, 21280: 85646, 21288: 57290, 21290: 85700, 21298: 1188, 21303: 728, 21304: 765, 21305: 63756, 21306: 1113, 21307: 1347, 21308: 1113, 21311: 1540, 21312: 1167, 21313: 1357, 21314: 71117, 21315: 1457, 21316: 88486, 21317: 226, 21318: 728, 21319: 57455, 21322: 13828, 21324: 78626, 21325: 805, 21326: 71117, 21327: 728, 21328: 805, 21329: 46494, 21331: 83288, 21333: 226, 21334: 57455, 21335: 1357, 21336: 1054, 21338: 1113, 21339: 1457, 21340: 88486, 21341: 765, 21344: 1543, 21345: 82070, 21346: 59008, 21348: 63099, 21349: 0, 21351: 449, 21354: 1502, 21356: 70171, 21357: 0, 21358: 395, 21363: 184, 21366: 57309, 21369: 1347, 21370: 71117, 21378: 683, 21384: 449, 21398: 395, 21445: 74355, 21446: 46494, 21447: 1161, 21448: 1014, 21450: 1014, 21454: 69242, 21455: 48922, 21460: 13699, 21462: 82080, 21463: 57639, 21465: 0, 21468: 1107, 21470: 63756, 21474: 83288, 21475: 1054, 21477: 68173, 21478: 1399, 21479: 1540, 21480: 13828, 21481: 1012, 21482: 83288, 21483: 0, 21484: 765, 21487: 65161, 21488: 1161, 21489: 70500, 21490: 1107, 21491: 1113, 21492: 85710, 21493: 342, 21494: 50453}",714.6712643678161,normal
646127.1130289998,Geração Inicial,1733628191.4919522,0,"{20331: 1084, 20332: 46793, 20333: 1489, 20334: 1412, 20335: 1294, 20336: 82085, 20337: 65341, 20338: 48266, 20339: 46793, 20340: 1412, 20341: 1294, 20342: 1182, 20343: 70342, 20344: 849, 20345: 63099, 20346: 1084, 20347: 1489, 20348: 48266, 20349: 1347, 20350: 69990, 20351: 1347, 20352: 57309, 20353: 57257, 20354: 46793, 20355: 1347, 20356: 849, 20357: 1583, 20358: 2048, 20359: 1291, 20360: 765, 20361: 75421, 20362: 1489, 20363: 1412, 20364: 70342, 20365: 70171, 20366: 70171, 20367: 77145, 20368: 65341, 20369: 75453, 20370: 48266, 20371: 1347, 20372: 46793, 20373: 1617, 20378: 65341, 20379: 75421, 20380: 1489, 20381: 1182, 20383: 57257, 20384: 63099, 20385: 57257, 20386: 13699, 20387: 70342, 20388: 1084, 20389: 75421, 20392: 849, 20393: 69242, 20394: 51797, 20395: 48266, 20396: 449, 20397: 1583, 20398: 765, 20399: 44206, 20400: 46793, 20401: 1412, 20402: 48266, 20403: 184, 20404: 743, 20405: 82080, 20406: 728, 20407: 395, 20408: 449, 20409: 35259, 20410: 690, 20411: 67720, 20412: 75379, 20413: 1482, 20414: 67720, 20415: 71117, 20416: 70342, 20417: 57381, 20418: 82080, 20419: 519, 20421: 1294, 20422: 1489, 20423: 1585, 20427: 44206, 20428: 57381, 20429: 449, 20432: 1543, 20433: 449, 20434: 46494, 20436: 805, 20437: 69242, 20438: 69990, 20439: 1259, 20440: 743, 20441: 46494, 20442: 69985, 20443: 690, 20444: 82080, 20445: 805, 20446: 67720, 20447: 78645, 20449: 1012, 20450: 69995, 20451: 80479, 20452: 57455, 20453: 57455, 20454: 52945, 20455: 913, 20456: 50588, 20457: 51797, 20458: 913, 20459: 1161, 20460: 1585, 20461: 63270, 20462: 69995, 20463: 49332, 20465: 65341, 20466: 1012, 20467: 1291, 20468: 1107, 20469: 1259, 20471: 57381, 20472: 57381, 20473: 743, 20475: 72051, 20476: 1617, 20481: 1107, 20482: 75379, 20484: 52945, 20485: 75379, 20486: 54448, 20487: 449, 20488: 1188, 20489: 69990, 20490: 70342, 20491: 67720, 20492: 805, 20493: 1107, 20494: 46494, 20495: 683, 20496: 75453, 20497: 50588, 20499: 65877, 20501: 44206, 20503: 57639, 20504: 69990, 20505: 62344, 20506: 85710, 20507: 1357, 20508: 1161, 20509: 50588, 20510: 913, 20511: 85646, 20512: 70342, 20513: 1291, 20514: 64790, 20515: 913, 20517: 69995, 20518: 69995, 20519: 63270, 20520: 52945, 20521: 65161, 20522: 1161, 20523: 1259, 20524: 68173, 20525: 519, 20527: 82080, 20528: 1502, 20530: 46494, 20531: 59008, 20532: 805, 20533: 75421, 20534: 65161, 20535: 48922, 20536: 44206, 20537: 69985, 20538: 69990, 20539: 449, 20540: 690, 20541: 1617, 20542: 75958, 20543: 48922, 20544: 728, 20545: 91896, 20546: 71117, 20547: 64790, 20549: 80479, 20550: 51797, 20552: 1288, 20553: 1502, 20554: 57290, 20555: 62344, 20556: 65877, 20557: 75379, 20558: 1107, 20559: 1391, 20560: 65877, 20561: 85710, 20563: 1167, 20564: 57070, 20565: 69990, 20567: 849, 20569: 52945, 20570: 91896, 20571: 1585, 20572: 1288, 20573: 35259, 20574: 48922, 20575: 44206, 20576: 75958, 20577: 69985, 20578: 1347, 20579: 71117, 20580: 68173, 20581: 1014, 20582: 35259, 20583: 1288, 20584: 71117, 20585: 2048, 20587: 1012, 20588: 63270, 20589: 52945, 20590: 82080, 20591: 57455, 20592: 683, 20593: 805, 20594: 72051, 20595: 59008, 20596: 1347, 20597: 1585, 20599: 64727, 20600: 49332, 20601: 75379, 20602: 35245, 20605: 35245, 20606: 50588, 20607: 913, 20608: 57417, 20609: 1585, 20610: 1482, 20611: 1107, 20612: 686, 20613: 57309, 20614: 1167, 20615: 75453, 20616: 953, 20617: 61726, 20618: 85669, 20619: 1182, 20620: 1054, 20621: 1457, 20622: 849, 20624: 226, 20625: 1457, 20626: 69995, 20628: 1540, 20630: 69995, 20631: 449, 20633: 69242, 20634: 73383, 20635: 1583, 20636: 54448, 20637: 1583, 20638: 226, 20639: 1391, 20640: 52945, 20641: 85669, 20642: 62344, 20643: 1391, 20645: 52945, 20646: 85669, 20647: 57639, 20648: 686, 20650: 686, 20651: 1193, 20652: 58096, 20653: 1391, 20654: 953, 20655: 1482, 20656: 1084, 20659: 70342, 20661: 64727, 20662: 57309, 20663: 1161, 20669: 69242, 20670: 65877, 20671: 1540, 20672: 57972, 20673: 57639, 20675: 78631, 20676: 78631, 20677: 61726, 20678: 75379, 20680: 69990, 20681: 1188, 20684: 1543, 20688: 805, 20689: 50588, 20690: 64727, 20692: 1182, 20693: 58096, 20694: 913, 20695: 75453, 20696: 75379, 20697: 184, 20698: 85669, 20699: 70342, 20700: 54448, 20701: 54448, 20702: 1288, 20703: 66626, 20704: 1173, 20705: 50588, 20706: 57309, 20707: 54448, 20708: 1399, 20709: 1161, 20710: 1161, 20711: 1014, 20712: 0, 20713: 57257, 20714: 52945, 20715: 57290, 20716: 913, 20717: 58543, 20719: 54448, 20720: 75453, 20721: 1012, 20722: 46494, 20723: 1489, 20724: 80479, 20725: 78631, 20726: 46793, 20727: 62344, 20729: 48266, 20730: 1113, 20731: 743, 20732: 765, 20734: 690, 20735: 65877, 20736: 522, 20737: 44206, 20739: 65877, 20740: 1188, 20741: 1357, 20742: 1116, 20743: 78631, 20744: 69995, 20746: 69990, 20747: 57309, 20748: 1107, 20749: 57639, 20750: 849, 20751: 1012, 20752: 190, 20754: 743, 20757: 1585, 20758: 54448, 20759: 57639, 20761: 70373, 20762: 1084, 20763: 63099, 20764: 1617, 20765: 1347, 20766: 70373, 20768: 0, 20769: 519, 20770: 77145, 20773: 1347, 20774: 57290, 20775: 58096, 20777: 1182, 20778: 2048, 20779: 70500, 20781: 57290, 20782: 67720, 20784: 57070, 20785: 57070, 20786: 1167, 20789: 728, 20790: 58543, 20791: 184, 20792: 82085, 20793: 70500, 20794: 49332, 20795: 69242, 20796: 68650, 20797: 2048, 20798: 70373, 20799: 69242, 20800: 1482, 20802: 57381, 20803: 68650, 20804: 68650, 20805: 13699, 20806: 58543, 20807: 57381, 20808: 85687, 20809: 58096, 20810: 46793, 20811: 48266, 20813: 49332, 20814: 49332, 20815: 82067, 20816: 57309, 20817: 82067, 20818: 58096, 20819: 1502, 20820: 85669, 20821: 78631, 20822: 1399, 20823: 1014, 20824: 226, 20825: 849, 20826: 85710, 20827: 62344, 20828: 63270, 20829: 1259, 20831: 1391, 20832: 1399, 20833: 1617, 20834: 86055, 20835: 62344, 20836: 849, 20837: 0, 20838: 1347, 20840: 1583, 20841: 57455, 20842: 83288, 20843: 57290, 20844: 1482, 20845: 57639, 20846: 1223, 20850: 87001, 20852: 57309, 20853: 1457, 20854: 1585, 20856: 686, 20858: 70373, 20859: 82070, 20860: 63882, 20861: 63882, 20862: 82070, 20863: 82070, 20864: 395, 20872: 953, 20873: 226, 20874: 0, 20875: 64727, 20876: 805, 20877: 63882, 20881: 64727, 20883: 70500, 20884: 82070, 20885: 1391, 20886: 67720, 20887: 1457, 20888: 82070, 20889: 1502, 20890: 91053, 20891: 1391, 20892: 72039, 20894: 765, 20895: 44206, 20897: 85669, 20900: 1167, 20901: 68650, 20902: 83288, 20904: 1188, 20905: 73383, 20906: 849, 20907: 1188, 20909: 65877, 20910: 72051, 20911: 1107, 20913: 73383, 20916: 1116, 20917: 84328, 20918: 69990, 20919: 84328, 20921: 63099, 20922: 82070, 20923: 57381, 20925: 1294, 20926: 65941, 20928: 1300, 20929: 51797, 20930: 0, 20931: 1223, 20932: 64790, 20933: 743, 20934: 1193, 20935: 63882, 20936: 65941, 20937: 67720, 20938: 1193, 20939: 395, 20940: 65161, 20941: 87001, 20942: 75379, 20943: 57290, 20944: 59008, 20948: 65877, 20949: 1193, 20950: 63882, 20951: 64790, 20953: 64727, 20954: 48922, 20955: 1116, 20956: 58096, 20958: 63756, 20959: 87001, 20960: 1399, 20961: 1502, 20962: 184, 20963: 146, 20964: 72039, 20965: 65941, 20966: 59008, 20967: 85710, 20968: 75453, 20969: 1300, 20970: 72039, 20971: 59008, 20973: 1054, 20974: 63756, 20975: 58096, 20977: 1399, 20978: 1502, 20979: 1193, 20980: 63756, 20981: 57070, 20982: 83288, 20983: 57972, 20985: 83288, 20986: 1167, 20987: 0, 20988: 63756, 20990: 57972, 20992: 57417, 20993: 83288, 20995: 85710, 20997: 72039, 20998: 63882, 20999: 57972, 21000: 82070, 21001: 78631, 21002: 1167, 21003: 57972, 21005: 83288, 21006: 57070, 21007: 1300, 21008: 69995, 21009: 57972, 21011: 87001, 21012: 84328, 21013: 57639, 21014: 65877, 21015: 91053, 21016: 146, 21017: 85700, 21018: 35245, 21019: 63756, 21020: 68173, 21021: 1188, 21022: 63270, 21023: 1457, 21028: 86055, 21030: 85700, 21032: 54448, 21033: 728, 21034: 57417, 21035: 1399, 21036: 91896, 21037: 2048, 21038: 1457, 21039: 1300, 21041: 72051, 21043: 146, 21045: 75453, 21047: 57290, 21050: 57639, 21053: 1294, 21055: 82080, 21056: 57381, 21057: 449, 21058: 63756, 21059: 1107, 21060: 1107, 21061: 78645, 21062: 1014, 21063: 46494, 21064: 1014, 21065: 1188, 21066: 1259, 21067: 683, 21068: 72051, 21069: 72051, 21070: 57290, 21072: 71117, 21073: 69995, 21074: 1617, 21075: 78645, 21077: 1540, 21084: 67720, 21085: 88653, 21086: 90942, 21087: 57649, 21091: 85710, 21092: 58096, 21093: 85646, 21096: 2346, 21097: 74355, 21098: 63756, 21099: 2114, 21100: 2076, 21101: 2346, 21102: 2114, 21103: 1116, 21104: 59008, 21105: 80140, 21106: 2114, 21107: 73235, 21108: 56939, 21109: 56939, 21110: 80140, 21112: 1391, 21113: 89226, 21115: 2114, 21116: 89226, 21117: 80140, 21118: 83288, 21119: 89226, 21120: 2076, 21121: 74355, 21123: 80140, 21124: 88653, 21125: 88653, 21126: 74355, 21127: 56939, 21128: 74355, 21129: 74355, 21130: 53429, 21132: 57649, 21133: 87984, 21134: 53429, 21135: 56939, 21136: 53429, 21138: 57649, 21139: 56939, 21140: 57649, 21141: 86157, 21142: 80140, 21143: 53429, 21144: 2114, 21145: 53429, 21146: 89226, 21147: 88653, 21148: 53429, 21149: 80140, 21150: 80140, 21151: 86213, 21153: 53429, 21154: 1223, 21155: 86157, 21156: 87984, 21157: 1288, 21159: 2346, 21163: 146, 21164: 86157, 21165: 80140, 21166: 90998, 21167: 87984, 21168: 90998, 21170: 90998, 21171: 86213, 21172: 57649, 21173: 2076, 21174: 2114, 21175: 0, 21176: 2076, 21177: 87984, 21178: 88653, 21179: 56939, 21180: 2346, 21181: 57649, 21182: 86157, 21184: 87984, 21185: 0, 21186: 2076, 21187: 0, 21188: 0, 21189: 0, 21190: 63270, 21191: 184, 21192: 1223, 21193: 70500, 21194: 0, 21195: 1167, 21196: 70342, 21197: 74355, 21198: 2114, 21199: 86213, 21203: 2076, 21205: 53429, 21206: 86213, 21208: 87984, 21209: 89226, 21223: 1585, 21226: 1014, 21227: 69985, 21228: 46494, 21229: 395, 21230: 78645, 21231: 395, 21232: 1259, 21233: 683, 21234: 70342, 21235: 1259, 21236: 57381, 21237: 71117, 21238: 1543, 21239: 72051, 21240: 1107, 21241: 1347, 21244: 66626, 21249: 1012, 21262: 57070, 21265: 13699, 21271: 91053, 21279: 59008, 21280: 59008, 21288: 57290, 21290: 51797, 21298: 57639, 21303: 1347, 21304: 35259, 21305: 35259, 21306: 226, 21307: 64790, 21308: 1113, 21311: 1540, 21312: 1294, 21313: 35259, 21314: 88486, 21315: 57417, 21316: 1054, 21317: 1347, 21318: 57455, 21319: 51797, 21322: 690, 21324: 13828, 21325: 13828, 21326: 35259, 21327: 1347, 21328: 519, 21329: 78626, 21331: 72039, 21333: 57455, 21334: 57455, 21335: 226, 21336: 765, 21338: 1502, 21339: 1054, 21340: 1107, 21341: 1294, 21344: 1300, 21345: 72039, 21346: 91053, 21348: 63099, 21349: 0, 21351: 69990, 21354: 519, 21356: 90927, 21357: 75379, 21358: 184, 21363: 57257, 21366: 65941, 21369: 765, 21370: 63756, 21378: 68173, 21384: 44206, 21398: 78626, 21445: 74355, 21446: 62344, 21447: 1347, 21448: 67720, 21450: 1014, 21454: 68173, 21455: 683, 21460: 0, 21462: 82080, 21463: 61726, 21465: 0, 21468: 85669, 21470: 63756, 21474: 46494, 21475: 1012, 21477: 91896, 21478: 69990, 21479: 71117, 21480: 805, 21481: 85687, 21482: 1391, 21483: 0, 21484: 1167, 21487: 65941, 21488: 65161, 21489: 65161, 21490: 0, 21491: 1113, 21492: 1116, 21493: 50453, 21494: 342}",714.6712643678161,normal
611796.597464666,Geração Inicial,1733628194.3048368,0,"{20331: 2048, 20332: 57309, 20333: 1489, 20334: 82085, 20335: 1583, 20336: 1482, 20337: 1617, 20338: 1412, 20339: 1182, 20340: 1084, 20341: 1291, 20342: 1391, 20343: 1489, 20344: 1489, 20345: 57257, 20346: 1583, 20347: 1347, 20348: 1084, 20349: 46793, 20350: 69242, 20351: 57257, 20352: 75453, 20353: 1084, 20354: 70342, 20355: 58096, 20356: 1489, 20357: 82085, 20358: 57070, 20359: 1412, 20360: 49332, 20361: 57309, 20362: 1482, 20363: 1291, 20364: 1084, 20365: 1391, 20366: 1617, 20367: 77145, 20368: 70171, 20369: 65341, 20370: 49332, 20371: 70342, 20372: 1347, 20373: 82085, 20378: 48266, 20379: 49332, 20380: 69990, 20381: 849, 20383: 1391, 20384: 13699, 20385: 13699, 20386: 686, 20387: 70342, 20388: 70373, 20389: 13699, 20392: 70342, 20393: 75421, 20394: 57309, 20395: 57455, 20396: 1543, 20397: 765, 20398: 1482, 20399: 57290, 20400: 1583, 20401: 46793, 20402: 1182, 20403: 48266, 20404: 805, 20405: 805, 20406: 57381, 20407: 1347, 20408: 1543, 20409: 57290, 20410: 1259, 20411: 44206, 20412: 1161, 20413: 57070, 20414: 44206, 20415: 69990, 20416: 1502, 20417: 1014, 20418: 1502, 20419: 35259, 20421: 2048, 20422: 49332, 20423: 82080, 20427: 1107, 20428: 48922, 20429: 1259, 20432: 78645, 20433: 72051, 20434: 72051, 20436: 72051, 20437: 69990, 20438: 1259, 20439: 70342, 20440: 72051, 20441: 743, 20442: 1188, 20443: 46494, 20444: 1188, 20445: 71117, 20446: 1502, 20447: 1014, 20449: 50588, 20450: 63270, 20451: 70342, 20452: 1585, 20453: 226, 20454: 1161, 20455: 54448, 20456: 35245, 20457: 63756, 20458: 1585, 20459: 52945, 20460: 35245, 20461: 63270, 20462: 57639, 20463: 1482, 20465: 1347, 20466: 1012, 20467: 1617, 20468: 67720, 20469: 67720, 20471: 182, 20472: 182, 20473: 72051, 20475: 1107, 20476: 690, 20481: 1288, 20482: 226, 20484: 913, 20485: 75379, 20486: 913, 20487: 1347, 20488: 46494, 20489: 728, 20490: 67720, 20491: 1188, 20492: 683, 20493: 72051, 20494: 72051, 20495: 59008, 20496: 1182, 20497: 75379, 20499: 46494, 20501: 849, 20503: 62344, 20504: 849, 20505: 65877, 20506: 1182, 20507: 57070, 20508: 46793, 20509: 1161, 20510: 52945, 20511: 85646, 20512: 70342, 20513: 75421, 20514: 1457, 20515: 913, 20517: 80479, 20518: 50588, 20519: 63270, 20520: 52945, 20521: 51797, 20522: 913, 20523: 743, 20524: 57381, 20525: 1502, 20527: 71117, 20528: 1543, 20530: 44206, 20531: 1585, 20532: 805, 20533: 1583, 20534: 1012, 20535: 1288, 20536: 69985, 20537: 69985, 20538: 690, 20539: 743, 20540: 44206, 20541: 1347, 20542: 44206, 20543: 690, 20544: 69990, 20545: 67720, 20546: 69985, 20547: 226, 20549: 52945, 20550: 65161, 20552: 35259, 20553: 1617, 20554: 71117, 20555: 75453, 20556: 1357, 20557: 46494, 20558: 849, 20559: 1167, 20560: 83288, 20561: 62344, 20563: 1161, 20564: 85710, 20565: 57070, 20567: 849, 20569: 913, 20570: 70342, 20571: 71117, 20572: 59008, 20573: 48922, 20574: 1585, 20575: 728, 20576: 35259, 20577: 1617, 20578: 69990, 20579: 71117, 20580: 449, 20581: 1347, 20582: 44206, 20583: 91896, 20584: 71117, 20585: 58096, 20587: 46793, 20588: 80479, 20589: 1585, 20590: 1288, 20591: 1107, 20592: 35259, 20593: 48922, 20594: 690, 20595: 59008, 20596: 69990, 20597: 690, 20599: 51797, 20600: 1223, 20601: 1161, 20602: 226, 20605: 35245, 20606: 50588, 20607: 69995, 20608: 146, 20609: 52945, 20610: 1412, 20611: 1457, 20612: 765, 20613: 57309, 20614: 85669, 20615: 1182, 20616: 69990, 20617: 1054, 20618: 85710, 20619: 75453, 20620: 686, 20621: 69990, 20622: 71117, 20624: 1182, 20625: 1288, 20626: 69995, 20628: 1182, 20630: 66626, 20631: 683, 20633: 46494, 20634: 743, 20635: 75421, 20636: 1585, 20637: 1291, 20638: 57417, 20639: 62344, 20640: 953, 20641: 52945, 20642: 1391, 20643: 1193, 20645: 686, 20646: 57639, 20647: 58096, 20648: 1391, 20650: 85669, 20651: 58096, 20652: 62344, 20653: 1193, 20654: 686, 20655: 686, 20656: 69990, 20659: 913, 20661: 64727, 20662: 1489, 20663: 50588, 20669: 743, 20670: 75379, 20671: 35259, 20672: 78631, 20673: 65877, 20675: 1540, 20676: 78631, 20677: 62344, 20678: 73235, 20680: 1107, 20681: 1288, 20684: 743, 20688: 82080, 20689: 54448, 20690: 54448, 20692: 1347, 20693: 57639, 20694: 75379, 20695: 184, 20696: 1173, 20697: 57257, 20698: 1167, 20699: 63756, 20700: 75379, 20701: 69995, 20702: 85669, 20703: 913, 20704: 64727, 20705: 1161, 20706: 1291, 20707: 54448, 20708: 1167, 20709: 1161, 20710: 0, 20711: 1188, 20712: 0, 20713: 184, 20714: 52945, 20715: 743, 20716: 913, 20717: 58543, 20719: 46793, 20720: 63099, 20721: 1012, 20722: 70342, 20723: 1084, 20724: 80479, 20725: 57639, 20726: 0, 20727: 1457, 20729: 57309, 20730: 57309, 20731: 728, 20732: 83288, 20734: 57381, 20735: 75379, 20736: 78645, 20737: 44206, 20739: 57972, 20740: 57290, 20741: 75453, 20742: 57639, 20743: 63756, 20744: 57290, 20746: 1167, 20747: 85710, 20748: 83288, 20749: 46494, 20750: 62344, 20751: 849, 20752: 1012, 20754: 57381, 20757: 50588, 20758: 57455, 20759: 0, 20761: 63099, 20762: 63099, 20763: 58096, 20764: 1084, 20765: 1617, 20766: 70373, 20768: 184, 20769: 519, 20770: 77145, 20773: 2048, 20774: 1399, 20775: 75453, 20777: 69242, 20778: 728, 20779: 48266, 20781: 1399, 20782: 54448, 20784: 1399, 20785: 78631, 20786: 146, 20789: 519, 20790: 58543, 20791: 57257, 20792: 849, 20793: 1457, 20794: 46793, 20795: 73383, 20796: 57309, 20797: 69242, 20798: 1482, 20799: 1084, 20800: 70373, 20802: 1107, 20803: 57417, 20804: 1457, 20805: 0, 20806: 1391, 20807: 67720, 20808: 82067, 20809: 1489, 20810: 686, 20811: 1347, 20813: 48266, 20814: 65341, 20815: 85687, 20816: 82085, 20817: 82067, 20818: 75453, 20819: 1502, 20820: 78631, 20821: 1116, 20822: 83288, 20823: 728, 20824: 49332, 20825: 1167, 20826: 1188, 20827: 1502, 20828: 2048, 20829: 46494, 20831: 58543, 20832: 1167, 20833: 82085, 20834: 86055, 20835: 1399, 20836: 57070, 20837: 0, 20838: 75453, 20840: 48266, 20841: 765, 20842: 1540, 20843: 85710, 20844: 65341, 20845: 1502, 20846: 1300, 20850: 72039, 20852: 57309, 20853: 69995, 20854: 683, 20856: 46793, 20858: 70373, 20859: 63882, 20860: 82070, 20861: 82070, 20862: 63882, 20863: 82070, 20864: 226, 20872: 953, 20873: 35245, 20874: 184, 20875: 59008, 20876: 69242, 20877: 65877, 20881: 70500, 20883: 59008, 20884: 57972, 20885: 57639, 20886: 64727, 20887: 1054, 20888: 82070, 20889: 1288, 20890: 57309, 20891: 57417, 20892: 65877, 20894: 85669, 20895: 67720, 20897: 765, 20900: 85669, 20901: 226, 20902: 72039, 20904: 59008, 20905: 182, 20906: 849, 20907: 1193, 20909: 0, 20910: 73383, 20911: 1540, 20913: 57381, 20916: 1540, 20917: 84328, 20918: 48922, 20919: 63882, 20921: 72051, 20922: 87001, 20923: 68173, 20925: 1294, 20926: 52945, 20928: 70500, 20929: 51797, 20930: 61726, 20931: 64790, 20932: 146, 20933: 690, 20934: 63099, 20935: 82070, 20936: 85700, 20937: 64790, 20938: 1193, 20939: 1288, 20940: 146, 20941: 72039, 20942: 75453, 20943: 70342, 20944: 64790, 20948: 63882, 20949: 63756, 20950: 84328, 20951: 85700, 20953: 64727, 20954: 69985, 20955: 1116, 20956: 69995, 20958: 51797, 20959: 83288, 20960: 0, 20961: 63756, 20962: 35245, 20963: 0, 20964: 87001, 20965: 51797, 20966: 59008, 20967: 85710, 20968: 1399, 20969: 70500, 20970: 57972, 20971: 0, 20973: 85710, 20974: 0, 20975: 395, 20977: 1154, 20978: 1012, 20979: 0, 20980: 64727, 20981: 1223, 20982: 87001, 20983: 0, 20985: 87001, 20986: 146, 20987: 0, 20988: 85710, 20990: 57972, 20992: 54448, 20993: 83288, 20995: 1054, 20997: 57972, 20998: 82070, 20999: 57972, 21000: 63882, 21001: 58096, 21002: 57070, 21003: 83288, 21005: 83288, 21006: 78631, 21007: 57455, 21008: 57309, 21009: 83288, 21011: 72039, 21012: 63882, 21013: 44206, 21014: 65877, 21015: 1300, 21016: 64790, 21017: 51797, 21018: 63099, 21019: 63756, 21020: 59008, 21021: 1543, 21022: 78631, 21023: 63270, 21028: 86055, 21030: 85700, 21032: 70500, 21033: 85710, 21034: 57290, 21035: 1154, 21036: 75958, 21037: 91053, 21038: 1223, 21039: 63270, 21041: 65941, 21043: 54448, 21045: 64790, 21047: 63099, 21050: 65877, 21053: 1294, 21055: 82080, 21056: 1585, 21057: 395, 21058: 75379, 21059: 395, 21060: 519, 21061: 48922, 21062: 683, 21063: 69990, 21064: 1188, 21065: 46494, 21066: 68173, 21067: 1014, 21068: 1014, 21069: 46494, 21070: 1107, 21072: 1107, 21073: 953, 21074: 1617, 21075: 68173, 21077: 1540, 21084: 35259, 21085: 87984, 21086: 90942, 21087: 56939, 21091: 1357, 21092: 190, 21093: 2048, 21096: 2114, 21097: 2114, 21098: 146, 21099: 90998, 21100: 53429, 21101: 2076, 21102: 80140, 21103: 1457, 21104: 65161, 21105: 88653, 21106: 74355, 21107: 61726, 21108: 89226, 21109: 80140, 21110: 89226, 21112: 57639, 21113: 2346, 21115: 89226, 21116: 2346, 21117: 88653, 21118: 1113, 21119: 57649, 21120: 86213, 21121: 74355, 21123: 74355, 21124: 2346, 21125: 89226, 21126: 2114, 21127: 74355, 21128: 57649, 21129: 57649, 21130: 74355, 21132: 57649, 21133: 87984, 21134: 53429, 21135: 53429, 21136: 53429, 21138: 2114, 21139: 88653, 21140: 74355, 21141: 56939, 21142: 88653, 21143: 53429, 21144: 2114, 21145: 2114, 21146: 89226, 21147: 53429, 21148: 74355, 21149: 86213, 21150: 86213, 21151: 87984, 21153: 56939, 21154: 1223, 21155: 86157, 21156: 80140, 21157: 2048, 21159: 2346, 21163: 1188, 21164: 80140, 21165: 2346, 21166: 80140, 21167: 80140, 21168: 2346, 21170: 90998, 21171: 86213, 21172: 86213, 21173: 86157, 21174: 2114, 21175: 57417, 21176: 90998, 21177: 2076, 21178: 86213, 21179: 56939, 21180: 88653, 21181: 80140, 21182: 56939, 21184: 86157, 21185: 2076, 21186: 86213, 21187: 0, 21188: 0, 21189: 0, 21190: 68650, 21191: 184, 21192: 58543, 21193: 85700, 21194: 0, 21195: 1543, 21196: 686, 21197: 74355, 21198: 2114, 21199: 80140, 21203: 56939, 21205: 80140, 21206: 56939, 21208: 87984, 21209: 90942, 21223: 1585, 21226: 1288, 21227: 48922, 21228: 44206, 21229: 519, 21230: 1014, 21231: 395, 21232: 70342, 21233: 683, 21234: 522, 21235: 182, 21236: 805, 21237: 57290, 21238: 1288, 21239: 73383, 21240: 395, 21241: 1188, 21244: 66626, 21249: 85646, 21262: 849, 21265: 68182, 21271: 184, 21279: 67720, 21280: 57639, 21288: 85710, 21290: 63756, 21298: 1399, 21303: 51797, 21304: 1167, 21305: 1502, 21306: 1107, 21307: 64790, 21308: 1054, 21311: 88486, 21312: 1167, 21313: 1054, 21314: 1540, 21315: 1457, 21316: 71117, 21317: 1502, 21318: 728, 21319: 1294, 21322: 522, 21324: 46494, 21325: 550, 21326: 805, 21327: 35259, 21328: 550, 21329: 78626, 21331: 57972, 21333: 57455, 21334: 57455, 21335: 1113, 21336: 226, 21338: 1357, 21339: 1107, 21340: 226, 21341: 57455, 21344: 57290, 21345: 65877, 21346: 57417, 21348: 1193, 21349: 0, 21351: 72051, 21354: 35259, 21356: 90927, 21357: 85646, 21358: 395, 21363: 65341, 21366: 48266, 21369: 1054, 21370: 1294, 21378: 44206, 21384: 1014, 21398: 519, 21445: 57649, 21446: 69990, 21447: 58096, 21448: 91896, 21450: 1259, 21454: 449, 21455: 69242, 21460: 0, 21462: 82080, 21463: 57972, 21465: 0, 21468: 57070, 21470: 765, 21474: 44206, 21475: 63756, 21477: 75958, 21478: 686, 21479: 1357, 21480: 728, 21481: 85687, 21482: 75379, 21483: 0, 21484: 226, 21487: 0, 21488: 0, 21489: 85700, 21490: 683, 21491: 245, 21492: 57070, 21493: 342, 21494: 50453}",714.6712643678161,normal
607187.066849999,Geração Inicial,1733628197.1578815,0,"{20331: 70342, 20332: 82085, 20333: 49332, 20334: 58096, 20335: 58096, 20336: 57070, 20337: 765, 20338: 1482, 20339: 1617, 20340: 1182, 20341: 48266, 20342: 1489, 20343: 1347, 20344: 1182, 20345: 63099, 20346: 1482, 20347: 1347, 20348: 58096, 20349: 48266, 20350: 1347, 20351: 70373, 20352: 1347, 20353: 1084, 20354: 69990, 20355: 70373, 20356: 1347, 20357: 1182, 20358: 1084, 20359: 57455, 20360: 70342, 20361: 49332, 20362: 82085, 20363: 1617, 20364: 1583, 20365: 82085, 20366: 77145, 20367: 1391, 20368: 90927, 20369: 82085, 20370: 46793, 20371: 57070, 20372: 70342, 20373: 69990, 20378: 82085, 20379: 1583, 20380: 849, 20381: 58096, 20383: 686, 20384: 1084, 20385: 70342, 20386: 63099, 20387: 75421, 20388: 75421, 20389: 57257, 20392: 69242, 20393: 51797, 20394: 75453, 20395: 57070, 20396: 690, 20397: 1084, 20398: 49332, 20399: 1259, 20400: 58096, 20401: 58096, 20402: 57309, 20403: 57309, 20404: 57290, 20405: 1014, 20406: 57455, 20407: 68173, 20408: 728, 20409: 82080, 20410: 67720, 20411: 46494, 20412: 75379, 20413: 1583, 20414: 57455, 20415: 1543, 20416: 743, 20417: 69990, 20418: 57381, 20419: 70342, 20421: 1583, 20422: 70342, 20423: 57381, 20427: 449, 20428: 1259, 20429: 44206, 20432: 1014, 20433: 1543, 20434: 46494, 20436: 44206, 20437: 48922, 20438: 48922, 20439: 1259, 20440: 48922, 20441: 69985, 20442: 44206, 20443: 71117, 20444: 69242, 20445: 522, 20446: 1585, 20447: 690, 20449: 54448, 20450: 52945, 20451: 1161, 20452: 54448, 20453: 75379, 20454: 63270, 20455: 52945, 20456: 51797, 20457: 35245, 20458: 1585, 20459: 35245, 20460: 70342, 20461: 69995, 20462: 57455, 20463: 1583, 20465: 57455, 20466: 913, 20467: 1489, 20468: 78645, 20469: 59008, 20471: 59008, 20472: 1107, 20473: 91896, 20475: 1014, 20476: 1014, 20481: 1288, 20482: 69995, 20484: 1161, 20485: 50588, 20486: 54448, 20487: 1543, 20488: 67720, 20489: 57381, 20490: 805, 20491: 1347, 20492: 683, 20493: 1259, 20494: 57381, 20495: 182, 20496: 849, 20497: 226, 20499: 44206, 20501: 69990, 20503: 83288, 20504: 85710, 20505: 65877, 20506: 78631, 20507: 1294, 20508: 75379, 20509: 46793, 20510: 913, 20511: 85646, 20512: 52945, 20513: 57257, 20514: 226, 20515: 0, 20517: 52945, 20518: 46793, 20519: 913, 20520: 52945, 20521: 70342, 20522: 1161, 20523: 1014, 20524: 1259, 20525: 728, 20527: 69990, 20528: 743, 20530: 1188, 20531: 72051, 20532: 805, 20533: 68182, 20534: 35245, 20535: 1347, 20536: 48922, 20537: 743, 20538: 1014, 20539: 1288, 20540: 91896, 20541: 44206, 20542: 728, 20543: 91896, 20544: 75958, 20545: 449, 20546: 68173, 20547: 1543, 20549: 80479, 20550: 65161, 20552: 57290, 20553: 1014, 20554: 71117, 20555: 75453, 20556: 61726, 20557: 1457, 20558: 75379, 20559: 44206, 20560: 190, 20561: 75379, 20563: 85669, 20564: 1399, 20565: 57070, 20567: 85687, 20569: 1012, 20570: 1585, 20571: 743, 20572: 69985, 20573: 71117, 20574: 35259, 20575: 91896, 20576: 67720, 20577: 449, 20578: 75958, 20579: 35259, 20580: 68173, 20581: 69990, 20582: 690, 20583: 1347, 20584: 48922, 20585: 64790, 20587: 1161, 20588: 1012, 20589: 1585, 20590: 1502, 20591: 449, 20592: 67720, 20593: 690, 20594: 69985, 20595: 73383, 20596: 743, 20597: 683, 20599: 63756, 20600: 2048, 20601: 1161, 20602: 35245, 20605: 35245, 20606: 75379, 20607: 52945, 20608: 1167, 20609: 75379, 20610: 13699, 20611: 1107, 20612: 226, 20613: 85669, 20614: 1457, 20615: 686, 20616: 1116, 20617: 1167, 20618: 57309, 20619: 71117, 20620: 765, 20621: 1288, 20622: 75453, 20624: 1540, 20625: 1457, 20626: 65877, 20628: 65877, 20630: 70342, 20631: 449, 20633: 1347, 20634: 73383, 20635: 13699, 20636: 63756, 20637: 1391, 20638: 728, 20639: 1391, 20640: 62344, 20641: 58096, 20642: 57639, 20643: 85669, 20645: 52945, 20646: 1193, 20647: 953, 20648: 85669, 20650: 1391, 20651: 85669, 20652: 686, 20653: 57639, 20654: 58096, 20655: 1412, 20656: 849, 20659: 54448, 20661: 70342, 20662: 69990, 20663: 63756, 20669: 1259, 20670: 35259, 20671: 57639, 20672: 75453, 20673: 61726, 20675: 78631, 20676: 61726, 20677: 57972, 20678: 1540, 20680: 1502, 20681: 690, 20684: 1188, 20688: 690, 20689: 913, 20690: 66626, 20692: 57309, 20693: 62344, 20694: 69995, 20695: 51797, 20696: 913, 20697: 57257, 20698: 58543, 20699: 64727, 20700: 50588, 20701: 63756, 20702: 1502, 20703: 69995, 20704: 64727, 20705: 66626, 20706: 75453, 20707: 75379, 20708: 226, 20709: 1161, 20710: 0, 20711: 71117, 20712: 0, 20713: 48266, 20714: 52945, 20715: 728, 20716: 46793, 20717: 1167, 20719: 54448, 20720: 63099, 20721: 1012, 20722: 72051, 20723: 1084, 20724: 80479, 20725: 62344, 20726: 0, 20727: 88486, 20729: 75421, 20730: 57070, 20731: 57290, 20732: 35259, 20734: 1014, 20735: 65877, 20736: 69242, 20737: 1502, 20739: 57639, 20740: 1288, 20741: 1116, 20742: 1399, 20743: 46494, 20744: 57417, 20746: 85687, 20747: 54448, 20748: 1347, 20749: 63756, 20750: 85669, 20751: 62344, 20752: 69990, 20754: 1585, 20757: 63270, 20758: 1012, 20759: 953, 20761: 70373, 20762: 70373, 20763: 1482, 20764: 1482, 20765: 75453, 20766: 1482, 20768: 184, 20769: 519, 20770: 77145, 20773: 395, 20774: 57417, 20775: 686, 20777: 2048, 20778: 68650, 20779: 57417, 20781: 395, 20782: 91053, 20784: 57309, 20785: 1167, 20786: 1399, 20789: 35259, 20790: 58543, 20791: 1412, 20792: 1617, 20793: 1188, 20794: 70373, 20795: 69985, 20796: 78631, 20797: 1482, 20798: 75421, 20799: 2048, 20800: 69242, 20802: 182, 20803: 1300, 20804: 146, 20805: 0, 20806: 1391, 20807: 69985, 20808: 85687, 20809: 1084, 20810: 46793, 20811: 49332, 20813: 48266, 20814: 1617, 20815: 82067, 20816: 65341, 20817: 82067, 20818: 63756, 20819: 1188, 20820: 58543, 20821: 1116, 20822: 75379, 20823: 67720, 20824: 1154, 20825: 63756, 20826: 146, 20827: 85687, 20828: 49332, 20829: 73383, 20831: 54448, 20832: 849, 20833: 1291, 20834: 52945, 20835: 46494, 20836: 1294, 20837: 46793, 20838: 1116, 20840: 1084, 20841: 65341, 20842: 1182, 20843: 69995, 20844: 1583, 20845: 1012, 20846: 85710, 20850: 65877, 20852: 1391, 20853: 1223, 20854: 743, 20856: 0, 20858: 57070, 20859: 82070, 20860: 82070, 20861: 63882, 20862: 63882, 20863: 82070, 20864: 395, 20872: 953, 20873: 184, 20874: 0, 20875: 91053, 20876: 78645, 20877: 83288, 20881: 85646, 20883: 1391, 20884: 83288, 20885: 91053, 20886: 59008, 20887: 75453, 20888: 82070, 20889: 57455, 20890: 70500, 20891: 78631, 20892: 83288, 20894: 1107, 20895: 1193, 20897: 75453, 20900: 69995, 20901: 1288, 20902: 65877, 20904: 85700, 20905: 69990, 20906: 1107, 20907: 146, 20909: 65877, 20910: 683, 20911: 953, 20913: 59008, 20916: 1167, 20917: 63882, 20918: 73383, 20919: 63882, 20921: 86055, 20922: 87001, 20923: 519, 20925: 1294, 20926: 65941, 20928: 65941, 20929: 51797, 20930: 61726, 20931: 35245, 20932: 57639, 20933: 72051, 20934: 63099, 20935: 82070, 20936: 72051, 20937: 54448, 20938: 63099, 20939: 68173, 20940: 85700, 20941: 63882, 20942: 63099, 20943: 805, 20944: 1193, 20948: 63882, 20949: 69995, 20950: 87001, 20951: 184, 20953: 0, 20954: 48922, 20955: 1457, 20956: 64727, 20958: 70500, 20959: 72039, 20960: 1193, 20961: 1054, 20962: 65941, 20963: 57639, 20964: 83288, 20965: 85700, 20966: 0, 20967: 1502, 20968: 0, 20969: 64790, 20970: 87001, 20971: 1399, 20973: 1502, 20974: 0, 20975: 1543, 20977: 91053, 20978: 85710, 20979: 0, 20980: 63756, 20981: 184, 20982: 72039, 20983: 1054, 20985: 87001, 20986: 57417, 20987: 0, 20988: 57972, 20990: 1502, 20992: 70500, 20993: 87001, 20995: 57972, 20997: 65877, 20998: 82070, 20999: 72039, 21000: 63882, 21001: 1457, 21002: 58096, 21003: 83288, 21005: 72039, 21006: 63270, 21007: 57639, 21008: 65877, 21009: 63882, 21011: 84328, 21012: 72039, 21013: 64790, 21014: 72039, 21015: 65161, 21016: 63099, 21017: 63756, 21018: 1223, 21019: 59008, 21020: 67720, 21021: 1399, 21022: 72051, 21023: 57290, 21028: 86055, 21030: 85700, 21032: 91053, 21033: 1154, 21034: 1223, 21035: 64790, 21036: 1288, 21037: 44206, 21038: 85710, 21039: 1300, 21041: 72051, 21043: 69995, 21045: 85700, 21047: 54448, 21050: 1167, 21053: 1294, 21055: 57381, 21056: 1585, 21057: 449, 21058: 85669, 21059: 449, 21060: 1107, 21061: 44206, 21062: 1014, 21063: 1543, 21064: 57290, 21065: 72051, 21066: 1543, 21067: 683, 21068: 743, 21069: 690, 21070: 1288, 21072: 0, 21073: 69995, 21074: 35259, 21075: 69242, 21077: 1540, 21084: 82080, 21085: 87984, 21086: 89226, 21087: 57649, 21091: 1540, 21092: 1107, 21093: 85646, 21096: 53429, 21097: 2076, 21098: 1193, 21099: 90998, 21100: 2346, 21101: 2114, 21102: 2076, 21103: 1107, 21104: 63099, 21105: 2114, 21106: 2114, 21107: 73235, 21108: 74355, 21109: 89226, 21110: 90942, 21112: 1391, 21113: 2114, 21115: 2076, 21116: 56939, 21117: 88653, 21118: 1357, 21119: 56939, 21120: 90998, 21121: 2076, 21123: 80140, 21124: 86213, 21125: 56939, 21126: 53429, 21127: 88653, 21128: 57649, 21129: 2114, 21130: 2114, 21132: 57649, 21133: 87984, 21134: 2114, 21135: 56939, 21136: 53429, 21138: 2114, 21139: 74355, 21140: 57649, 21141: 86157, 21142: 88653, 21143: 74355, 21144: 2114, 21145: 80140, 21146: 89226, 21147: 74355, 21148: 53429, 21149: 86213, 21150: 86213, 21151: 86157, 21153: 53429, 21154: 1223, 21155: 86157, 21156: 80140, 21157: 1188, 21159: 53429, 21163: 57417, 21164: 87984, 21165: 2076, 21166: 88653, 21167: 86157, 21168: 90998, 21170: 56939, 21171: 53429, 21172: 88653, 21173: 2076, 21174: 80140, 21175: 2048, 21176: 57649, 21177: 80140, 21178: 2346, 21179: 80140, 21180: 88653, 21181: 86213, 21182: 87984, 21184: 56939, 21185: 0, 21186: 86157, 21187: 0, 21188: 0, 21189: 0, 21190: 1399, 21191: 184, 21192: 146, 21193: 75453, 21194: 0, 21195: 70500, 21196: 849, 21197: 53429, 21198: 2114, 21199: 56939, 21203: 88653, 21205: 80140, 21206: 2346, 21208: 87984, 21209: 80140, 21223: 1188, 21226: 1107, 21227: 1585, 21228: 69990, 21229: 449, 21230: 1502, 21231: 1107, 21232: 46494, 21233: 78645, 21234: 78645, 21235: 683, 21236: 395, 21237: 71117, 21238: 69990, 21239: 46494, 21240: 35259, 21241: 57455, 21244: 50588, 21249: 1012, 21262: 70342, 21265: 1291, 21271: 44206, 21279: 91053, 21280: 59008, 21288: 1167, 21290: 146, 21298: 75379, 21303: 63756, 21304: 1294, 21305: 1107, 21306: 765, 21307: 1457, 21308: 1294, 21311: 1113, 21312: 226, 21313: 71117, 21314: 88486, 21315: 728, 21316: 1502, 21317: 1502, 21318: 395, 21319: 51797, 21322: 82080, 21324: 1347, 21325: 550, 21326: 57455, 21327: 78626, 21328: 550, 21329: 519, 21331: 57972, 21333: 57455, 21334: 0, 21335: 1294, 21336: 1357, 21338: 1167, 21339: 765, 21340: 226, 21341: 51797, 21344: 1543, 21345: 0, 21346: 59008, 21348: 1193, 21349: 0, 21351: 68173, 21354: 1502, 21356: 70171, 21357: 64727, 21358: 1457, 21363: 1084, 21366: 1223, 21369: 1294, 21370: 85669, 21378: 78645, 21384: 683, 21398: 519, 21445: 74355, 21446: 83288, 21447: 85669, 21448: 1617, 21450: 48922, 21454: 1259, 21455: 78645, 21460: 0, 21462: 57381, 21463: 78631, 21465: 0, 21468: 190, 21470: 1107, 21474: 1161, 21475: 1116, 21477: 1585, 21478: 62344, 21479: 1113, 21480: 78626, 21481: 1107, 21482: 849, 21483: 0, 21484: 1182, 21487: 65941, 21488: 1161, 21489: 70500, 21490: 805, 21491: 245, 21492: 190, 21493: 50453, 21494: 342}",714.6712643678161,normal
620928.6627163328,Geração Inicial,1733628199.8444808,0,"{20331: 57455, 20332: 75421, 20333: 1583, 20334: 1291, 20335: 65341, 20336: 65341, 20337: 58096, 20338: 184, 20339: 1617, 20340: 57070, 20341: 184, 20342: 1347, 20343: 1489, 20344: 1489, 20345: 13699, 20346: 70342, 20347: 69242, 20348: 70373, 20349: 849, 20350: 48266, 20351: 75453, 20352: 75421, 20353: 69242, 20354: 57309, 20355: 48266, 20356: 1482, 20357: 849, 20358: 58096, 20359: 1412, 20360: 70342, 20361: 82085, 20362: 1489, 20363: 70342, 20364: 765, 20365: 57309, 20366: 57309, 20367: 1617, 20368: 77145, 20369: 65341, 20370: 48266, 20371: 1347, 20372: 70373, 20373: 1084, 20378: 58096, 20379: 1412, 20380: 686, 20381: 849, 20383: 13699, 20384: 1391, 20385: 68182, 20386: 1412, 20387: 1084, 20388: 1291, 20389: 1412, 20392: 57309, 20393: 63099, 20394: 75453, 20395: 1583, 20396: 1585, 20397: 1412, 20398: 1583, 20399: 743, 20400: 57455, 20401: 57070, 20402: 70342, 20403: 57257, 20404: 1288, 20405: 728, 20406: 67720, 20407: 57455, 20408: 683, 20409: 70342, 20410: 1617, 20411: 67720, 20412: 913, 20413: 1617, 20414: 1188, 20415: 1543, 20416: 683, 20417: 82080, 20418: 57455, 20419: 67720, 20421: 1583, 20422: 65341, 20423: 82080, 20427: 46494, 20428: 683, 20429: 1259, 20432: 449, 20433: 1543, 20434: 48922, 20436: 46494, 20437: 69242, 20438: 1543, 20439: 1543, 20440: 70342, 20441: 69985, 20442: 182, 20443: 1502, 20444: 67720, 20445: 46494, 20446: 1585, 20447: 57381, 20449: 63270, 20450: 1585, 20451: 70342, 20452: 1012, 20453: 69995, 20454: 52945, 20455: 54448, 20456: 51797, 20457: 35245, 20458: 65161, 20459: 913, 20460: 1161, 20461: 54448, 20462: 54448, 20463: 49332, 20465: 1412, 20466: 1585, 20467: 184, 20468: 44206, 20469: 59008, 20471: 522, 20472: 13828, 20473: 1259, 20475: 57381, 20476: 1502, 20481: 57290, 20482: 63270, 20484: 1012, 20485: 35245, 20486: 913, 20487: 1188, 20488: 805, 20489: 44206, 20490: 519, 20491: 1585, 20492: 69242, 20493: 1107, 20494: 44206, 20495: 69990, 20496: 686, 20497: 54448, 20499: 65877, 20501: 226, 20503: 85669, 20504: 1161, 20505: 83288, 20506: 1357, 20507: 62344, 20508: 69995, 20509: 54448, 20510: 52945, 20511: 64727, 20512: 70342, 20513: 69990, 20514: 70500, 20515: 0, 20517: 226, 20518: 75379, 20519: 80479, 20520: 52945, 20521: 1012, 20522: 75379, 20523: 690, 20524: 68173, 20525: 1585, 20527: 46494, 20528: 1288, 20530: 743, 20531: 69990, 20532: 1502, 20533: 1291, 20534: 913, 20535: 67720, 20536: 35259, 20537: 743, 20538: 1014, 20539: 48922, 20540: 59008, 20541: 68173, 20542: 1014, 20543: 743, 20544: 1617, 20545: 69990, 20546: 743, 20547: 1543, 20549: 85646, 20550: 50588, 20552: 44206, 20553: 35259, 20554: 69990, 20555: 1502, 20556: 1540, 20557: 63756, 20558: 57070, 20559: 65877, 20560: 85669, 20561: 75453, 20563: 1391, 20564: 1167, 20565: 63756, 20567: 61726, 20569: 46793, 20570: 1347, 20571: 44206, 20572: 728, 20573: 68173, 20574: 71117, 20575: 67720, 20576: 35259, 20577: 69990, 20578: 91896, 20579: 1617, 20580: 69985, 20581: 449, 20582: 44206, 20583: 68173, 20584: 91896, 20585: 58543, 20587: 913, 20588: 913, 20589: 63756, 20590: 743, 20591: 71117, 20592: 728, 20593: 69985, 20594: 690, 20595: 182, 20596: 69990, 20597: 1347, 20599: 1012, 20600: 57639, 20601: 80479, 20602: 226, 20605: 35245, 20606: 69995, 20607: 1161, 20608: 2048, 20609: 63756, 20610: 63099, 20611: 85710, 20612: 85710, 20613: 85669, 20614: 85669, 20615: 953, 20616: 75453, 20617: 1107, 20618: 69990, 20619: 69995, 20620: 61726, 20621: 686, 20622: 61726, 20624: 686, 20625: 1116, 20626: 61726, 20628: 1054, 20630: 75379, 20631: 1107, 20633: 1259, 20634: 182, 20635: 13699, 20636: 66626, 20637: 70373, 20638: 1288, 20639: 85669, 20640: 1391, 20641: 1193, 20642: 85669, 20643: 58096, 20645: 1391, 20646: 57639, 20647: 62344, 20648: 58096, 20650: 62344, 20651: 686, 20652: 953, 20653: 1193, 20654: 52945, 20655: 1084, 20656: 51797, 20659: 913, 20661: 1161, 20662: 849, 20663: 64727, 20669: 1502, 20670: 1540, 20671: 73235, 20672: 75379, 20673: 78631, 20675: 75379, 20676: 62344, 20677: 57639, 20678: 57309, 20680: 1188, 20681: 1107, 20684: 395, 20688: 1288, 20689: 66626, 20690: 64727, 20692: 57257, 20693: 78631, 20694: 64727, 20695: 48266, 20696: 1173, 20697: 69242, 20698: 85669, 20699: 50588, 20700: 54448, 20701: 1173, 20702: 62344, 20703: 1173, 20704: 913, 20705: 50588, 20706: 75421, 20707: 69995, 20708: 57972, 20709: 1161, 20710: 1161, 20711: 395, 20712: 0, 20713: 48266, 20714: 52945, 20715: 46494, 20716: 913, 20717: 62344, 20719: 54448, 20720: 1347, 20721: 70342, 20722: 73383, 20723: 63099, 20724: 46793, 20725: 58543, 20726: 0, 20727: 1012, 20729: 1084, 20730: 83288, 20731: 1014, 20732: 85710, 20734: 743, 20735: 57972, 20736: 67720, 20737: 46494, 20739: 1391, 20740: 1014, 20741: 63756, 20742: 1357, 20743: 1012, 20744: 52945, 20746: 57070, 20747: 1154, 20748: 85687, 20749: 46494, 20750: 1502, 20751: 75453, 20752: 85669, 20754: 690, 20757: 1161, 20758: 80479, 20759: 1193, 20761: 1482, 20762: 1482, 20763: 58096, 20764: 75453, 20765: 686, 20766: 1482, 20768: 0, 20769: 519, 20770: 77145, 20773: 68650, 20774: 57417, 20775: 1182, 20777: 1347, 20778: 57070, 20779: 70500, 20781: 68650, 20782: 54448, 20784: 1167, 20785: 68650, 20786: 1300, 20789: 690, 20790: 1540, 20791: 1617, 20792: 849, 20793: 184, 20794: 49332, 20795: 805, 20796: 78631, 20797: 69242, 20798: 70373, 20799: 2048, 20800: 1482, 20802: 69242, 20803: 1154, 20804: 1154, 20805: 2048, 20806: 58543, 20807: 805, 20808: 85687, 20809: 82085, 20810: 63099, 20811: 49332, 20813: 57070, 20814: 184, 20815: 85687, 20816: 765, 20817: 82067, 20818: 1116, 20819: 44206, 20820: 57639, 20821: 1012, 20822: 1107, 20823: 1259, 20824: 1399, 20825: 75379, 20826: 85710, 20827: 83288, 20828: 226, 20829: 182, 20831: 57290, 20832: 1116, 20833: 57257, 20834: 54448, 20835: 69990, 20836: 765, 20837: 70373, 20838: 62344, 20840: 1182, 20841: 57455, 20842: 44206, 20843: 69995, 20844: 1084, 20845: 849, 20846: 1300, 20850: 65877, 20852: 1617, 20853: 1167, 20854: 13828, 20856: 46793, 20858: 70373, 20859: 63882, 20860: 63882, 20861: 82070, 20862: 82070, 20863: 82070, 20864: 226, 20872: 953, 20873: 184, 20874: 0, 20875: 78631, 20876: 73383, 20877: 82070, 20881: 75453, 20883: 67720, 20884: 82070, 20885: 91053, 20886: 64727, 20887: 1054, 20888: 65877, 20889: 1347, 20890: 57309, 20891: 85646, 20892: 72039, 20894: 65877, 20895: 75453, 20897: 69995, 20900: 1054, 20901: 1223, 20902: 72039, 20904: 67720, 20905: 69985, 20906: 57309, 20907: 65161, 20909: 65877, 20910: 69985, 20911: 1182, 20913: 82080, 20916: 1054, 20917: 63882, 20918: 48922, 20919: 72039, 20921: 52945, 20922: 84328, 20923: 1543, 20925: 1294, 20926: 1300, 20928: 64790, 20929: 51797, 20930: 0, 20931: 85700, 20932: 63756, 20933: 57290, 20934: 63099, 20935: 82070, 20936: 64790, 20937: 1193, 20938: 1193, 20939: 1014, 20940: 91053, 20941: 84328, 20942: 69995, 20943: 72051, 20944: 57639, 20948: 63882, 20949: 146, 20950: 63882, 20951: 63270, 20953: 63099, 20954: 35259, 20955: 226, 20956: 1288, 20958: 58543, 20959: 87001, 20960: 1399, 20961: 1502, 20962: 51797, 20963: 0, 20964: 57972, 20965: 1193, 20966: 1288, 20967: 1502, 20968: 59008, 20969: 72051, 20970: 87001, 20971: 0, 20973: 1502, 20974: 146, 20975: 63270, 20977: 69995, 20978: 85710, 20979: 0, 20980: 0, 20981: 91053, 20982: 57972, 20983: 63756, 20985: 87001, 20986: 57417, 20987: 0, 20988: 85710, 20990: 63756, 20992: 63270, 20993: 57972, 20995: 1054, 20997: 87001, 20998: 82070, 20999: 57972, 21000: 63882, 21001: 49332, 21002: 46494, 21003: 57972, 21005: 72039, 21006: 57417, 21007: 1457, 21008: 65877, 21009: 63882, 21011: 72039, 21012: 84328, 21013: 57639, 21014: 72039, 21015: 85700, 21016: 65941, 21017: 91053, 21018: 48266, 21019: 72051, 21020: 690, 21021: 1543, 21022: 52945, 21023: 1188, 21028: 86055, 21030: 85700, 21032: 57417, 21033: 1154, 21034: 57455, 21035: 1457, 21036: 71117, 21037: 1300, 21038: 85710, 21039: 146, 21041: 59008, 21043: 226, 21045: 65941, 21047: 86055, 21050: 686, 21053: 1294, 21055: 82080, 21056: 1585, 21057: 1107, 21058: 1399, 21059: 395, 21060: 519, 21061: 1259, 21062: 683, 21063: 48922, 21064: 1107, 21065: 1188, 21066: 449, 21067: 78645, 21068: 690, 21069: 73383, 21070: 57381, 21072: 1107, 21073: 1182, 21074: 59008, 21075: 78645, 21077: 1540, 21084: 1617, 21085: 2114, 21086: 90942, 21087: 90998, 21091: 1357, 21092: 1357, 21093: 1457, 21096: 56939, 21097: 56939, 21098: 64790, 21099: 2114, 21100: 56939, 21101: 88653, 21102: 53429, 21103: 1116, 21104: 63099, 21105: 88653, 21106: 2076, 21107: 65877, 21108: 57649, 21109: 2346, 21110: 89226, 21112: 61726, 21113: 2114, 21115: 53429, 21116: 74355, 21117: 2346, 21118: 88486, 21119: 2076, 21120: 86213, 21121: 80140, 21123: 80140, 21124: 90998, 21125: 57649, 21126: 74355, 21127: 80140, 21128: 53429, 21129: 53429, 21130: 2114, 21132: 53429, 21133: 87984, 21134: 74355, 21135: 89226, 21136: 57649, 21138: 74355, 21139: 2076, 21140: 57649, 21141: 53429, 21142: 2076, 21143: 74355, 21144: 2114, 21145: 57649, 21146: 89226, 21147: 80140, 21148: 89226, 21149: 80140, 21150: 86157, 21151: 87984, 21153: 89226, 21154: 57417, 21155: 80140, 21156: 86213, 21157: 1223, 21159: 2346, 21163: 44206, 21164: 86213, 21165: 86213, 21166: 2076, 21167: 2076, 21168: 56939, 21170: 56939, 21171: 86213, 21172: 86213, 21173: 2076, 21174: 2076, 21175: 1223, 21176: 90998, 21177: 87984, 21178: 57649, 21179: 87984, 21180: 57649, 21181: 87984, 21182: 86157, 21184: 86157, 21185: 0, 21186: 56939, 21187: 0, 21188: 0, 21189: 0, 21190: 75379, 21191: 184, 21192: 1347, 21193: 63756, 21194: 0, 21195: 1399, 21196: 1347, 21197: 57649, 21198: 53429, 21199: 87984, 21203: 87984, 21205: 80140, 21206: 87984, 21208: 87984, 21209: 80140, 21223: 46494, 21226: 395, 21227: 48922, 21228: 1107, 21229: 395, 21230: 1259, 21231: 395, 21232: 44206, 21233: 57381, 21234: 59008, 21235: 78645, 21236: 68173, 21237: 1288, 21238: 71117, 21239: 805, 21240: 728, 21241: 449, 21244: 50588, 21249: 1161, 21262: 58096, 21265: 70373, 21271: 85700, 21279: 1391, 21280: 59008, 21288: 78631, 21290: 63756, 21298: 52945, 21303: 226, 21304: 1540, 21305: 1294, 21306: 71117, 21307: 1457, 21308: 1294, 21311: 85669, 21312: 1294, 21313: 1113, 21314: 1113, 21315: 728, 21316: 1357, 21317: 71117, 21318: 226, 21319: 765, 21322: 71117, 21324: 395, 21325: 550, 21326: 57455, 21327: 1347, 21328: 35259, 21329: 78626, 21331: 57972, 21333: 51797, 21334: 0, 21335: 1054, 21336: 1540, 21338: 1540, 21339: 1054, 21340: 88486, 21341: 51797, 21344: 1288, 21345: 72039, 21346: 85646, 21348: 1193, 21349: 184, 21351: 449, 21354: 519, 21356: 82085, 21357: 64727, 21358: 35245, 21363: 1291, 21366: 70500, 21369: 1357, 21370: 226, 21378: 69990, 21384: 1188, 21398: 519, 21445: 57649, 21446: 1107, 21447: 1540, 21448: 71117, 21450: 1259, 21454: 46494, 21455: 683, 21460: 0, 21462: 57381, 21463: 78631, 21465: 0, 21468: 1116, 21470: 1347, 21474: 1357, 21475: 1012, 21477: 75958, 21478: 1399, 21479: 1167, 21480: 78626, 21481: 849, 21482: 190, 21483: 0, 21484: 1167, 21487: 72051, 21488: 65161, 21489: 65941, 21490: 1188, 21491: 245, 21492: 190, 21493: 342, 21494: 50453}",714.6712643678161,normal
616467.2111113332,Geração Inicial,1733628202.6671832,0,"{20331: 69990, 20332: 48266, 20333: 849, 20334: 46793, 20335: 49332, 20336: 57257, 20337: 75421, 20338: 65341, 20339: 70342, 20340: 1182, 20341: 65341, 20342: 57070, 20343: 69990, 20344: 1391, 20345: 1412, 20346: 1583, 20347: 70373, 20348: 69990, 20349: 75453, 20350: 1489, 20351: 1182, 20352: 1347, 20353: 51797, 20354: 46793, 20355: 184, 20356: 75421, 20357: 57070, 20358: 1294, 20359: 1412, 20360: 1347, 20361: 82085, 20362: 1489, 20363: 1482, 20364: 46793, 20365: 65341, 20366: 90927, 20367: 82085, 20368: 57309, 20369: 70171, 20370: 57070, 20371: 70342, 20372: 49332, 20373: 69990, 20378: 46793, 20379: 57455, 20380: 1182, 20381: 1489, 20383: 70373, 20384: 1391, 20385: 70373, 20386: 75421, 20387: 1391, 20388: 1412, 20389: 1084, 20392: 75453, 20393: 1489, 20394: 51797, 20395: 2048, 20396: 728, 20397: 1347, 20398: 2048, 20399: 1617, 20400: 70342, 20401: 1347, 20402: 1291, 20403: 1617, 20404: 743, 20405: 70342, 20406: 1617, 20407: 690, 20408: 1259, 20409: 1288, 20410: 70342, 20411: 1107, 20412: 35245, 20413: 57309, 20414: 728, 20415: 1347, 20416: 395, 20417: 743, 20418: 1347, 20419: 1107, 20421: 57309, 20422: 1294, 20423: 1585, 20427: 72051, 20428: 1014, 20429: 68173, 20432: 57290, 20433: 48922, 20434: 48922, 20436: 44206, 20437: 69242, 20438: 1502, 20439: 46494, 20440: 73383, 20441: 728, 20442: 73383, 20443: 1107, 20444: 72051, 20445: 683, 20446: 78645, 20447: 91896, 20449: 63270, 20450: 913, 20451: 52945, 20452: 63270, 20453: 80479, 20454: 913, 20455: 54448, 20456: 35245, 20457: 913, 20458: 1161, 20459: 35245, 20460: 1585, 20461: 1161, 20462: 1300, 20463: 1291, 20465: 57257, 20466: 1012, 20467: 849, 20468: 1347, 20469: 690, 20471: 59008, 20472: 71117, 20473: 82080, 20475: 69985, 20476: 82080, 20481: 1288, 20482: 69995, 20484: 1161, 20485: 1585, 20486: 70342, 20487: 57290, 20488: 1188, 20489: 57455, 20490: 1014, 20491: 78645, 20492: 522, 20493: 46494, 20494: 91896, 20495: 1259, 20496: 1391, 20497: 63270, 20499: 1167, 20501: 85669, 20503: 78631, 20504: 75379, 20505: 57070, 20506: 1113, 20507: 85710, 20508: 63270, 20509: 75379, 20510: 54448, 20511: 64727, 20512: 54448, 20513: 68182, 20514: 1188, 20515: 52945, 20517: 75379, 20518: 69995, 20519: 52945, 20520: 75379, 20521: 63270, 20522: 52945, 20523: 519, 20524: 743, 20525: 1585, 20527: 57381, 20528: 1014, 20530: 69242, 20531: 46494, 20532: 1502, 20533: 63099, 20534: 35245, 20535: 1617, 20536: 44206, 20537: 1585, 20538: 70342, 20539: 91896, 20540: 1347, 20541: 1585, 20542: 67720, 20543: 449, 20544: 1617, 20545: 59008, 20546: 743, 20547: 2048, 20549: 913, 20550: 65161, 20552: 82080, 20553: 46494, 20554: 57455, 20555: 63756, 20556: 63756, 20557: 1012, 20558: 78631, 20559: 83288, 20560: 58096, 20561: 65877, 20563: 1502, 20564: 686, 20565: 85710, 20567: 65877, 20569: 50588, 20570: 69990, 20571: 1014, 20572: 69985, 20573: 68173, 20574: 1014, 20575: 48922, 20576: 67720, 20577: 59008, 20578: 44206, 20579: 1347, 20580: 35259, 20581: 71117, 20582: 35259, 20583: 449, 20584: 1288, 20585: 395, 20587: 52945, 20588: 85646, 20589: 1585, 20590: 67720, 20591: 35259, 20592: 1502, 20593: 1014, 20594: 728, 20595: 1014, 20596: 1107, 20597: 1107, 20599: 1585, 20600: 1223, 20601: 70342, 20602: 35245, 20605: 35245, 20606: 54448, 20607: 1173, 20608: 75379, 20609: 63756, 20610: 1291, 20611: 1116, 20612: 75453, 20613: 1116, 20614: 85669, 20615: 765, 20616: 849, 20617: 65877, 20618: 765, 20619: 226, 20620: 85710, 20621: 686, 20622: 686, 20624: 686, 20625: 1167, 20626: 1182, 20628: 69995, 20630: 50588, 20631: 68173, 20633: 1259, 20634: 1585, 20635: 686, 20636: 63756, 20637: 75421, 20638: 67720, 20639: 85669, 20640: 85669, 20641: 58096, 20642: 1391, 20643: 57639, 20645: 57639, 20646: 62344, 20647: 1193, 20648: 1391, 20650: 953, 20651: 1193, 20652: 1193, 20653: 57639, 20654: 58096, 20655: 1482, 20656: 69242, 20659: 63756, 20661: 1173, 20662: 1291, 20663: 66626, 20669: 72051, 20670: 61726, 20671: 62344, 20672: 1391, 20673: 65877, 20675: 57639, 20676: 73235, 20677: 57972, 20678: 35259, 20680: 1543, 20681: 1014, 20684: 805, 20688: 1617, 20689: 64727, 20690: 66626, 20692: 70373, 20693: 58096, 20694: 52945, 20695: 46793, 20696: 64727, 20697: 58096, 20698: 58543, 20699: 913, 20700: 69995, 20701: 1173, 20702: 765, 20703: 75379, 20704: 50588, 20705: 913, 20706: 70373, 20707: 66626, 20708: 1161, 20709: 1161, 20710: 1161, 20711: 44206, 20712: 0, 20713: 1084, 20714: 52945, 20715: 48922, 20716: 1012, 20717: 58096, 20719: 35245, 20720: 63099, 20721: 46793, 20722: 57290, 20723: 51797, 20724: 80479, 20725: 1167, 20726: 0, 20727: 1357, 20729: 1617, 20730: 1288, 20731: 690, 20732: 1457, 20734: 519, 20735: 65877, 20736: 13828, 20737: 182, 20739: 78631, 20740: 69990, 20741: 83288, 20742: 686, 20743: 1357, 20744: 68650, 20746: 1116, 20747: 1154, 20748: 57070, 20749: 1161, 20750: 46494, 20751: 85687, 20752: 75379, 20754: 690, 20757: 1012, 20758: 69995, 20759: 686, 20761: 686, 20762: 1482, 20763: 63099, 20764: 1084, 20765: 75453, 20766: 63099, 20768: 184, 20769: 449, 20770: 77145, 20773: 48266, 20774: 52945, 20775: 58096, 20777: 75453, 20778: 1457, 20779: 54448, 20781: 1167, 20782: 75379, 20784: 1399, 20785: 49332, 20786: 64790, 20789: 1259, 20790: 58543, 20791: 1482, 20792: 184, 20793: 1300, 20794: 70342, 20795: 805, 20796: 57455, 20797: 69242, 20798: 13699, 20799: 70373, 20800: 1084, 20802: 82080, 20803: 63270, 20804: 1188, 20805: 13699, 20806: 1391, 20807: 46494, 20808: 82067, 20809: 1482, 20810: 46793, 20811: 70342, 20813: 48266, 20814: 49332, 20815: 82067, 20816: 57455, 20817: 82067, 20818: 83288, 20819: 57381, 20820: 58543, 20821: 63756, 20822: 44206, 20823: 1107, 20824: 54448, 20825: 69990, 20826: 1457, 20827: 78631, 20828: 1223, 20829: 1107, 20831: 72051, 20832: 57639, 20833: 849, 20834: 86055, 20835: 62344, 20836: 1617, 20837: 0, 20838: 46494, 20840: 1583, 20841: 57257, 20842: 83288, 20843: 226, 20844: 1291, 20845: 1167, 20846: 1457, 20850: 83288, 20852: 70171, 20853: 1300, 20854: 69990, 20856: 0, 20858: 1347, 20859: 82070, 20860: 82070, 20861: 63882, 20862: 63882, 20863: 82070, 20864: 395, 20872: 953, 20873: 395, 20874: 184, 20875: 75379, 20876: 182, 20877: 65877, 20881: 91053, 20883: 75453, 20884: 57972, 20885: 75453, 20886: 75379, 20887: 1540, 20888: 82070, 20889: 57290, 20890: 70500, 20891: 57417, 20892: 82070, 20894: 1054, 20895: 1193, 20897: 85669, 20900: 1540, 20901: 69995, 20902: 83288, 20904: 59008, 20905: 1259, 20906: 1054, 20907: 64790, 20909: 0, 20910: 71117, 20911: 1116, 20913: 805, 20916: 1457, 20917: 87001, 20918: 69985, 20919: 72039, 20921: 86055, 20922: 72039, 20923: 743, 20925: 1294, 20926: 35245, 20928: 1188, 20929: 51797, 20930: 61726, 20931: 1347, 20932: 69995, 20933: 72051, 20934: 1193, 20935: 87001, 20936: 58543, 20937: 146, 20938: 63099, 20939: 395, 20940: 65941, 20941: 87001, 20942: 146, 20943: 73383, 20944: 75453, 20948: 63882, 20949: 64727, 20950: 84328, 20951: 44206, 20953: 1399, 20954: 35259, 20955: 1107, 20956: 1288, 20958: 1193, 20959: 87001, 20960: 1399, 20961: 1502, 20962: 1223, 20963: 59008, 20964: 72039, 20965: 1300, 20966: 0, 20967: 1502, 20968: 0, 20969: 1223, 20970: 83288, 20971: 0, 20973: 1116, 20974: 0, 20975: 85710, 20977: 91053, 20978: 63756, 20979: 0, 20980: 0, 20981: 57070, 20982: 87001, 20983: 1502, 20985: 87001, 20986: 184, 20987: 0, 20988: 57972, 20990: 1054, 20992: 728, 20993: 57972, 20995: 85710, 20997: 72039, 20998: 63882, 20999: 72039, 21000: 82070, 21001: 68650, 21002: 57639, 21003: 57972, 21005: 83288, 21006: 57417, 21007: 226, 21008: 61726, 21009: 63882, 21011: 72039, 21012: 87001, 21013: 2048, 21014: 65877, 21015: 65161, 21016: 63099, 21017: 72051, 21018: 146, 21019: 70500, 21020: 449, 21021: 1543, 21022: 63756, 21023: 57417, 21028: 85700, 21030: 86055, 21032: 68650, 21033: 52945, 21034: 64790, 21035: 146, 21036: 71117, 21037: 728, 21038: 85710, 21039: 91053, 21041: 1223, 21043: 57417, 21045: 65941, 21047: 86055, 21050: 65877, 21053: 1294, 21055: 82080, 21056: 1585, 21057: 449, 21058: 1107, 21059: 395, 21060: 519, 21061: 48922, 21062: 1188, 21063: 78645, 21064: 70342, 21065: 683, 21066: 72051, 21067: 72051, 21068: 1014, 21069: 48922, 21070: 1543, 21072: 1543, 21073: 57309, 21074: 59008, 21075: 46494, 21077: 1540, 21084: 35259, 21085: 57649, 21086: 89226, 21087: 88653, 21091: 85669, 21092: 58096, 21093: 78631, 21096: 2076, 21097: 53429, 21098: 1300, 21099: 90998, 21100: 74355, 21101: 53429, 21102: 74355, 21103: 1107, 21104: 59008, 21105: 74355, 21106: 56939, 21107: 62344, 21108: 2114, 21109: 89226, 21110: 89226, 21112: 73235, 21113: 56939, 21115: 53429, 21116: 57649, 21117: 2114, 21118: 765, 21119: 2346, 21120: 2076, 21121: 2114, 21123: 80140, 21124: 86213, 21125: 2114, 21126: 74355, 21127: 57649, 21128: 53429, 21129: 57649, 21130: 57649, 21132: 53429, 21133: 2114, 21134: 53429, 21135: 2076, 21136: 57649, 21138: 2114, 21139: 2346, 21140: 53429, 21141: 87984, 21142: 80140, 21143: 74355, 21144: 2114, 21145: 2076, 21146: 89226, 21147: 53429, 21148: 80140, 21149: 86157, 21150: 86157, 21151: 87984, 21153: 80140, 21154: 44206, 21155: 80140, 21156: 80140, 21157: 1288, 21159: 88653, 21163: 146, 21164: 86213, 21165: 87984, 21166: 87984, 21167: 80140, 21168: 88653, 21170: 86213, 21171: 2076, 21172: 90998, 21173: 56939, 21174: 88653, 21175: 0, 21176: 80140, 21177: 2076, 21178: 2346, 21179: 86157, 21180: 90998, 21181: 2114, 21182: 86213, 21184: 86213, 21185: 0, 21186: 86157, 21187: 0, 21188: 0, 21189: 0, 21190: 1154, 21191: 184, 21192: 85700, 21193: 1193, 21194: 0, 21195: 226, 21196: 58096, 21197: 2114, 21198: 53429, 21199: 87984, 21203: 56939, 21205: 89226, 21206: 87984, 21208: 87984, 21209: 80140, 21223: 57290, 21226: 67720, 21227: 449, 21228: 1259, 21229: 519, 21230: 683, 21231: 519, 21232: 1107, 21233: 46494, 21234: 69985, 21235: 182, 21236: 519, 21237: 57290, 21238: 57381, 21239: 743, 21240: 683, 21241: 395, 21244: 1173, 21249: 80479, 21262: 1182, 21265: 686, 21271: 72051, 21279: 57639, 21280: 78631, 21288: 1457, 21290: 85700, 21298: 1399, 21303: 728, 21304: 1357, 21305: 1347, 21306: 1502, 21307: 1167, 21308: 226, 21311: 226, 21312: 765, 21313: 1113, 21314: 1167, 21315: 57455, 21316: 1540, 21317: 1113, 21318: 1167, 21319: 57455, 21322: 69242, 21324: 46494, 21325: 78626, 21326: 550, 21327: 46494, 21328: 13828, 21329: 13828, 21331: 57972, 21333: 51797, 21334: 0, 21335: 1457, 21336: 1540, 21338: 35259, 21339: 1540, 21340: 1054, 21341: 57455, 21344: 69995, 21345: 65877, 21346: 91053, 21348: 1193, 21349: 0, 21351: 1014, 21354: 550, 21356: 77145, 21357: 75379, 21358: 35245, 21363: 849, 21366: 63270, 21369: 35259, 21370: 1107, 21378: 48922, 21384: 68173, 21398: 78626, 21445: 74355, 21446: 44206, 21447: 849, 21448: 690, 21450: 78645, 21454: 57290, 21455: 78645, 21460: 0, 21462: 1585, 21463: 61726, 21465: 0, 21468: 75453, 21470: 71117, 21474: 1161, 21475: 1012, 21477: 91896, 21478: 190, 21479: 1457, 21480: 71117, 21481: 1161, 21482: 61726, 21483: 1084, 21484: 1107, 21487: 51797, 21488: 50588, 21489: 48266, 21490: 82080, 21491: 245, 21492: 849, 21493: 50453, 21494: 342}",714.6712643678161,normal
626401.8819966674,Geração Inicial,1733628205.30127,0,"{20331: 75421, 20332: 1291, 20333: 57309, 20334: 49332, 20335: 849, 20336: 57455, 20337: 1347, 20338: 1347, 20339: 1084, 20340: 1294, 20341: 46793, 20342: 686, 20343: 69990, 20344: 70342, 20345: 70373, 20346: 13699, 20347: 1182, 20348: 51797, 20349: 46793, 20350: 69242, 20351: 75453, 20352: 75421, 20353: 75421, 20354: 48266, 20355: 1084, 20356: 1347, 20357: 57455, 20358: 184, 20359: 1412, 20360: 1482, 20361: 1291, 20362: 70342, 20363: 49332, 20364: 65341, 20365: 1617, 20366: 1391, 20367: 1617, 20368: 90927, 20369: 77145, 20370: 1347, 20371: 70373, 20372: 46793, 20373: 2048, 20378: 1291, 20379: 69990, 20380: 1182, 20381: 686, 20383: 68182, 20384: 68182, 20385: 1583, 20386: 13699, 20387: 57257, 20388: 57257, 20389: 70373, 20392: 46793, 20393: 63099, 20394: 75453, 20395: 765, 20396: 728, 20397: 46793, 20398: 58096, 20399: 70342, 20400: 1489, 20401: 1617, 20402: 2048, 20403: 57070, 20404: 395, 20405: 57290, 20406: 1543, 20407: 57290, 20408: 743, 20409: 46494, 20410: 35259, 20411: 69990, 20412: 54448, 20413: 1583, 20414: 82080, 20415: 1188, 20416: 57381, 20417: 1188, 20418: 1617, 20419: 1502, 20421: 57455, 20422: 1084, 20423: 1502, 20427: 1107, 20428: 69242, 20429: 69242, 20432: 78645, 20433: 68173, 20434: 48922, 20436: 1107, 20437: 1543, 20438: 1347, 20439: 449, 20440: 46494, 20441: 70342, 20442: 743, 20443: 1347, 20444: 522, 20445: 683, 20446: 72051, 20447: 73383, 20449: 70342, 20450: 54448, 20451: 1585, 20452: 1161, 20453: 75379, 20454: 913, 20455: 52945, 20456: 1585, 20457: 63270, 20458: 50588, 20459: 35245, 20460: 35245, 20461: 50588, 20462: 44206, 20463: 1583, 20465: 49332, 20466: 51797, 20467: 58096, 20468: 78645, 20469: 522, 20471: 522, 20472: 67720, 20473: 57381, 20475: 69990, 20476: 1288, 20481: 57381, 20482: 52945, 20484: 63756, 20485: 63270, 20486: 54448, 20487: 519, 20488: 71117, 20489: 35259, 20490: 1585, 20491: 46494, 20492: 69242, 20493: 522, 20494: 522, 20495: 69985, 20496: 849, 20497: 913, 20499: 1502, 20501: 1113, 20503: 35259, 20504: 69995, 20505: 69990, 20506: 1107, 20507: 1357, 20508: 75379, 20509: 69995, 20510: 52945, 20511: 75379, 20512: 52945, 20513: 75421, 20514: 1457, 20515: 54448, 20517: 69995, 20518: 1585, 20519: 1161, 20520: 54448, 20521: 35245, 20522: 1161, 20523: 395, 20524: 1014, 20525: 743, 20527: 44206, 20528: 71117, 20530: 59008, 20531: 683, 20532: 805, 20533: 57257, 20534: 1161, 20535: 1288, 20536: 75958, 20537: 690, 20538: 71117, 20539: 690, 20540: 1617, 20541: 70342, 20542: 1585, 20543: 1288, 20544: 1585, 20545: 44206, 20546: 59008, 20547: 35245, 20549: 913, 20550: 65161, 20552: 690, 20553: 82080, 20554: 1188, 20555: 1391, 20556: 686, 20557: 85687, 20558: 85669, 20559: 849, 20560: 57070, 20561: 1012, 20563: 85669, 20564: 57639, 20565: 1107, 20567: 190, 20569: 51797, 20570: 35259, 20571: 1585, 20572: 69985, 20573: 35259, 20574: 68173, 20575: 1014, 20576: 59008, 20577: 48922, 20578: 67720, 20579: 91896, 20580: 68173, 20581: 1288, 20582: 449, 20583: 728, 20584: 35259, 20585: 1188, 20587: 51797, 20588: 80479, 20589: 1012, 20590: 35259, 20591: 67720, 20592: 82080, 20593: 72051, 20594: 73383, 20595: 67720, 20596: 182, 20597: 1502, 20599: 51797, 20600: 226, 20601: 85646, 20602: 226, 20605: 35245, 20606: 50588, 20607: 69995, 20608: 85710, 20609: 66626, 20610: 69990, 20611: 75453, 20612: 75453, 20613: 69995, 20614: 69995, 20615: 953, 20616: 1116, 20617: 75453, 20618: 1107, 20619: 75453, 20620: 765, 20621: 1182, 20622: 765, 20624: 1540, 20625: 85710, 20626: 765, 20628: 849, 20630: 63756, 20631: 1585, 20633: 522, 20634: 1502, 20635: 75421, 20636: 69995, 20637: 1412, 20638: 70500, 20639: 1391, 20640: 62344, 20641: 1193, 20642: 953, 20643: 686, 20645: 58096, 20646: 1193, 20647: 57639, 20648: 85669, 20650: 57639, 20651: 686, 20652: 52945, 20653: 1193, 20654: 1391, 20655: 1291, 20656: 51797, 20659: 66626, 20661: 52945, 20662: 69990, 20663: 1173, 20669: 82080, 20670: 61726, 20671: 61726, 20672: 75453, 20673: 75379, 20675: 57972, 20676: 65877, 20677: 78631, 20678: 1391, 20680: 728, 20681: 805, 20684: 44206, 20688: 1347, 20689: 54448, 20690: 52945, 20692: 70342, 20693: 1167, 20694: 1173, 20695: 70373, 20696: 54448, 20697: 1084, 20698: 62344, 20699: 64727, 20700: 1161, 20701: 64727, 20702: 57639, 20703: 913, 20704: 54448, 20705: 1161, 20706: 63099, 20707: 913, 20708: 765, 20709: 1161, 20710: 0, 20711: 71117, 20712: 0, 20713: 57309, 20714: 52945, 20715: 690, 20716: 913, 20717: 1167, 20719: 226, 20720: 75453, 20721: 46793, 20722: 57290, 20723: 48266, 20724: 80479, 20725: 58096, 20726: 0, 20727: 1399, 20729: 57309, 20730: 46494, 20731: 1014, 20732: 226, 20734: 82080, 20735: 75379, 20736: 78645, 20737: 1107, 20739: 61726, 20740: 683, 20741: 85710, 20742: 1399, 20743: 62344, 20744: 57290, 20746: 65877, 20747: 1300, 20748: 1357, 20749: 61726, 20750: 78631, 20751: 83288, 20752: 190, 20754: 1543, 20757: 1161, 20758: 75379, 20759: 85669, 20761: 1482, 20762: 58096, 20763: 63099, 20764: 75453, 20765: 1084, 20766: 1391, 20768: 184, 20769: 1107, 20770: 77145, 20773: 57639, 20774: 1223, 20775: 57070, 20777: 1489, 20778: 1543, 20779: 1223, 20781: 1399, 20782: 57309, 20784: 57455, 20785: 395, 20786: 49332, 20789: 1259, 20790: 1540, 20791: 1084, 20792: 1583, 20793: 1543, 20794: 49332, 20795: 69985, 20796: 75379, 20797: 1084, 20798: 2048, 20799: 70373, 20800: 1482, 20802: 73383, 20803: 146, 20804: 1399, 20805: 2048, 20806: 686, 20807: 1188, 20808: 85687, 20809: 1489, 20810: 63099, 20811: 1347, 20813: 48266, 20814: 1583, 20815: 82067, 20816: 49332, 20817: 82067, 20818: 75379, 20819: 71117, 20820: 85669, 20821: 65877, 20822: 46494, 20823: 1188, 20824: 146, 20825: 62344, 20826: 63270, 20827: 78631, 20828: 184, 20829: 72051, 20831: 54448, 20832: 46494, 20833: 65341, 20834: 58543, 20835: 63756, 20836: 1617, 20837: 70373, 20838: 85687, 20840: 1291, 20841: 1294, 20842: 69990, 20843: 1300, 20844: 1182, 20845: 1357, 20846: 51797, 20850: 83288, 20852: 82085, 20853: 1300, 20854: 683, 20856: 0, 20858: 48266, 20859: 63882, 20860: 63882, 20861: 82070, 20862: 82070, 20863: 63882, 20864: 395, 20872: 953, 20873: 184, 20874: 0, 20875: 78631, 20876: 69242, 20877: 83288, 20881: 59008, 20883: 70500, 20884: 83288, 20885: 70500, 20886: 67720, 20887: 1054, 20888: 63882, 20889: 69990, 20890: 1391, 20891: 57639, 20892: 65877, 20894: 1116, 20895: 63756, 20897: 85710, 20900: 69995, 20901: 146, 20902: 65877, 20904: 75453, 20905: 69985, 20906: 65877, 20907: 57309, 20909: 0, 20910: 69985, 20911: 1288, 20913: 91896, 20916: 85669, 20917: 87001, 20918: 48922, 20919: 72039, 20921: 54448, 20922: 63882, 20923: 57290, 20925: 1294, 20926: 1193, 20928: 85700, 20929: 85710, 20930: 61726, 20931: 58543, 20932: 728, 20933: 805, 20934: 63099, 20935: 82070, 20936: 1193, 20937: 64727, 20938: 1193, 20939: 1288, 20940: 85700, 20941: 84328, 20942: 64790, 20943: 46494, 20944: 146, 20948: 65877, 20949: 57639, 20950: 82070, 20951: 184, 20953: 67720, 20954: 91896, 20955: 226, 20956: 69995, 20958: 63270, 20959: 57972, 20960: 44206, 20961: 57972, 20962: 72051, 20963: 59008, 20964: 87001, 20965: 75453, 20966: 1399, 20967: 57972, 20968: 63099, 20969: 65161, 20970: 65877, 20971: 64790, 20973: 57972, 20974: 0, 20975: 48266, 20977: 85710, 20978: 63756, 20979: 0, 20980: 64727, 20981: 1543, 20982: 87001, 20983: 1012, 20985: 87001, 20986: 57070, 20987: 0, 20988: 57972, 20990: 85710, 20992: 1457, 20993: 83288, 20995: 1502, 20997: 57972, 20998: 82070, 20999: 72039, 21000: 63882, 21001: 146, 21002: 57070, 21003: 87001, 21005: 72039, 21006: 57417, 21007: 226, 21008: 1288, 21009: 82070, 21011: 84328, 21012: 72039, 21013: 68650, 21014: 65877, 21015: 1300, 21016: 59008, 21017: 91053, 21018: 85700, 21019: 1300, 21020: 743, 21021: 1167, 21022: 1188, 21023: 1167, 21028: 85700, 21030: 86055, 21032: 58543, 21033: 728, 21034: 1188, 21035: 75379, 21036: 1617, 21037: 78631, 21038: 395, 21039: 1543, 21041: 63270, 21043: 85710, 21045: 85700, 21047: 52945, 21050: 1107, 21053: 1294, 21055: 1585, 21056: 82080, 21057: 449, 21058: 1457, 21059: 1107, 21060: 519, 21061: 69242, 21062: 683, 21063: 48922, 21064: 69990, 21065: 1502, 21066: 44206, 21067: 1188, 21068: 72051, 21069: 73383, 21070: 1288, 21072: 0, 21073: 1540, 21074: 67720, 21075: 1014, 21077: 1540, 21084: 35259, 21085: 56939, 21086: 80140, 21087: 86213, 21091: 1012, 21092: 1357, 21093: 85646, 21096: 2114, 21097: 53429, 21098: 63756, 21099: 87984, 21100: 89226, 21101: 2076, 21102: 57649, 21103: 1457, 21104: 64790, 21105: 2346, 21106: 2346, 21107: 73235, 21108: 74355, 21109: 2114, 21110: 89226, 21112: 73235, 21113: 53429, 21115: 74355, 21116: 80140, 21117: 74355, 21118: 57639, 21119: 80140, 21120: 86213, 21121: 57649, 21123: 88653, 21124: 56939, 21125: 2114, 21126: 57649, 21127: 80140, 21128: 74355, 21129: 74355, 21130: 2114, 21132: 74355, 21133: 87984, 21134: 2114, 21135: 2346, 21136: 2114, 21138: 53429, 21139: 57649, 21140: 53429, 21141: 87984, 21142: 2346, 21143: 2114, 21144: 2114, 21145: 56939, 21146: 89226, 21147: 88653, 21148: 89226, 21149: 86157, 21150: 80140, 21151: 80140, 21153: 80140, 21154: 44206, 21155: 86157, 21156: 87984, 21157: 1223, 21159: 88653, 21163: 57417, 21164: 86157, 21165: 87984, 21166: 2076, 21167: 86157, 21168: 86213, 21170: 56939, 21171: 53429, 21172: 2076, 21173: 2076, 21174: 57649, 21175: 57417, 21176: 90998, 21177: 56939, 21178: 80140, 21179: 86157, 21180: 90998, 21181: 86213, 21182: 56939, 21184: 2076, 21185: 53429, 21186: 86213, 21187: 0, 21188: 1223, 21189: 0, 21190: 1154, 21191: 184, 21192: 59008, 21193: 58543, 21194: 0, 21195: 68650, 21196: 57070, 21197: 53429, 21198: 74355, 21199: 86213, 21203: 56939, 21205: 57649, 21206: 86213, 21208: 87984, 21209: 90942, 21223: 67720, 21226: 1259, 21227: 48922, 21228: 57290, 21229: 519, 21230: 44206, 21231: 519, 21232: 1259, 21233: 71117, 21234: 82080, 21235: 69242, 21236: 68173, 21237: 1543, 21238: 57290, 21239: 69985, 21240: 67720, 21241: 70342, 21244: 66626, 21249: 80479, 21262: 58096, 21265: 57257, 21271: 1188, 21279: 67720, 21280: 59008, 21288: 63270, 21290: 65941, 21298: 85710, 21303: 395, 21304: 1167, 21305: 1167, 21306: 71117, 21307: 1347, 21308: 88486, 21311: 85669, 21312: 1113, 21313: 1457, 21314: 1054, 21315: 57455, 21316: 35259, 21317: 1347, 21318: 57455, 21319: 51797, 21322: 690, 21324: 550, 21325: 805, 21326: 71117, 21327: 805, 21328: 57455, 21329: 46494, 21331: 87001, 21333: 226, 21334: 0, 21335: 1167, 21336: 71117, 21338: 35259, 21339: 226, 21340: 226, 21341: 765, 21344: 1288, 21345: 82070, 21346: 78631, 21348: 1193, 21349: 0, 21351: 72051, 21354: 57455, 21356: 82085, 21357: 64727, 21358: 226, 21363: 46793, 21366: 70500, 21369: 88486, 21370: 1357, 21378: 68173, 21384: 1543, 21398: 728, 21445: 74355, 21446: 1540, 21447: 62344, 21448: 75958, 21450: 1014, 21454: 72051, 21455: 449, 21460: 13699, 21462: 1502, 21463: 57639, 21465: 0, 21468: 65877, 21470: 1167, 21474: 85669, 21475: 1054, 21477: 91896, 21478: 85687, 21479: 35259, 21480: 46494, 21481: 686, 21482: 46494, 21483: 0, 21484: 61726, 21487: 72051, 21488: 1012, 21489: 91053, 21490: 1259, 21491: 245, 21492: 1116, 21493: 342, 21494: 50453}",714.6712643678161,normal
631966.3635183342,Geração Inicial,1733628208.0328748,0,"{20331: 1482, 20332: 1347, 20333: 70342, 20334: 82085, 20335: 1084, 20336: 57257, 20337: 69990, 20338: 57070, 20339: 48266, 20340: 57309, 20341: 1182, 20342: 58096, 20343: 2048, 20344: 1182, 20345: 1412, 20346: 1291, 20347: 69242, 20348: 1347, 20349: 51797, 20350: 70373, 20351: 849, 20352: 184, 20353: 70373, 20354: 75453, 20355: 48266, 20356: 2048, 20357: 184, 20358: 1617, 20359: 1294, 20360: 70342, 20361: 58096, 20362: 2048, 20363: 1482, 20364: 82085, 20365: 65341, 20366: 90927, 20367: 1391, 20368: 1617, 20369: 70171, 20370: 70373, 20371: 57070, 20372: 70342, 20373: 48266, 20378: 1291, 20379: 1583, 20380: 1489, 20381: 58096, 20383: 75421, 20384: 57257, 20385: 69990, 20386: 57257, 20387: 1482, 20388: 13699, 20389: 13699, 20392: 48266, 20393: 69242, 20394: 69990, 20395: 57455, 20396: 395, 20397: 57455, 20398: 765, 20399: 57290, 20400: 1617, 20401: 46793, 20402: 46793, 20403: 765, 20404: 1188, 20405: 46494, 20406: 68173, 20407: 519, 20408: 57455, 20409: 1617, 20410: 67720, 20411: 743, 20412: 54448, 20413: 57070, 20414: 690, 20415: 82080, 20416: 1259, 20417: 683, 20418: 728, 20419: 395, 20421: 1347, 20422: 58096, 20423: 82080, 20427: 46494, 20428: 1259, 20429: 1543, 20432: 72051, 20433: 68173, 20434: 1014, 20436: 69985, 20437: 1543, 20438: 68173, 20439: 1107, 20440: 46494, 20441: 48922, 20442: 683, 20443: 1014, 20444: 743, 20445: 1107, 20446: 1347, 20447: 182, 20449: 35245, 20450: 226, 20451: 75379, 20452: 226, 20453: 1012, 20454: 57455, 20455: 70342, 20456: 50588, 20457: 65161, 20458: 46793, 20459: 1161, 20460: 70342, 20461: 1585, 20462: 67720, 20463: 58096, 20465: 1291, 20466: 35245, 20467: 184, 20468: 69985, 20469: 1502, 20471: 44206, 20472: 805, 20473: 69242, 20475: 72051, 20476: 69990, 20481: 57381, 20482: 46793, 20484: 63270, 20485: 52945, 20486: 52945, 20487: 1502, 20488: 82080, 20489: 519, 20490: 68173, 20491: 690, 20492: 1014, 20493: 59008, 20494: 67720, 20495: 1188, 20496: 849, 20497: 50588, 20499: 58096, 20501: 78631, 20503: 69995, 20504: 1107, 20505: 88486, 20506: 1502, 20507: 1012, 20508: 63270, 20509: 52945, 20510: 54448, 20511: 75379, 20512: 913, 20513: 1583, 20514: 1223, 20515: 54448, 20517: 57455, 20518: 70342, 20519: 85646, 20520: 913, 20521: 913, 20522: 52945, 20523: 68173, 20524: 57381, 20525: 690, 20527: 70342, 20528: 1014, 20530: 71117, 20531: 1259, 20532: 1107, 20533: 69990, 20534: 913, 20535: 35259, 20536: 1347, 20537: 1585, 20538: 743, 20539: 728, 20540: 69990, 20541: 69985, 20542: 449, 20543: 71117, 20544: 67720, 20545: 728, 20546: 91896, 20547: 35245, 20549: 75379, 20550: 63270, 20552: 1502, 20553: 690, 20554: 1014, 20555: 1391, 20556: 46494, 20557: 61726, 20558: 75379, 20559: 1167, 20560: 78631, 20561: 57639, 20563: 83288, 20564: 69990, 20565: 57070, 20567: 1182, 20569: 65161, 20570: 690, 20571: 1585, 20572: 67720, 20573: 48922, 20574: 59008, 20575: 1288, 20576: 44206, 20577: 1347, 20578: 71117, 20579: 1585, 20580: 59008, 20581: 71117, 20582: 35259, 20583: 70342, 20584: 449, 20585: 1167, 20587: 65161, 20588: 70342, 20589: 51797, 20590: 1188, 20591: 57290, 20592: 449, 20593: 1014, 20594: 73383, 20595: 69990, 20596: 13828, 20597: 73383, 20599: 51797, 20600: 75379, 20601: 52945, 20602: 35245, 20605: 35245, 20606: 1585, 20607: 69995, 20608: 57455, 20609: 66626, 20610: 1412, 20611: 85669, 20612: 1107, 20613: 57309, 20614: 1107, 20615: 1116, 20616: 1182, 20617: 71117, 20618: 1457, 20619: 69995, 20620: 953, 20621: 226, 20622: 686, 20624: 686, 20625: 71117, 20626: 85669, 20628: 953, 20630: 52945, 20631: 805, 20633: 82080, 20634: 805, 20635: 70373, 20636: 63756, 20637: 75421, 20638: 49332, 20639: 57639, 20640: 953, 20641: 52945, 20642: 57639, 20643: 58096, 20645: 1193, 20646: 686, 20647: 953, 20648: 1391, 20650: 62344, 20651: 57639, 20652: 85669, 20653: 62344, 20654: 1391, 20655: 1583, 20656: 69242, 20659: 63756, 20661: 64727, 20662: 51797, 20663: 63756, 20669: 78645, 20670: 57309, 20671: 35259, 20672: 1391, 20673: 75453, 20675: 1540, 20676: 57639, 20677: 73235, 20678: 65877, 20680: 728, 20681: 44206, 20684: 1543, 20688: 57290, 20689: 75379, 20690: 64727, 20692: 57257, 20693: 85669, 20694: 66626, 20695: 75421, 20696: 54448, 20697: 51797, 20698: 1167, 20699: 54448, 20700: 1161, 20701: 66626, 20702: 62344, 20703: 913, 20704: 1173, 20705: 75379, 20706: 1182, 20707: 1161, 20708: 78631, 20709: 1161, 20710: 1161, 20711: 82080, 20712: 0, 20713: 184, 20714: 52945, 20715: 743, 20716: 913, 20717: 85669, 20719: 70342, 20720: 51797, 20721: 46793, 20722: 69985, 20723: 57309, 20724: 80479, 20725: 58543, 20726: 0, 20727: 65877, 20729: 765, 20730: 57309, 20731: 805, 20732: 57070, 20734: 1288, 20735: 73235, 20736: 71117, 20737: 13828, 20739: 61726, 20740: 1617, 20741: 75453, 20742: 849, 20743: 190, 20744: 85710, 20746: 78631, 20747: 58543, 20748: 1182, 20749: 46494, 20750: 85669, 20751: 190, 20752: 46494, 20754: 67720, 20757: 52945, 20758: 69995, 20759: 1193, 20761: 1084, 20762: 63099, 20763: 63099, 20764: 1084, 20765: 75453, 20766: 63099, 20768: 184, 20769: 449, 20770: 77145, 20773: 91053, 20774: 57417, 20775: 1391, 20777: 1347, 20778: 58543, 20779: 57417, 20781: 70500, 20782: 1457, 20784: 1167, 20785: 2048, 20786: 64790, 20789: 71117, 20790: 1540, 20791: 57070, 20792: 849, 20793: 395, 20794: 48266, 20795: 72051, 20796: 70500, 20797: 1084, 20798: 13699, 20799: 1482, 20800: 70373, 20802: 182, 20803: 728, 20804: 64790, 20805: 75421, 20806: 686, 20807: 78645, 20808: 82067, 20809: 1294, 20810: 63099, 20811: 57070, 20813: 1347, 20814: 1489, 20815: 82067, 20816: 1294, 20817: 85687, 20818: 1502, 20819: 57290, 20820: 0, 20821: 63756, 20822: 61726, 20823: 44206, 20824: 1223, 20825: 69990, 20826: 48266, 20827: 61726, 20828: 57070, 20829: 82080, 20831: 52945, 20832: 69990, 20833: 1489, 20834: 58543, 20835: 65877, 20836: 82085, 20837: 0, 20838: 686, 20840: 2048, 20841: 849, 20842: 190, 20843: 1300, 20844: 1412, 20845: 63756, 20846: 69995, 20850: 72039, 20852: 1391, 20853: 1543, 20854: 69985, 20856: 46793, 20858: 49332, 20859: 63882, 20860: 63882, 20861: 82070, 20862: 82070, 20863: 63882, 20864: 1457, 20872: 953, 20873: 226, 20874: 0, 20875: 59008, 20876: 59008, 20877: 63882, 20881: 1391, 20883: 67720, 20884: 83288, 20885: 57639, 20886: 75379, 20887: 226, 20888: 83288, 20889: 1543, 20890: 75453, 20891: 75379, 20892: 65877, 20894: 1182, 20895: 57639, 20897: 765, 20900: 1107, 20901: 75379, 20902: 65877, 20904: 65941, 20905: 13828, 20906: 85710, 20907: 1300, 20909: 0, 20910: 69242, 20911: 1457, 20913: 1502, 20916: 1054, 20917: 84328, 20918: 805, 20919: 84328, 20921: 58543, 20922: 84328, 20923: 728, 20925: 1294, 20926: 64790, 20928: 65941, 20929: 64727, 20930: 0, 20931: 184, 20932: 1288, 20933: 690, 20934: 1193, 20935: 72039, 20936: 85700, 20937: 1193, 20938: 1193, 20939: 1617, 20940: 35245, 20941: 82070, 20942: 64727, 20943: 743, 20944: 75453, 20948: 83288, 20949: 146, 20950: 84328, 20951: 65941, 20953: 1399, 20954: 69985, 20955: 1116, 20956: 58096, 20958: 65161, 20959: 72039, 20960: 52945, 20961: 1012, 20962: 91053, 20963: 54448, 20964: 57972, 20965: 184, 20966: 146, 20967: 1054, 20968: 0, 20969: 65941, 20970: 87001, 20971: 1288, 20973: 1054, 20974: 0, 20975: 1399, 20977: 1543, 20978: 57972, 20979: 0, 20980: 51797, 20981: 57290, 20982: 57972, 20983: 85710, 20985: 57972, 20986: 395, 20987: 64790, 20988: 1116, 20990: 1012, 20992: 1223, 20993: 72039, 20995: 1012, 20997: 57972, 20998: 63882, 20999: 87001, 21000: 82070, 21001: 57417, 21002: 85687, 21003: 87001, 21005: 65877, 21006: 57417, 21007: 69995, 21008: 71117, 21009: 65877, 21011: 72039, 21012: 84328, 21013: 70500, 21014: 72039, 21015: 1223, 21016: 63099, 21017: 65161, 21018: 65941, 21019: 1193, 21020: 68173, 21021: 85646, 21022: 75453, 21023: 63270, 21028: 85700, 21030: 86055, 21032: 395, 21033: 44206, 21034: 1154, 21035: 64790, 21036: 35259, 21037: 63270, 21038: 54448, 21039: 85710, 21041: 72051, 21043: 1300, 21045: 67720, 21047: 86055, 21050: 58096, 21053: 0, 21055: 57381, 21056: 1502, 21057: 519, 21058: 1161, 21059: 449, 21060: 1107, 21061: 1188, 21062: 1188, 21063: 57290, 21064: 1347, 21065: 44206, 21066: 1543, 21067: 72051, 21068: 46494, 21069: 70342, 21070: 1288, 21072: 0, 21073: 57309, 21074: 59008, 21075: 1259, 21077: 1193, 21084: 1617, 21085: 87984, 21086: 80140, 21087: 86213, 21091: 1012, 21092: 1399, 21093: 1167, 21096: 88653, 21097: 80140, 21098: 146, 21099: 87984, 21100: 53429, 21101: 80140, 21102: 89226, 21103: 1107, 21104: 70500, 21105: 56939, 21106: 89226, 21107: 35259, 21108: 89226, 21109: 88653, 21110: 80140, 21112: 78631, 21113: 2346, 21115: 2076, 21116: 2346, 21117: 74355, 21118: 69995, 21119: 2114, 21120: 86213, 21121: 89226, 21123: 56939, 21124: 57649, 21125: 56939, 21126: 53429, 21127: 74355, 21128: 74355, 21129: 53429, 21130: 57649, 21132: 74355, 21133: 87984, 21134: 57649, 21135: 2346, 21136: 53429, 21138: 2114, 21139: 2346, 21140: 74355, 21141: 56939, 21142: 2114, 21143: 57649, 21144: 2114, 21145: 56939, 21146: 89226, 21147: 53429, 21148: 80140, 21149: 2076, 21150: 80140, 21151: 87984, 21153: 2114, 21154: 1223, 21155: 86213, 21156: 80140, 21157: 57417, 21159: 2346, 21163: 146, 21164: 86157, 21165: 2346, 21166: 2114, 21167: 80140, 21168: 90998, 21170: 80140, 21171: 53429, 21172: 86213, 21173: 86213, 21174: 88653, 21175: 0, 21176: 2076, 21177: 80140, 21178: 57649, 21179: 56939, 21180: 2114, 21181: 87984, 21182: 86157, 21184: 86157, 21185: 56939, 21186: 2076, 21187: 0, 21188: 0, 21189: 0, 21190: 226, 21191: 184, 21192: 63099, 21193: 75453, 21194: 0, 21195: 1457, 21196: 849, 21197: 74355, 21198: 53429, 21199: 2076, 21203: 86213, 21205: 53429, 21206: 90998, 21208: 87984, 21209: 90942, 21223: 1585, 21226: 46494, 21227: 1288, 21228: 1259, 21229: 519, 21230: 57381, 21231: 519, 21232: 72051, 21233: 683, 21234: 1585, 21235: 73383, 21236: 1259, 21237: 69990, 21238: 0, 21239: 72051, 21240: 1188, 21241: 1543, 21244: 913, 21249: 80479, 21262: 1489, 21265: 1084, 21271: 85700, 21279: 67720, 21280: 70500, 21288: 85646, 21290: 85700, 21298: 1457, 21303: 395, 21304: 226, 21305: 226, 21306: 1113, 21307: 57455, 21308: 1054, 21311: 1113, 21312: 88486, 21313: 63756, 21314: 46494, 21315: 64790, 21316: 71117, 21317: 46494, 21318: 63756, 21319: 765, 21322: 690, 21324: 1502, 21325: 550, 21326: 728, 21327: 519, 21328: 805, 21329: 13828, 21331: 57972, 21333: 51797, 21334: 0, 21335: 1357, 21336: 1540, 21338: 71117, 21339: 88486, 21340: 1457, 21341: 1294, 21344: 69995, 21345: 82070, 21346: 91053, 21348: 63099, 21349: 0, 21351: 69242, 21354: 78626, 21356: 65341, 21357: 64727, 21358: 226, 21363: 1617, 21366: 57309, 21369: 1054, 21370: 1347, 21378: 683, 21384: 1347, 21398: 13828, 21445: 2114, 21446: 44206, 21447: 78631, 21448: 449, 21450: 68173, 21454: 1502, 21455: 69242, 21460: 1482, 21462: 82080, 21463: 75453, 21465: 0, 21468: 63756, 21470: 1054, 21474: 1107, 21475: 0, 21477: 75958, 21478: 46494, 21479: 1502, 21480: 78626, 21481: 57639, 21482: 1107, 21483: 686, 21484: 1540, 21487: 51797, 21488: 46793, 21489: 91053, 21490: 743, 21491: 1113, 21492: 85669, 21493: 50453, 21494: 342}",714.6712643678161,normal
646530.2731319997,Geração Inicial,1733628210.6629589,0,"{20331: 57309, 20332: 65341, 20333: 82085, 20334: 57070, 20335: 1182, 20336: 1489, 20337: 1291, 20338: 1084, 20339: 184, 20340: 57309, 20341: 65341, 20342: 1182, 20343: 1489, 20344: 1489, 20345: 68182, 20346: 70373, 20347: 70342, 20348: 1084, 20349: 63099, 20350: 57309, 20351: 51797, 20352: 58096, 20353: 46793, 20354: 849, 20355: 48266, 20356: 1291, 20357: 58096, 20358: 1084, 20359: 46793, 20360: 69990, 20361: 1412, 20362: 765, 20363: 57455, 20364: 1291, 20365: 82085, 20366: 75453, 20367: 90927, 20368: 1617, 20369: 65341, 20370: 70342, 20371: 57070, 20372: 48266, 20373: 1412, 20378: 82085, 20379: 57455, 20380: 1391, 20381: 686, 20383: 13699, 20384: 686, 20385: 69990, 20386: 57257, 20387: 13699, 20388: 75421, 20389: 68182, 20392: 63099, 20393: 58096, 20394: 51797, 20395: 184, 20396: 1347, 20397: 65341, 20398: 2048, 20399: 805, 20400: 1084, 20401: 1482, 20402: 46793, 20403: 1482, 20404: 67720, 20405: 1107, 20406: 57381, 20407: 1502, 20408: 743, 20409: 743, 20410: 1347, 20411: 395, 20412: 1585, 20413: 1489, 20414: 449, 20415: 1188, 20416: 67720, 20417: 519, 20418: 46494, 20419: 71117, 20421: 1347, 20422: 1617, 20423: 1585, 20427: 72051, 20428: 48922, 20429: 44206, 20432: 683, 20433: 1502, 20434: 690, 20436: 1259, 20437: 57381, 20438: 48922, 20439: 683, 20440: 69985, 20441: 690, 20442: 69242, 20443: 46494, 20444: 522, 20445: 522, 20446: 69242, 20447: 69242, 20449: 69995, 20450: 57455, 20451: 1012, 20452: 54448, 20453: 1585, 20454: 50588, 20455: 52945, 20456: 50588, 20457: 63756, 20458: 65161, 20459: 1585, 20460: 1161, 20461: 80479, 20462: 57290, 20463: 1412, 20465: 69990, 20466: 1012, 20467: 57257, 20468: 67720, 20469: 743, 20471: 1014, 20472: 71117, 20473: 1107, 20475: 805, 20476: 690, 20481: 1107, 20482: 35245, 20484: 75379, 20485: 69995, 20486: 54448, 20487: 1502, 20488: 1188, 20489: 728, 20490: 71117, 20491: 57381, 20492: 44206, 20493: 1014, 20494: 91896, 20495: 72051, 20496: 849, 20497: 69995, 20499: 88486, 20501: 71117, 20503: 1357, 20504: 765, 20505: 1167, 20506: 1294, 20507: 65877, 20508: 54448, 20509: 46793, 20510: 52945, 20511: 75379, 20512: 52945, 20513: 1291, 20514: 69995, 20515: 70342, 20517: 63270, 20518: 913, 20519: 1012, 20520: 54448, 20521: 63270, 20522: 913, 20523: 519, 20524: 70342, 20525: 1259, 20527: 68173, 20528: 57381, 20530: 91896, 20531: 182, 20532: 71117, 20533: 75421, 20534: 35245, 20535: 71117, 20536: 44206, 20537: 75958, 20538: 35259, 20539: 70342, 20540: 67720, 20541: 1014, 20542: 48922, 20543: 59008, 20544: 1014, 20545: 449, 20546: 1585, 20547: 69995, 20549: 913, 20550: 1161, 20552: 1502, 20553: 728, 20554: 1188, 20555: 85710, 20556: 1182, 20557: 849, 20558: 1399, 20559: 1391, 20560: 1116, 20561: 57070, 20563: 78631, 20564: 44206, 20565: 1167, 20567: 1457, 20569: 63756, 20570: 59008, 20571: 743, 20572: 68173, 20573: 728, 20574: 70342, 20575: 1347, 20576: 44206, 20577: 690, 20578: 91896, 20579: 75958, 20580: 449, 20581: 69990, 20582: 35259, 20583: 69985, 20584: 91896, 20585: 75379, 20587: 63756, 20588: 85646, 20589: 913, 20590: 46494, 20591: 1259, 20592: 57290, 20593: 69985, 20594: 70342, 20595: 1502, 20596: 67720, 20597: 69985, 20599: 1585, 20600: 75379, 20601: 1161, 20602: 226, 20605: 35245, 20606: 64727, 20607: 1585, 20608: 1223, 20609: 64727, 20610: 1482, 20611: 65877, 20612: 69995, 20613: 1457, 20614: 69995, 20615: 686, 20616: 69990, 20617: 1540, 20618: 1116, 20619: 85710, 20620: 1107, 20621: 1107, 20622: 75453, 20624: 75453, 20625: 686, 20626: 953, 20628: 953, 20630: 66626, 20631: 1543, 20633: 46494, 20634: 690, 20635: 68182, 20636: 54448, 20637: 75421, 20638: 1288, 20639: 1391, 20640: 85669, 20641: 57639, 20642: 1193, 20643: 62344, 20645: 52945, 20646: 52945, 20647: 1193, 20648: 58096, 20650: 953, 20651: 85669, 20652: 1391, 20653: 57639, 20654: 686, 20655: 1583, 20656: 70342, 20659: 1173, 20661: 75379, 20662: 75453, 20663: 913, 20669: 69985, 20670: 35259, 20671: 57639, 20672: 65877, 20673: 73235, 20675: 61726, 20676: 75453, 20677: 1540, 20678: 78631, 20680: 1543, 20681: 728, 20684: 743, 20688: 82080, 20689: 1161, 20690: 66626, 20692: 57257, 20693: 58543, 20694: 913, 20695: 1489, 20696: 1161, 20697: 184, 20698: 62344, 20699: 50588, 20700: 1173, 20701: 63756, 20702: 1182, 20703: 54448, 20704: 63756, 20705: 64727, 20706: 69242, 20707: 63756, 20708: 1054, 20709: 1161, 20710: 1161, 20711: 68173, 20712: 0, 20713: 75421, 20714: 52945, 20715: 73383, 20716: 70342, 20717: 58543, 20719: 52945, 20720: 46793, 20721: 1012, 20722: 46494, 20723: 184, 20724: 46793, 20725: 78631, 20726: 80479, 20727: 1347, 20729: 1412, 20730: 57972, 20731: 1014, 20732: 83288, 20734: 57455, 20735: 62344, 20736: 73383, 20737: 59008, 20739: 75379, 20740: 1543, 20741: 85710, 20742: 75379, 20743: 686, 20744: 395, 20746: 1457, 20747: 49332, 20748: 1357, 20749: 63756, 20750: 1012, 20751: 85710, 20752: 46494, 20754: 1259, 20757: 1012, 20758: 35245, 20759: 58096, 20761: 63099, 20762: 75453, 20763: 1084, 20764: 1617, 20765: 1482, 20766: 75453, 20768: 0, 20769: 449, 20770: 77145, 20773: 63270, 20774: 1300, 20775: 57070, 20777: 57070, 20778: 146, 20779: 1347, 20781: 1543, 20782: 1223, 20784: 146, 20785: 146, 20786: 1154, 20789: 690, 20790: 58543, 20791: 1583, 20792: 49332, 20793: 728, 20794: 48266, 20795: 44206, 20796: 78631, 20797: 69242, 20798: 75421, 20799: 2048, 20800: 13699, 20802: 13828, 20803: 1288, 20804: 1154, 20805: 13699, 20806: 1391, 20807: 522, 20808: 85687, 20809: 1347, 20810: 46793, 20811: 70342, 20813: 70373, 20814: 2048, 20815: 85687, 20816: 184, 20817: 85687, 20818: 1347, 20819: 1502, 20820: 62344, 20821: 62344, 20822: 849, 20823: 805, 20824: 57309, 20825: 78631, 20826: 184, 20827: 69990, 20828: 70500, 20829: 1347, 20831: 57290, 20832: 1182, 20833: 1294, 20834: 72051, 20835: 1399, 20836: 58096, 20837: 70373, 20838: 1502, 20840: 49332, 20841: 1182, 20842: 58096, 20843: 1223, 20844: 82085, 20845: 85669, 20846: 1300, 20850: 72039, 20852: 1391, 20853: 1167, 20854: 82080, 20856: 46793, 20858: 70373, 20859: 82070, 20860: 82070, 20861: 63882, 20862: 63882, 20863: 82070, 20864: 395, 20872: 953, 20873: 35245, 20874: 0, 20875: 91053, 20876: 13828, 20877: 57972, 20881: 57417, 20883: 57639, 20884: 83288, 20885: 57417, 20886: 78631, 20887: 71117, 20888: 63882, 20889: 57381, 20890: 59008, 20891: 70500, 20892: 82070, 20894: 69990, 20895: 63270, 20897: 226, 20900: 953, 20901: 1223, 20902: 72039, 20904: 1300, 20905: 44206, 20906: 75453, 20907: 65941, 20909: 65877, 20910: 70342, 20911: 69995, 20913: 73383, 20916: 57309, 20917: 63882, 20918: 57290, 20919: 87001, 20921: 72051, 20922: 84328, 20923: 690, 20925: 1294, 20926: 65941, 20928: 72051, 20929: 85710, 20930: 61726, 20931: 64790, 20932: 69995, 20933: 805, 20934: 63099, 20935: 63882, 20936: 58543, 20937: 146, 20938: 1193, 20939: 35259, 20940: 72051, 20941: 82070, 20942: 67720, 20943: 48922, 20944: 64790, 20948: 63882, 20949: 57639, 20950: 72039, 20951: 64790, 20953: 63099, 20954: 48922, 20955: 1457, 20956: 63099, 20958: 1188, 20959: 87001, 20960: 64790, 20961: 1054, 20962: 51797, 20963: 1193, 20964: 83288, 20965: 57639, 20966: 1399, 20967: 85710, 20968: 59008, 20969: 70500, 20970: 65877, 20971: 52945, 20973: 1116, 20974: 57639, 20975: 63270, 20977: 57070, 20978: 57972, 20979: 1288, 20980: 64727, 20981: 57309, 20982: 72039, 20983: 1502, 20985: 65877, 20986: 1399, 20987: 1399, 20988: 1502, 20990: 1116, 20992: 70500, 20993: 72039, 20995: 63756, 20997: 87001, 20998: 63882, 20999: 87001, 21000: 82070, 21001: 48266, 21002: 1357, 21003: 83288, 21005: 65877, 21006: 57290, 21007: 1288, 21008: 686, 21009: 63882, 21011: 84328, 21012: 87001, 21013: 57417, 21014: 57972, 21015: 85700, 21016: 64790, 21017: 70500, 21018: 35245, 21019: 91053, 21020: 1347, 21021: 44206, 21022: 52945, 21023: 63270, 21028: 85700, 21030: 86055, 21032: 57417, 21033: 85710, 21034: 2048, 21035: 226, 21036: 67720, 21037: 68650, 21038: 395, 21039: 67720, 21041: 1193, 21043: 75379, 21045: 1300, 21047: 52945, 21050: 83288, 21053: 1294, 21055: 82080, 21056: 57381, 21057: 0, 21058: 1161, 21059: 395, 21060: 395, 21061: 78645, 21062: 78645, 21063: 1543, 21064: 46494, 21065: 68173, 21066: 44206, 21067: 1259, 21068: 46494, 21069: 48922, 21070: 1107, 21072: 69990, 21073: 1167, 21074: 67720, 21075: 78645, 21077: 1540, 21084: 1617, 21085: 87984, 21086: 80140, 21087: 90998, 21091: 1357, 21092: 1457, 21093: 85646, 21096: 57649, 21097: 57649, 21098: 63099, 21099: 2114, 21100: 74355, 21101: 2114, 21102: 56939, 21103: 1107, 21104: 91053, 21105: 2076, 21106: 57649, 21107: 57972, 21108: 74355, 21109: 53429, 21110: 80140, 21112: 1540, 21113: 57649, 21115: 89226, 21116: 57649, 21117: 74355, 21118: 58096, 21119: 80140, 21120: 80140, 21121: 56939, 21123: 56939, 21124: 2076, 21125: 53429, 21126: 53429, 21127: 88653, 21128: 74355, 21129: 2114, 21130: 74355, 21132: 57649, 21133: 90998, 21134: 57649, 21135: 80140, 21136: 57649, 21138: 53429, 21139: 89226, 21140: 57649, 21141: 87984, 21142: 80140, 21143: 74355, 21144: 2114, 21145: 2346, 21146: 89226, 21147: 2076, 21148: 53429, 21149: 56939, 21150: 86157, 21151: 2076, 21153: 74355, 21154: 146, 21155: 86213, 21156: 86157, 21157: 1188, 21159: 89226, 21163: 1288, 21164: 86157, 21165: 87984, 21166: 86213, 21167: 87984, 21168: 87984, 21170: 2346, 21171: 56939, 21172: 56939, 21173: 86213, 21174: 2076, 21175: 1188, 21176: 86213, 21177: 56939, 21178: 57649, 21179: 86213, 21180: 90998, 21181: 2114, 21182: 0, 21184: 86157, 21185: 0, 21186: 2076, 21187: 0, 21188: 1223, 21189: 0, 21190: 1457, 21191: 184, 21192: 65941, 21193: 1193, 21194: 0, 21195: 57290, 21196: 849, 21197: 53429, 21198: 74355, 21199: 2076, 21203: 86213, 21205: 2346, 21206: 90998, 21208: 87984, 21209: 89226, 21223: 743, 21226: 683, 21227: 449, 21228: 57290, 21229: 519, 21230: 57290, 21231: 1107, 21232: 57381, 21233: 82080, 21234: 82080, 21235: 522, 21236: 82080, 21237: 57290, 21238: 71117, 21239: 0, 21240: 805, 21241: 46494, 21244: 1173, 21249: 80479, 21262: 1391, 21265: 75421, 21271: 75453, 21279: 91053, 21280: 57639, 21288: 1188, 21290: 65941, 21298: 52945, 21303: 57455, 21304: 226, 21305: 88486, 21306: 1457, 21307: 226, 21308: 765, 21311: 46494, 21312: 63756, 21313: 35259, 21314: 88486, 21315: 64790, 21316: 63756, 21317: 1113, 21318: 64790, 21319: 1347, 21322: 82080, 21324: 395, 21325: 78626, 21326: 13828, 21327: 395, 21328: 13828, 21329: 550, 21331: 65877, 21333: 51797, 21334: 57455, 21335: 1113, 21336: 85669, 21338: 226, 21339: 71117, 21340: 1457, 21341: 1294, 21344: 51797, 21345: 0, 21346: 70500, 21348: 1193, 21349: 0, 21351: 72051, 21354: 13828, 21356: 57309, 21357: 64727, 21358: 226, 21363: 1412, 21366: 51797, 21369: 1347, 21370: 1357, 21378: 1014, 21384: 46494, 21398: 550, 21445: 53429, 21446: 57070, 21447: 1399, 21448: 69990, 21450: 78645, 21454: 48922, 21455: 1014, 21460: 1482, 21462: 1585, 21463: 75453, 21465: 0, 21468: 1391, 21470: 226, 21474: 686, 21475: 1012, 21477: 91896, 21478: 61726, 21479: 1107, 21480: 519, 21481: 1161, 21482: 1161, 21483: 70373, 21484: 69995, 21487: 51797, 21488: 65161, 21489: 91053, 21490: 1259, 21491: 1113, 21492: 1161, 21493: 50453, 21494: 342}",714.6712643678161,normal
621190.7496053331,Geração Inicial,1733628213.4393787,0,"{20331: 1482, 20332: 58096, 20333: 58096, 20334: 1347, 20335: 82085, 20336: 1482, 20337: 70342, 20338: 49332, 20339: 65341, 20340: 57257, 20341: 48266, 20342: 686, 20343: 75453, 20344: 686, 20345: 1084, 20346: 70373, 20347: 1291, 20348: 48266, 20349: 57257, 20350: 46793, 20351: 69990, 20352: 184, 20353: 849, 20354: 69990, 20355: 69242, 20356: 57309, 20357: 57455, 20358: 1347, 20359: 849, 20360: 184, 20361: 1412, 20362: 57070, 20363: 70342, 20364: 1294, 20365: 90927, 20366: 77145, 20367: 1617, 20368: 70171, 20369: 65341, 20370: 57070, 20371: 1347, 20372: 70373, 20373: 48266, 20378: 70342, 20379: 70342, 20380: 849, 20381: 1182, 20383: 1391, 20384: 686, 20385: 1291, 20386: 1482, 20387: 1412, 20388: 1084, 20389: 63099, 20392: 75453, 20393: 184, 20394: 75453, 20395: 1291, 20396: 1259, 20397: 48266, 20398: 765, 20399: 1585, 20400: 1182, 20401: 70342, 20402: 184, 20403: 1412, 20404: 805, 20405: 57381, 20406: 728, 20407: 44206, 20408: 67720, 20409: 57381, 20410: 395, 20411: 1107, 20412: 69995, 20413: 49332, 20414: 1617, 20415: 1259, 20416: 690, 20417: 1288, 20418: 683, 20419: 1107, 20421: 1412, 20422: 65341, 20423: 1502, 20427: 68173, 20428: 69990, 20429: 46494, 20432: 57290, 20433: 78645, 20434: 743, 20436: 805, 20437: 48922, 20438: 48922, 20439: 1502, 20440: 743, 20441: 690, 20442: 44206, 20443: 69242, 20444: 743, 20445: 78645, 20446: 78645, 20447: 71117, 20449: 1161, 20450: 50588, 20451: 52945, 20452: 80479, 20453: 54448, 20454: 46793, 20455: 70342, 20456: 63270, 20457: 52945, 20458: 1161, 20459: 63270, 20460: 65161, 20461: 1012, 20462: 35245, 20463: 75421, 20465: 1291, 20466: 65161, 20467: 1294, 20468: 1014, 20469: 91896, 20471: 683, 20472: 1585, 20473: 78645, 20475: 683, 20476: 519, 20481: 1288, 20482: 69995, 20484: 75379, 20485: 52945, 20486: 913, 20487: 1347, 20488: 805, 20489: 1502, 20490: 1188, 20491: 82080, 20492: 1014, 20493: 78645, 20494: 1188, 20495: 1259, 20496: 1489, 20497: 52945, 20499: 65877, 20501: 765, 20503: 1294, 20504: 65877, 20505: 57639, 20506: 1502, 20507: 1294, 20508: 35245, 20509: 913, 20510: 0, 20511: 85646, 20512: 913, 20513: 69990, 20514: 64790, 20515: 54448, 20517: 63270, 20518: 57455, 20519: 1012, 20520: 69995, 20521: 1012, 20522: 80479, 20523: 46494, 20524: 82080, 20525: 690, 20527: 57455, 20528: 728, 20530: 67720, 20531: 69990, 20532: 805, 20533: 70373, 20534: 46793, 20535: 1014, 20536: 59008, 20537: 70342, 20538: 59008, 20539: 1347, 20540: 1288, 20541: 91896, 20542: 69990, 20543: 75958, 20544: 1617, 20545: 68173, 20546: 69990, 20547: 91053, 20549: 63756, 20550: 35245, 20552: 728, 20553: 1288, 20554: 57290, 20555: 1012, 20556: 58096, 20557: 85669, 20558: 1399, 20559: 62344, 20560: 85687, 20561: 190, 20563: 190, 20564: 58096, 20565: 75379, 20567: 46494, 20569: 1585, 20570: 690, 20571: 35259, 20572: 71117, 20573: 69985, 20574: 75958, 20575: 44206, 20576: 743, 20577: 70342, 20578: 75958, 20579: 1617, 20580: 690, 20581: 71117, 20582: 59008, 20583: 1585, 20584: 1347, 20585: 85710, 20587: 1012, 20588: 1012, 20589: 35245, 20590: 805, 20591: 57455, 20592: 1259, 20593: 72051, 20594: 69990, 20595: 69985, 20596: 82080, 20597: 69990, 20599: 1012, 20600: 146, 20601: 1161, 20602: 226, 20605: 35245, 20606: 64727, 20607: 69995, 20608: 68650, 20609: 63756, 20610: 13699, 20611: 1457, 20612: 686, 20613: 1167, 20614: 1288, 20615: 85710, 20616: 686, 20617: 57309, 20618: 1116, 20619: 1540, 20620: 71117, 20621: 1054, 20622: 1107, 20624: 65877, 20625: 1116, 20626: 65877, 20628: 57309, 20630: 66626, 20631: 1288, 20633: 71117, 20634: 182, 20635: 1482, 20636: 69995, 20637: 1391, 20638: 58543, 20639: 85669, 20640: 953, 20641: 62344, 20642: 1193, 20643: 1391, 20645: 1193, 20646: 58096, 20647: 57639, 20648: 1391, 20650: 686, 20651: 62344, 20652: 85669, 20653: 1391, 20654: 57639, 20655: 13699, 20656: 1084, 20659: 1173, 20661: 69995, 20662: 57309, 20663: 50588, 20669: 82080, 20670: 73235, 20671: 57309, 20672: 1540, 20673: 1540, 20675: 78631, 20676: 73235, 20677: 65877, 20678: 62344, 20680: 57381, 20681: 1188, 20684: 1107, 20688: 1502, 20689: 1161, 20690: 52945, 20692: 1291, 20693: 62344, 20694: 75379, 20695: 63099, 20696: 63756, 20697: 63099, 20698: 58543, 20699: 64727, 20700: 75379, 20701: 63756, 20702: 1357, 20703: 54448, 20704: 66626, 20705: 50588, 20706: 75453, 20707: 1585, 20708: 69990, 20709: 1161, 20710: 0, 20711: 1288, 20712: 0, 20713: 1489, 20714: 52945, 20715: 46494, 20716: 70342, 20717: 78631, 20719: 35245, 20720: 57257, 20721: 913, 20722: 69990, 20723: 63099, 20724: 80479, 20725: 85669, 20726: 46793, 20727: 44206, 20729: 58096, 20730: 57309, 20731: 728, 20732: 849, 20734: 67720, 20735: 73235, 20736: 73383, 20737: 1585, 20739: 57309, 20740: 1014, 20741: 63756, 20742: 1540, 20743: 61726, 20744: 91053, 20746: 62344, 20747: 1288, 20748: 1457, 20749: 1457, 20750: 46494, 20751: 1391, 20752: 85710, 20754: 743, 20757: 50588, 20758: 54448, 20759: 62344, 20761: 58096, 20762: 75453, 20763: 0, 20764: 63099, 20765: 1482, 20766: 70373, 20768: 184, 20769: 449, 20770: 77145, 20773: 63270, 20774: 57070, 20775: 2048, 20777: 2048, 20778: 70500, 20779: 728, 20781: 49332, 20782: 54448, 20784: 48266, 20785: 1223, 20786: 2048, 20789: 743, 20790: 52945, 20791: 765, 20792: 58096, 20793: 1543, 20794: 46793, 20795: 91896, 20796: 70500, 20797: 2048, 20798: 70373, 20799: 1084, 20800: 69242, 20802: 1502, 20803: 54448, 20804: 49332, 20805: 75421, 20806: 1391, 20807: 522, 20808: 82067, 20809: 69990, 20810: 46793, 20811: 70342, 20813: 57070, 20814: 1084, 20815: 85687, 20816: 57070, 20817: 85687, 20818: 1399, 20819: 57455, 20820: 1167, 20821: 1347, 20822: 65877, 20823: 67720, 20824: 57455, 20825: 46494, 20826: 64790, 20827: 65877, 20828: 1399, 20829: 91896, 20831: 57290, 20832: 75379, 20833: 1583, 20834: 58543, 20835: 83288, 20836: 1617, 20837: 49332, 20838: 1116, 20840: 75421, 20841: 46793, 20842: 1399, 20843: 75453, 20844: 1294, 20845: 1012, 20846: 1300, 20850: 83288, 20852: 1617, 20853: 1167, 20854: 57381, 20856: 0, 20858: 70373, 20859: 63882, 20860: 82070, 20861: 82070, 20862: 63882, 20863: 63882, 20864: 395, 20872: 953, 20873: 395, 20874: 0, 20875: 67720, 20876: 44206, 20877: 82070, 20881: 85646, 20883: 64727, 20884: 82070, 20885: 57417, 20886: 78631, 20887: 57309, 20888: 83288, 20889: 449, 20890: 59008, 20891: 1391, 20892: 83288, 20894: 849, 20895: 65941, 20897: 765, 20900: 65877, 20901: 75379, 20902: 72039, 20904: 63099, 20905: 73383, 20906: 57309, 20907: 63270, 20909: 0, 20910: 805, 20911: 85669, 20913: 1259, 20916: 953, 20917: 84328, 20918: 69985, 20919: 87001, 20921: 728, 20922: 87001, 20923: 71117, 20925: 1294, 20926: 1193, 20928: 1188, 20929: 64727, 20930: 0, 20931: 57309, 20932: 58096, 20933: 57290, 20934: 63099, 20935: 72039, 20936: 85700, 20937: 57639, 20938: 63099, 20939: 1543, 20940: 1188, 20941: 72039, 20942: 728, 20943: 73383, 20944: 75453, 20948: 65877, 20949: 1193, 20950: 82070, 20951: 91053, 20953: 146, 20954: 35259, 20955: 1107, 20956: 64727, 20958: 35245, 20959: 57972, 20960: 1399, 20961: 1502, 20962: 1300, 20963: 146, 20964: 72039, 20965: 1223, 20966: 0, 20967: 1116, 20968: 0, 20969: 65941, 20970: 83288, 20971: 0, 20973: 85710, 20974: 0, 20975: 1188, 20977: 78631, 20978: 1054, 20979: 0, 20980: 51797, 20981: 1399, 20982: 87001, 20983: 63756, 20985: 72039, 20986: 48266, 20987: 0, 20988: 85710, 20990: 63756, 20992: 67720, 20993: 57972, 20995: 57972, 20997: 87001, 20998: 63882, 20999: 57972, 21000: 82070, 21001: 1457, 21002: 62344, 21003: 57972, 21005: 83288, 21006: 85646, 21007: 1347, 21008: 75453, 21009: 65877, 21011: 72039, 21012: 84328, 21013: 75379, 21014: 0, 21015: 146, 21016: 91053, 21017: 70500, 21018: 85700, 21019: 1193, 21020: 48922, 21021: 78631, 21022: 57070, 21023: 72051, 21028: 86055, 21030: 85700, 21032: 1457, 21033: 1288, 21034: 226, 21035: 68650, 21036: 449, 21037: 57309, 21038: 395, 21039: 44206, 21041: 65941, 21043: 54448, 21045: 63756, 21047: 86055, 21050: 1107, 21053: 0, 21055: 82080, 21056: 1585, 21057: 519, 21058: 1357, 21059: 519, 21060: 1107, 21061: 69990, 21062: 78645, 21063: 68173, 21064: 72051, 21065: 57381, 21066: 1543, 21067: 69990, 21068: 1014, 21069: 72051, 21070: 1288, 21072: 57381, 21073: 1182, 21074: 1617, 21075: 46494, 21077: 1540, 21084: 67720, 21085: 2346, 21086: 80140, 21087: 2346, 21091: 85710, 21092: 1399, 21093: 1543, 21096: 2114, 21097: 74355, 21098: 59008, 21099: 90998, 21100: 80140, 21101: 88653, 21102: 2346, 21103: 1116, 21104: 85700, 21105: 53429, 21106: 56939, 21107: 57972, 21108: 89226, 21109: 89226, 21110: 80140, 21112: 61726, 21113: 57649, 21115: 57649, 21116: 57649, 21117: 53429, 21118: 75379, 21119: 2076, 21120: 86213, 21121: 56939, 21123: 74355, 21124: 86213, 21125: 2076, 21126: 53429, 21127: 88653, 21128: 53429, 21129: 2114, 21130: 57649, 21132: 2114, 21133: 87984, 21134: 2114, 21135: 80140, 21136: 57649, 21138: 2114, 21139: 80140, 21140: 57649, 21141: 2076, 21142: 2114, 21143: 53429, 21144: 2114, 21145: 53429, 21146: 89226, 21147: 56939, 21148: 80140, 21149: 86213, 21150: 86213, 21151: 56939, 21153: 88653, 21154: 1188, 21155: 86157, 21156: 87984, 21157: 1223, 21159: 88653, 21163: 146, 21164: 2076, 21165: 2114, 21166: 90998, 21167: 80140, 21168: 2346, 21170: 80140, 21171: 53429, 21172: 80140, 21173: 2076, 21174: 86213, 21175: 57417, 21176: 86213, 21177: 87984, 21178: 2346, 21179: 86157, 21180: 90998, 21181: 57649, 21182: 86157, 21184: 2076, 21185: 0, 21186: 56939, 21187: 0, 21188: 0, 21189: 0, 21190: 1154, 21191: 184, 21192: 1193, 21193: 72051, 21194: 0, 21195: 1399, 21196: 849, 21197: 53429, 21198: 57649, 21199: 87984, 21203: 86213, 21205: 57649, 21206: 2114, 21208: 87984, 21209: 90942, 21223: 519, 21226: 519, 21227: 68173, 21228: 1014, 21229: 1107, 21230: 1502, 21231: 395, 21232: 1188, 21233: 182, 21234: 59008, 21235: 91896, 21236: 1107, 21237: 1543, 21238: 71117, 21239: 48922, 21240: 743, 21241: 1543, 21244: 1173, 21249: 913, 21262: 58096, 21265: 686, 21271: 51797, 21279: 57417, 21280: 85646, 21288: 63270, 21290: 64790, 21298: 75379, 21303: 1457, 21304: 765, 21305: 1054, 21306: 71117, 21307: 226, 21308: 1457, 21311: 1113, 21312: 85669, 21313: 63756, 21314: 1540, 21315: 64790, 21316: 1347, 21317: 765, 21318: 63756, 21319: 57455, 21322: 13828, 21324: 395, 21325: 519, 21326: 550, 21327: 13828, 21328: 13828, 21329: 35259, 21331: 83288, 21333: 226, 21334: 57455, 21335: 1347, 21336: 1294, 21338: 765, 21339: 63756, 21340: 1054, 21341: 51797, 21344: 1543, 21345: 82070, 21346: 1391, 21348: 63099, 21349: 0, 21351: 48922, 21354: 550, 21356: 90927, 21357: 0, 21358: 226, 21363: 57257, 21366: 63270, 21369: 35259, 21370: 226, 21378: 44206, 21384: 68173, 21398: 728, 21445: 74355, 21446: 1540, 21447: 190, 21448: 69985, 21450: 44206, 21454: 57290, 21455: 72051, 21460: 13699, 21462: 1502, 21463: 57639, 21465: 0, 21468: 1347, 21470: 85669, 21474: 83288, 21475: 1502, 21477: 48922, 21478: 1347, 21479: 1357, 21480: 35259, 21481: 1457, 21482: 1391, 21483: 0, 21484: 1167, 21487: 72051, 21488: 1161, 21489: 65941, 21490: 683, 21491: 1113, 21492: 1357, 21493: 50453, 21494: 342}",714.6712643678161,normal
618549.1196023347,Geração Inicial,1733628216.332716,0,"{20331: 1291, 20332: 1291, 20333: 765, 20334: 48266, 20335: 1291, 20336: 849, 20337: 82085, 20338: 1489, 20339: 1347, 20340: 184, 20341: 57309, 20342: 75453, 20343: 1347, 20344: 1182, 20345: 686, 20346: 75421, 20347: 46793, 20348: 1084, 20349: 849, 20350: 1347, 20351: 184, 20352: 48266, 20353: 1182, 20354: 69990, 20355: 849, 20356: 1489, 20357: 70342, 20358: 49332, 20359: 765, 20360: 1347, 20361: 1583, 20362: 1412, 20363: 1482, 20364: 1084, 20365: 82085, 20366: 82085, 20367: 1617, 20368: 1391, 20369: 70171, 20370: 1347, 20371: 70342, 20372: 49332, 20373: 1291, 20378: 2048, 20379: 82085, 20380: 69990, 20381: 69242, 20383: 75421, 20384: 13699, 20385: 70342, 20386: 686, 20387: 69990, 20388: 68182, 20389: 1391, 20392: 75453, 20393: 70342, 20394: 57309, 20395: 1294, 20396: 1585, 20397: 1294, 20398: 58096, 20399: 683, 20400: 57257, 20401: 57455, 20402: 1347, 20403: 765, 20404: 67720, 20405: 1188, 20406: 1188, 20407: 46494, 20408: 1585, 20409: 35259, 20410: 71117, 20411: 395, 20412: 54448, 20413: 58096, 20414: 1585, 20415: 82080, 20416: 68173, 20417: 1288, 20418: 67720, 20419: 1617, 20421: 1347, 20422: 69990, 20423: 57381, 20427: 57381, 20428: 1259, 20429: 1188, 20432: 72051, 20433: 48922, 20434: 1014, 20436: 57381, 20437: 57290, 20438: 1502, 20439: 1014, 20440: 73383, 20441: 70342, 20442: 1502, 20443: 73383, 20444: 743, 20445: 82080, 20446: 13828, 20447: 67720, 20449: 69995, 20450: 54448, 20451: 913, 20452: 50588, 20453: 80479, 20454: 46793, 20455: 52945, 20456: 63270, 20457: 65161, 20458: 46793, 20459: 1012, 20460: 63756, 20461: 54448, 20462: 226, 20463: 1482, 20465: 2048, 20466: 65161, 20467: 57455, 20468: 46494, 20469: 743, 20471: 69242, 20472: 71117, 20473: 743, 20475: 91896, 20476: 82080, 20481: 1288, 20482: 913, 20484: 63756, 20485: 80479, 20486: 70342, 20487: 1259, 20488: 67720, 20489: 1188, 20490: 46494, 20491: 82080, 20492: 683, 20493: 1502, 20494: 82080, 20495: 522, 20496: 849, 20497: 69995, 20499: 1294, 20501: 1357, 20503: 62344, 20504: 62344, 20505: 57639, 20506: 57639, 20507: 88486, 20508: 46793, 20509: 226, 20510: 52945, 20511: 64727, 20512: 52945, 20513: 1391, 20514: 91053, 20515: 913, 20517: 226, 20518: 69995, 20519: 1161, 20520: 54448, 20521: 50588, 20522: 1012, 20523: 395, 20524: 1107, 20525: 1259, 20527: 1502, 20528: 69990, 20530: 91896, 20531: 1014, 20532: 1288, 20533: 68182, 20534: 46793, 20535: 449, 20536: 68173, 20537: 91896, 20538: 690, 20539: 59008, 20540: 67720, 20541: 70342, 20542: 449, 20543: 48922, 20544: 1288, 20545: 728, 20546: 1585, 20547: 67720, 20549: 913, 20550: 1585, 20552: 69990, 20553: 683, 20554: 805, 20555: 686, 20556: 61726, 20557: 849, 20558: 83288, 20559: 85687, 20560: 1167, 20561: 58096, 20563: 75453, 20564: 1391, 20565: 1391, 20567: 190, 20569: 65161, 20570: 44206, 20571: 75958, 20572: 35259, 20573: 59008, 20574: 69985, 20575: 68173, 20576: 71117, 20577: 35259, 20578: 48922, 20579: 1288, 20580: 69985, 20581: 35259, 20582: 449, 20583: 1617, 20584: 59008, 20585: 57455, 20587: 1161, 20588: 70342, 20589: 51797, 20590: 449, 20591: 57455, 20592: 395, 20593: 48922, 20594: 743, 20595: 182, 20596: 59008, 20597: 59008, 20599: 63756, 20600: 728, 20601: 70342, 20602: 226, 20605: 226, 20606: 52945, 20607: 52945, 20608: 35245, 20609: 69995, 20610: 63099, 20611: 686, 20612: 953, 20613: 69990, 20614: 1116, 20615: 69995, 20616: 849, 20617: 1116, 20618: 69995, 20619: 1457, 20620: 1054, 20621: 1107, 20622: 226, 20624: 1288, 20625: 69990, 20626: 1457, 20628: 1107, 20630: 75379, 20631: 1543, 20633: 1107, 20634: 91896, 20635: 70342, 20636: 1173, 20637: 68182, 20638: 85710, 20639: 58096, 20640: 62344, 20641: 1391, 20642: 58096, 20643: 953, 20645: 57639, 20646: 1193, 20647: 52945, 20648: 85669, 20650: 686, 20651: 686, 20652: 57639, 20653: 1391, 20654: 85669, 20655: 1583, 20656: 1489, 20659: 1173, 20661: 913, 20662: 1489, 20663: 64727, 20669: 1259, 20670: 65877, 20671: 57309, 20672: 35259, 20673: 61726, 20675: 78631, 20676: 65877, 20677: 57972, 20678: 1391, 20680: 728, 20681: 1543, 20684: 743, 20688: 1502, 20689: 63756, 20690: 75379, 20692: 70373, 20693: 78631, 20694: 64727, 20695: 69242, 20696: 69995, 20697: 70373, 20698: 58096, 20699: 54448, 20700: 66626, 20701: 1161, 20702: 1457, 20703: 1173, 20704: 66626, 20705: 66626, 20706: 75453, 20707: 54448, 20708: 1107, 20709: 1161, 20710: 1161, 20711: 35259, 20712: 0, 20713: 51797, 20714: 52945, 20715: 728, 20716: 46793, 20717: 58096, 20719: 35245, 20720: 1084, 20721: 1012, 20722: 728, 20723: 57257, 20724: 80479, 20725: 85669, 20726: 0, 20727: 1294, 20729: 1291, 20730: 1288, 20731: 690, 20732: 1182, 20734: 57290, 20735: 65877, 20736: 44206, 20737: 69985, 20739: 57972, 20740: 690, 20741: 57070, 20742: 78631, 20743: 85669, 20744: 58543, 20746: 1457, 20747: 78631, 20748: 78631, 20749: 75453, 20750: 85669, 20751: 85687, 20752: 62344, 20754: 1585, 20757: 50588, 20758: 57455, 20759: 1391, 20761: 0, 20762: 69990, 20763: 0, 20764: 75453, 20765: 63099, 20766: 1617, 20768: 184, 20769: 449, 20770: 77145, 20773: 70500, 20774: 70500, 20775: 57070, 20777: 57070, 20778: 1188, 20779: 57309, 20781: 1154, 20782: 1300, 20784: 728, 20785: 226, 20786: 68650, 20789: 1288, 20790: 58543, 20791: 49332, 20792: 1182, 20793: 35245, 20794: 70373, 20795: 57381, 20796: 64790, 20797: 70373, 20798: 13699, 20799: 1084, 20800: 1482, 20802: 44206, 20803: 1543, 20804: 44206, 20805: 1482, 20806: 686, 20807: 72051, 20808: 85687, 20809: 1182, 20810: 63099, 20811: 46793, 20813: 57070, 20814: 48266, 20815: 85687, 20816: 184, 20817: 82067, 20818: 1391, 20819: 44206, 20820: 58543, 20821: 61726, 20822: 1116, 20823: 46494, 20824: 48266, 20825: 57639, 20826: 2048, 20827: 61726, 20828: 1457, 20829: 690, 20831: 58543, 20832: 75379, 20833: 48266, 20834: 54448, 20835: 686, 20836: 75421, 20837: 0, 20838: 1347, 20840: 57257, 20841: 46793, 20842: 57070, 20843: 1543, 20844: 2048, 20845: 85710, 20846: 85710, 20850: 72039, 20852: 57309, 20853: 1300, 20854: 78645, 20856: 0, 20858: 57070, 20859: 82070, 20860: 82070, 20861: 63882, 20862: 63882, 20863: 63882, 20864: 184, 20872: 953, 20873: 395, 20874: 184, 20875: 75453, 20876: 743, 20877: 63882, 20881: 1391, 20883: 70500, 20884: 63882, 20885: 57639, 20886: 67720, 20887: 69990, 20888: 57972, 20889: 395, 20890: 57309, 20891: 91053, 20892: 82070, 20894: 1182, 20895: 57309, 20897: 1457, 20900: 953, 20901: 52945, 20902: 82070, 20904: 64790, 20905: 82080, 20906: 71117, 20907: 63270, 20909: 65877, 20910: 44206, 20911: 849, 20913: 46494, 20916: 57309, 20917: 63882, 20918: 72051, 20919: 87001, 20921: 52945, 20922: 72039, 20923: 1585, 20925: 1294, 20926: 44206, 20928: 85700, 20929: 51797, 20930: 0, 20931: 65161, 20932: 64790, 20933: 1014, 20934: 1193, 20935: 82070, 20936: 51797, 20937: 1399, 20938: 1193, 20939: 35259, 20940: 52945, 20941: 63882, 20942: 1399, 20943: 57290, 20944: 1347, 20948: 65877, 20949: 64790, 20950: 87001, 20951: 1300, 20953: 146, 20954: 75958, 20955: 226, 20956: 75379, 20958: 85700, 20959: 87001, 20960: 1193, 20961: 1054, 20962: 1300, 20963: 64727, 20964: 83288, 20965: 146, 20966: 0, 20967: 1054, 20968: 0, 20969: 146, 20970: 87001, 20971: 728, 20973: 1054, 20974: 0, 20975: 70500, 20977: 35245, 20978: 1502, 20979: 0, 20980: 85710, 20981: 85710, 20982: 65877, 20983: 63756, 20985: 57972, 20986: 1457, 20987: 0, 20988: 1116, 20990: 1502, 20992: 63270, 20993: 72039, 20995: 1012, 20997: 72039, 20998: 63882, 20999: 87001, 21000: 82070, 21001: 57639, 21002: 46494, 21003: 65877, 21005: 72039, 21006: 85646, 21007: 67720, 21008: 849, 21009: 83288, 21011: 72039, 21012: 84328, 21013: 70500, 21014: 83288, 21015: 59008, 21016: 64790, 21017: 35245, 21018: 85700, 21019: 63756, 21020: 1014, 21021: 2048, 21022: 1347, 21023: 63270, 21028: 86055, 21030: 85700, 21032: 1167, 21033: 91053, 21034: 1154, 21035: 68650, 21036: 69985, 21037: 78631, 21038: 146, 21039: 1543, 21041: 63099, 21043: 57417, 21045: 65161, 21047: 86055, 21050: 1540, 21053: 1294, 21055: 1585, 21056: 82080, 21057: 449, 21058: 1161, 21059: 449, 21060: 519, 21061: 69990, 21062: 1543, 21063: 1107, 21064: 72051, 21065: 1259, 21066: 78645, 21067: 69242, 21068: 57290, 21069: 728, 21070: 69990, 21072: 0, 21073: 1167, 21074: 59008, 21075: 78645, 21077: 1193, 21084: 35259, 21085: 80140, 21086: 80140, 21087: 80140, 21091: 62344, 21092: 1540, 21093: 1167, 21096: 56939, 21097: 2346, 21098: 63270, 21099: 90998, 21100: 2346, 21101: 56939, 21102: 56939, 21103: 1116, 21104: 63756, 21105: 56939, 21106: 88653, 21107: 1540, 21108: 57649, 21109: 74355, 21110: 90942, 21112: 78631, 21113: 57649, 21115: 2114, 21116: 57649, 21117: 2346, 21118: 1107, 21119: 2114, 21120: 90998, 21121: 89226, 21123: 88653, 21124: 57649, 21125: 89226, 21126: 2114, 21127: 88653, 21128: 53429, 21129: 2114, 21130: 74355, 21132: 53429, 21133: 87984, 21134: 57649, 21135: 80140, 21136: 2114, 21138: 74355, 21139: 56939, 21140: 74355, 21141: 80140, 21142: 2076, 21143: 57649, 21144: 2114, 21145: 88653, 21146: 89226, 21147: 2076, 21148: 2114, 21149: 2076, 21150: 86213, 21151: 86157, 21153: 2114, 21154: 44206, 21155: 80140, 21156: 87984, 21157: 1223, 21159: 89226, 21163: 146, 21164: 2076, 21165: 2076, 21166: 2076, 21167: 53429, 21168: 57649, 21170: 86213, 21171: 56939, 21172: 2076, 21173: 56939, 21174: 90998, 21175: 57417, 21176: 90998, 21177: 86157, 21178: 86213, 21179: 80140, 21180: 90998, 21181: 2114, 21182: 86213, 21184: 86213, 21185: 0, 21186: 86213, 21187: 0, 21188: 1223, 21189: 0, 21190: 1223, 21191: 184, 21192: 65941, 21193: 65941, 21194: 0, 21195: 64790, 21196: 57070, 21197: 57649, 21198: 2114, 21199: 2076, 21203: 2076, 21205: 88653, 21206: 86213, 21208: 87984, 21209: 80140, 21223: 743, 21226: 57290, 21227: 68173, 21228: 1107, 21229: 519, 21230: 449, 21231: 519, 21232: 57381, 21233: 78645, 21234: 1585, 21235: 522, 21236: 71117, 21237: 71117, 21238: 57381, 21239: 805, 21240: 1617, 21241: 690, 21244: 50588, 21249: 80479, 21262: 58096, 21265: 63099, 21271: 75453, 21279: 75379, 21280: 91053, 21288: 1543, 21290: 85700, 21298: 52945, 21303: 64790, 21304: 1502, 21305: 226, 21306: 1540, 21307: 57417, 21308: 88486, 21311: 1357, 21312: 1113, 21313: 1540, 21314: 765, 21315: 728, 21316: 226, 21317: 1357, 21318: 64790, 21319: 51797, 21322: 805, 21324: 35259, 21325: 13828, 21326: 46494, 21327: 78626, 21328: 57455, 21329: 57455, 21331: 65877, 21333: 0, 21334: 0, 21335: 1457, 21336: 88486, 21338: 1357, 21339: 1457, 21340: 226, 21341: 765, 21344: 1167, 21345: 82070, 21346: 70500, 21348: 1193, 21349: 0, 21351: 68173, 21354: 78626, 21356: 90927, 21357: 75379, 21358: 184, 21363: 1482, 21366: 65941, 21369: 765, 21370: 71117, 21378: 72051, 21384: 70342, 21398: 550, 21445: 74355, 21446: 1399, 21447: 85687, 21448: 91896, 21450: 68173, 21454: 1502, 21455: 683, 21460: 1084, 21462: 57381, 21463: 73235, 21465: 83288, 21468: 61726, 21470: 765, 21474: 57639, 21475: 1116, 21477: 91896, 21478: 85669, 21479: 765, 21480: 805, 21481: 686, 21482: 1347, 21483: 0, 21484: 953, 21487: 72051, 21488: 51797, 21489: 1300, 21490: 690, 21491: 1113, 21492: 1357, 21493: 50453, 21494: 342}",714.6712643678161,normal
625385.1444963333,Geração Inicial,1733628219.0407283,0,"{20331: 1482, 20332: 1347, 20333: 75421, 20334: 57309, 20335: 1412, 20336: 65341, 20337: 1489, 20338: 57257, 20339: 58096, 20340: 46793, 20341: 765, 20342: 75453, 20343: 1347, 20344: 70342, 20345: 1583, 20346: 57257, 20347: 48266, 20348: 63099, 20349: 57257, 20350: 1291, 20351: 1084, 20352: 58096, 20353: 58096, 20354: 57309, 20355: 51797, 20356: 57455, 20357: 65341, 20358: 46793, 20359: 1291, 20360: 70342, 20361: 75421, 20362: 1294, 20363: 849, 20364: 1294, 20365: 65341, 20366: 1391, 20367: 1617, 20368: 77145, 20369: 90927, 20370: 48266, 20371: 57070, 20372: 1347, 20373: 82085, 20378: 48266, 20379: 75421, 20380: 1182, 20381: 69242, 20383: 1412, 20384: 13699, 20385: 13699, 20386: 686, 20387: 1291, 20388: 68182, 20389: 70342, 20392: 51797, 20393: 69242, 20394: 765, 20395: 765, 20396: 71117, 20397: 765, 20398: 57257, 20399: 1259, 20400: 46793, 20401: 1489, 20402: 1583, 20403: 2048, 20404: 57455, 20405: 57381, 20406: 743, 20407: 57455, 20408: 35259, 20409: 519, 20410: 1617, 20411: 1543, 20412: 80479, 20413: 1347, 20414: 82080, 20415: 1188, 20416: 46494, 20417: 71117, 20418: 805, 20419: 68173, 20421: 57309, 20422: 849, 20423: 82080, 20427: 57290, 20428: 1347, 20429: 57381, 20432: 68173, 20433: 48922, 20434: 57290, 20436: 70342, 20437: 57381, 20438: 57381, 20439: 44206, 20440: 46494, 20441: 46494, 20442: 1502, 20443: 522, 20444: 82080, 20445: 182, 20446: 805, 20447: 78645, 20449: 75379, 20450: 1161, 20451: 35245, 20452: 1161, 20453: 50588, 20454: 913, 20455: 913, 20456: 35245, 20457: 70342, 20458: 51797, 20459: 51797, 20460: 65161, 20461: 50588, 20462: 57455, 20463: 1294, 20465: 849, 20466: 52945, 20467: 82085, 20468: 70342, 20469: 1188, 20471: 1585, 20472: 59008, 20473: 1107, 20475: 1259, 20476: 71117, 20481: 1107, 20482: 35245, 20484: 80479, 20485: 1012, 20486: 54448, 20487: 1543, 20488: 44206, 20489: 57455, 20490: 728, 20491: 690, 20492: 1502, 20493: 1347, 20494: 743, 20495: 683, 20496: 69990, 20497: 226, 20499: 1457, 20501: 62344, 20503: 57972, 20504: 1457, 20505: 57972, 20506: 849, 20507: 765, 20508: 46793, 20509: 52945, 20510: 913, 20511: 85646, 20512: 54448, 20513: 69990, 20514: 1223, 20515: 0, 20517: 75379, 20518: 1585, 20519: 85646, 20520: 52945, 20521: 52945, 20522: 63756, 20523: 68173, 20524: 1288, 20525: 1014, 20527: 71117, 20528: 57290, 20530: 683, 20531: 91896, 20532: 728, 20533: 75421, 20534: 63756, 20535: 71117, 20536: 44206, 20537: 1014, 20538: 1288, 20539: 1347, 20540: 1014, 20541: 69985, 20542: 35259, 20543: 449, 20544: 48922, 20545: 69985, 20546: 67720, 20547: 57070, 20549: 1161, 20550: 63270, 20552: 1288, 20553: 68173, 20554: 82080, 20555: 46494, 20556: 63756, 20557: 1457, 20558: 85687, 20559: 1116, 20560: 1116, 20561: 1167, 20563: 83288, 20564: 65877, 20565: 58096, 20567: 686, 20569: 65161, 20570: 70342, 20571: 91896, 20572: 91896, 20573: 1288, 20574: 1347, 20575: 75958, 20576: 69990, 20577: 1585, 20578: 449, 20579: 35259, 20580: 728, 20581: 728, 20582: 449, 20583: 1617, 20584: 68173, 20585: 49332, 20587: 52945, 20588: 52945, 20589: 1012, 20590: 449, 20591: 743, 20592: 690, 20593: 728, 20594: 69990, 20595: 182, 20596: 683, 20597: 1502, 20599: 1012, 20600: 78631, 20601: 1161, 20602: 35245, 20605: 35245, 20606: 1585, 20607: 64727, 20608: 2048, 20609: 54448, 20610: 13699, 20611: 765, 20612: 1288, 20613: 1182, 20614: 85669, 20615: 226, 20616: 61726, 20617: 1288, 20618: 1116, 20619: 75453, 20620: 75453, 20621: 57309, 20622: 953, 20624: 1540, 20625: 686, 20626: 686, 20628: 65877, 20630: 75379, 20631: 82080, 20633: 67720, 20634: 1107, 20635: 1583, 20636: 52945, 20637: 1412, 20638: 68650, 20639: 686, 20640: 953, 20641: 85669, 20642: 57639, 20643: 62344, 20645: 52945, 20646: 58096, 20647: 953, 20648: 57639, 20650: 686, 20651: 686, 20652: 1391, 20653: 1193, 20654: 85669, 20655: 1391, 20656: 57257, 20659: 1173, 20661: 75379, 20662: 75421, 20663: 1585, 20669: 57381, 20670: 57309, 20671: 35259, 20672: 75453, 20673: 61726, 20675: 73235, 20676: 57639, 20677: 57972, 20678: 57309, 20680: 71117, 20681: 519, 20684: 68173, 20688: 1502, 20689: 69995, 20690: 913, 20692: 75421, 20693: 1167, 20694: 63756, 20695: 63099, 20696: 913, 20697: 1291, 20698: 62344, 20699: 1173, 20700: 1161, 20701: 64727, 20702: 65877, 20703: 50588, 20704: 75379, 20705: 69995, 20706: 70373, 20707: 64727, 20708: 1012, 20709: 1161, 20710: 0, 20711: 35259, 20712: 0, 20713: 75453, 20714: 52945, 20715: 72051, 20716: 70342, 20717: 78631, 20719: 35245, 20720: 1489, 20721: 46793, 20722: 69985, 20723: 69990, 20724: 80479, 20725: 57639, 20726: 0, 20727: 88486, 20729: 1617, 20730: 1347, 20731: 1014, 20732: 85710, 20734: 35259, 20735: 1391, 20736: 46494, 20737: 69985, 20739: 75379, 20740: 1543, 20741: 1107, 20742: 63756, 20743: 83288, 20744: 85710, 20746: 78631, 20747: 44206, 20748: 85669, 20749: 58096, 20750: 78631, 20751: 1116, 20752: 44206, 20754: 1188, 20757: 63756, 20758: 52945, 20759: 1193, 20761: 69990, 20762: 63099, 20763: 1084, 20764: 75453, 20765: 1482, 20766: 69990, 20768: 184, 20769: 395, 20770: 77145, 20773: 184, 20774: 48266, 20775: 57070, 20777: 2048, 20778: 70500, 20779: 395, 20781: 67720, 20782: 57417, 20784: 48266, 20785: 1223, 20786: 57417, 20789: 683, 20790: 58543, 20791: 1182, 20792: 1617, 20793: 35245, 20794: 49332, 20795: 67720, 20796: 1167, 20797: 1482, 20798: 70373, 20799: 75421, 20800: 2048, 20802: 67720, 20803: 1399, 20804: 146, 20805: 1482, 20806: 686, 20807: 57381, 20808: 82067, 20809: 48266, 20810: 46793, 20811: 57070, 20813: 48266, 20814: 1583, 20815: 82067, 20816: 1084, 20817: 85687, 20818: 83288, 20819: 46494, 20820: 58543, 20821: 1502, 20822: 46494, 20823: 690, 20824: 1288, 20825: 44206, 20826: 63270, 20827: 1399, 20828: 64790, 20829: 59008, 20831: 58543, 20832: 65877, 20833: 65341, 20834: 86055, 20835: 85710, 20836: 1084, 20837: 0, 20838: 1457, 20840: 75421, 20841: 184, 20842: 46494, 20843: 1543, 20844: 849, 20845: 1012, 20846: 1543, 20850: 87001, 20852: 70171, 20853: 1300, 20854: 91896, 20856: 63099, 20858: 1347, 20859: 82070, 20860: 82070, 20861: 63882, 20862: 63882, 20863: 63882, 20864: 395, 20872: 953, 20873: 226, 20874: 0, 20875: 59008, 20876: 69985, 20877: 83288, 20881: 67720, 20883: 78631, 20884: 63882, 20885: 57639, 20886: 64727, 20887: 849, 20888: 57972, 20889: 690, 20890: 59008, 20891: 91053, 20892: 72039, 20894: 57309, 20895: 85700, 20897: 686, 20900: 85669, 20901: 64790, 20902: 82070, 20904: 48266, 20905: 1188, 20906: 69995, 20907: 63756, 20909: 65877, 20910: 70342, 20911: 69995, 20913: 1188, 20916: 953, 20917: 87001, 20918: 743, 20919: 63882, 20921: 1391, 20922: 84328, 20923: 1585, 20925: 1294, 20926: 146, 20928: 70500, 20929: 64727, 20930: 61726, 20931: 48266, 20932: 63099, 20933: 72051, 20934: 63099, 20935: 87001, 20936: 72051, 20937: 64790, 20938: 1193, 20939: 1107, 20940: 65941, 20941: 63882, 20942: 146, 20943: 57290, 20944: 75453, 20948: 82070, 20949: 64727, 20950: 87001, 20951: 70500, 20953: 1399, 20954: 44206, 20955: 1457, 20956: 54448, 20958: 65941, 20959: 87001, 20960: 146, 20961: 1502, 20962: 70500, 20963: 54448, 20964: 87001, 20965: 75453, 20966: 63756, 20967: 1116, 20968: 59008, 20969: 65161, 20970: 65877, 20971: 69995, 20973: 85710, 20974: 0, 20975: 395, 20977: 1399, 20978: 1502, 20979: 0, 20980: 51797, 20981: 57639, 20982: 87001, 20983: 57972, 20985: 83288, 20986: 69995, 20987: 75453, 20988: 1012, 20990: 1116, 20992: 64790, 20993: 0, 20995: 63756, 20997: 83288, 20998: 82070, 20999: 65877, 21000: 63882, 21001: 78631, 21002: 1161, 21003: 65877, 21005: 72039, 21006: 57417, 21007: 1543, 21008: 71117, 21009: 82070, 21011: 87001, 21012: 84328, 21013: 57417, 21014: 72039, 21015: 63099, 21016: 65941, 21017: 59008, 21018: 1300, 21019: 1223, 21020: 69990, 21021: 57290, 21022: 1399, 21023: 1457, 21028: 86055, 21030: 85700, 21032: 57417, 21033: 1399, 21034: 146, 21035: 1188, 21036: 59008, 21037: 1457, 21038: 54448, 21039: 1288, 21041: 65941, 21043: 57290, 21045: 85700, 21047: 86055, 21050: 1347, 21053: 1294, 21055: 82080, 21056: 1585, 21057: 519, 21058: 686, 21059: 449, 21060: 519, 21061: 1543, 21062: 57290, 21063: 48922, 21064: 78645, 21065: 68173, 21066: 683, 21067: 72051, 21068: 73383, 21069: 805, 21070: 1543, 21072: 0, 21073: 1054, 21074: 35259, 21075: 48922, 21077: 1540, 21084: 1617, 21085: 56939, 21086: 90942, 21087: 86213, 21091: 1540, 21092: 1182, 21093: 63270, 21096: 88653, 21097: 57649, 21098: 67720, 21099: 87984, 21100: 56939, 21101: 57649, 21102: 57649, 21103: 1116, 21104: 58096, 21105: 89226, 21106: 56939, 21107: 62344, 21108: 2346, 21109: 89226, 21110: 89226, 21112: 78631, 21113: 88653, 21115: 89226, 21116: 2114, 21117: 53429, 21118: 62344, 21119: 74355, 21120: 2076, 21121: 74355, 21123: 2346, 21124: 86213, 21125: 89226, 21126: 57649, 21127: 74355, 21128: 53429, 21129: 2114, 21130: 2114, 21132: 53429, 21133: 87984, 21134: 2114, 21135: 80140, 21136: 2114, 21138: 74355, 21139: 88653, 21140: 74355, 21141: 87984, 21142: 80140, 21143: 57649, 21144: 2114, 21145: 2076, 21146: 89226, 21147: 80140, 21148: 56939, 21149: 86157, 21150: 86213, 21151: 86213, 21153: 80140, 21154: 1188, 21155: 80140, 21156: 87984, 21157: 1223, 21159: 80140, 21163: 57417, 21164: 86213, 21165: 57649, 21166: 90998, 21167: 2076, 21168: 56939, 21170: 80140, 21171: 86213, 21172: 88653, 21173: 2076, 21174: 2346, 21175: 2048, 21176: 87984, 21177: 80140, 21178: 86213, 21179: 86157, 21180: 2346, 21181: 56939, 21182: 0, 21184: 87984, 21185: 0, 21186: 86157, 21187: 0, 21188: 0, 21189: 0, 21190: 63270, 21191: 184, 21192: 72051, 21193: 65161, 21194: 0, 21195: 1223, 21196: 1347, 21197: 2114, 21198: 57649, 21199: 87984, 21203: 90998, 21205: 2114, 21206: 2076, 21208: 87984, 21209: 80140, 21223: 519, 21226: 395, 21227: 75958, 21228: 78645, 21229: 519, 21230: 1107, 21231: 449, 21232: 72051, 21233: 78645, 21234: 1502, 21235: 1502, 21236: 71117, 21237: 1107, 21238: 71117, 21239: 73383, 21240: 46494, 21241: 805, 21244: 1173, 21249: 1012, 21262: 58096, 21265: 1291, 21271: 35245, 21279: 70500, 21280: 78631, 21288: 1167, 21290: 72051, 21298: 57639, 21303: 57455, 21304: 1357, 21305: 1054, 21306: 1294, 21307: 728, 21308: 85669, 21311: 85669, 21312: 1167, 21313: 1107, 21314: 1294, 21315: 57455, 21316: 1540, 21317: 1540, 21318: 51797, 21319: 51797, 21322: 683, 21324: 13828, 21325: 805, 21326: 1502, 21327: 71117, 21328: 728, 21329: 13828, 21331: 57972, 21333: 226, 21334: 0, 21335: 1357, 21336: 1113, 21338: 1347, 21339: 85669, 21340: 35259, 21341: 51797, 21344: 75453, 21345: 72039, 21346: 75379, 21348: 63099, 21349: 0, 21351: 70342, 21354: 550, 21356: 65341, 21357: 85646, 21358: 226, 21363: 57309, 21366: 91053, 21369: 226, 21370: 226, 21378: 78645, 21384: 1188, 21398: 519, 21445: 57649, 21446: 57070, 21447: 190, 21448: 743, 21450: 44206, 21454: 683, 21455: 1014, 21460: 0, 21462: 82080, 21463: 62344, 21465: 0, 21468: 57070, 21470: 1357, 21474: 85669, 21475: 1116, 21477: 75958, 21478: 78631, 21479: 1054, 21480: 550, 21481: 65877, 21482: 65877, 21483: 70373, 21484: 1288, 21487: 65161, 21488: 63756, 21489: 65161, 21490: 1259, 21491: 245, 21492: 1357, 21493: 50453, 21494: 342}",714.6712643678161,normal
605954.888091001,Geração Inicial,1733628221.7934723,0,"{20331: 57455, 20332: 57070, 20333: 82085, 20334: 1617, 20335: 1412, 20336: 49332, 20337: 49332, 20338: 70342, 20339: 69990, 20340: 46793, 20341: 49332, 20342: 70342, 20343: 58096, 20344: 69242, 20345: 63099, 20346: 1482, 20347: 1084, 20348: 849, 20349: 849, 20350: 70373, 20351: 58096, 20352: 63099, 20353: 1291, 20354: 51797, 20355: 75453, 20356: 2048, 20357: 849, 20358: 1617, 20359: 75421, 20360: 57257, 20361: 57455, 20362: 765, 20363: 1583, 20364: 765, 20365: 65341, 20366: 77145, 20367: 90927, 20368: 75453, 20369: 1391, 20370: 1347, 20371: 48266, 20372: 70342, 20373: 849, 20378: 57257, 20379: 1489, 20380: 69990, 20381: 57070, 20383: 68182, 20384: 1084, 20385: 686, 20386: 686, 20387: 1391, 20388: 1084, 20389: 69990, 20392: 849, 20393: 184, 20394: 1182, 20395: 1489, 20396: 1259, 20397: 57257, 20398: 1412, 20399: 449, 20400: 765, 20401: 57070, 20402: 1294, 20403: 1412, 20404: 1585, 20405: 1107, 20406: 82080, 20407: 69990, 20408: 519, 20409: 743, 20410: 1259, 20411: 1543, 20412: 913, 20413: 70342, 20414: 1188, 20415: 35259, 20416: 57290, 20417: 683, 20418: 1288, 20419: 1347, 20421: 82085, 20422: 1182, 20423: 1502, 20427: 449, 20428: 78645, 20429: 44206, 20432: 57381, 20433: 1259, 20434: 57290, 20436: 73383, 20437: 57381, 20438: 683, 20439: 449, 20440: 743, 20441: 743, 20442: 805, 20443: 82080, 20444: 1107, 20445: 1014, 20446: 1347, 20447: 67720, 20449: 69995, 20450: 1585, 20451: 54448, 20452: 913, 20453: 52945, 20454: 1585, 20455: 913, 20456: 51797, 20457: 46793, 20458: 1161, 20459: 1161, 20460: 1012, 20461: 1012, 20462: 85710, 20463: 184, 20465: 1084, 20466: 51797, 20467: 1412, 20468: 73383, 20469: 67720, 20471: 44206, 20472: 1188, 20473: 72051, 20475: 69985, 20476: 46494, 20481: 71117, 20482: 75379, 20484: 80479, 20485: 50588, 20486: 54448, 20487: 1107, 20488: 743, 20489: 1543, 20490: 69990, 20491: 46494, 20492: 1188, 20493: 182, 20494: 44206, 20495: 44206, 20496: 1391, 20497: 70342, 20499: 85669, 20501: 88486, 20503: 57639, 20504: 1357, 20505: 1294, 20506: 1161, 20507: 71117, 20508: 1012, 20509: 63270, 20510: 70342, 20511: 75379, 20512: 54448, 20513: 70373, 20514: 35245, 20515: 70342, 20517: 52945, 20518: 75379, 20519: 75379, 20520: 63270, 20521: 1585, 20522: 63270, 20523: 1014, 20524: 68173, 20525: 1288, 20527: 805, 20528: 1347, 20530: 1107, 20531: 1585, 20532: 395, 20533: 70342, 20534: 51797, 20535: 690, 20536: 48922, 20537: 35259, 20538: 1585, 20539: 1288, 20540: 728, 20541: 35259, 20542: 68173, 20543: 1617, 20544: 67720, 20545: 1288, 20546: 69985, 20547: 85710, 20549: 63270, 20550: 65161, 20552: 82080, 20553: 1502, 20554: 449, 20555: 78631, 20556: 75453, 20557: 85687, 20558: 849, 20559: 1107, 20560: 1182, 20561: 46494, 20563: 65877, 20564: 85710, 20565: 61726, 20567: 58096, 20569: 1161, 20570: 67720, 20571: 59008, 20572: 91896, 20573: 35259, 20574: 1585, 20575: 728, 20576: 690, 20577: 91896, 20578: 48922, 20579: 70342, 20580: 690, 20581: 91896, 20582: 44206, 20583: 1014, 20584: 68173, 20585: 58543, 20587: 913, 20588: 80479, 20589: 1012, 20590: 690, 20591: 728, 20592: 1288, 20593: 69985, 20594: 690, 20595: 59008, 20596: 73383, 20597: 805, 20599: 1012, 20600: 1188, 20601: 80479, 20602: 226, 20605: 226, 20606: 1161, 20607: 1161, 20608: 1154, 20609: 1173, 20610: 70373, 20611: 226, 20612: 765, 20613: 686, 20614: 69990, 20615: 85669, 20616: 57309, 20617: 1116, 20618: 69995, 20619: 1540, 20620: 226, 20621: 85710, 20622: 85710, 20624: 85710, 20625: 1054, 20626: 71117, 20628: 61726, 20630: 69995, 20631: 82080, 20633: 522, 20634: 1347, 20635: 1482, 20636: 52945, 20637: 63099, 20638: 58096, 20639: 1391, 20640: 1193, 20641: 62344, 20642: 686, 20643: 62344, 20645: 52945, 20646: 57639, 20647: 953, 20648: 58096, 20650: 1391, 20651: 953, 20652: 52945, 20653: 1391, 20654: 953, 20655: 63099, 20656: 1182, 20659: 64727, 20661: 66626, 20662: 58096, 20663: 75379, 20669: 13828, 20670: 1540, 20671: 62344, 20672: 1391, 20673: 78631, 20675: 57309, 20676: 57639, 20677: 73235, 20678: 65877, 20680: 1014, 20681: 44206, 20684: 57290, 20688: 395, 20689: 64727, 20690: 913, 20692: 46793, 20693: 57639, 20694: 69995, 20695: 75453, 20696: 70342, 20697: 46793, 20698: 1167, 20699: 66626, 20700: 54448, 20701: 1173, 20702: 88486, 20703: 63756, 20704: 50588, 20705: 54448, 20706: 1347, 20707: 1173, 20708: 1182, 20709: 1161, 20710: 0, 20711: 743, 20712: 0, 20713: 1291, 20714: 52945, 20715: 46494, 20716: 913, 20717: 58543, 20719: 46793, 20720: 1084, 20721: 70342, 20722: 690, 20723: 184, 20724: 0, 20725: 85669, 20726: 0, 20727: 62344, 20729: 1084, 20730: 83288, 20731: 73383, 20732: 57309, 20734: 71117, 20735: 57309, 20736: 1585, 20737: 82080, 20739: 75379, 20740: 57455, 20741: 63756, 20742: 75379, 20743: 1357, 20744: 1167, 20746: 1457, 20747: 70500, 20748: 1116, 20749: 78631, 20750: 69990, 20751: 57070, 20752: 1167, 20754: 67720, 20757: 1012, 20758: 226, 20759: 85669, 20761: 1482, 20762: 63099, 20763: 58096, 20764: 1482, 20765: 70373, 20766: 70373, 20768: 0, 20769: 519, 20770: 77145, 20773: 1223, 20774: 1543, 20775: 686, 20777: 69242, 20778: 1399, 20779: 1457, 20781: 1300, 20782: 68650, 20784: 57639, 20785: 68650, 20786: 1457, 20789: 1617, 20790: 58096, 20791: 1617, 20792: 849, 20793: 146, 20794: 57070, 20795: 1502, 20796: 1399, 20797: 1084, 20798: 69242, 20799: 75421, 20800: 1482, 20802: 1188, 20803: 70500, 20804: 1347, 20805: 13699, 20806: 686, 20807: 1014, 20808: 82067, 20809: 2048, 20810: 46793, 20811: 57070, 20813: 70373, 20814: 1412, 20815: 85687, 20816: 49332, 20817: 82067, 20818: 1161, 20819: 57455, 20820: 1167, 20821: 75379, 20822: 61726, 20823: 44206, 20824: 57290, 20825: 57070, 20826: 35245, 20827: 78631, 20828: 64790, 20829: 1014, 20831: 57290, 20832: 1457, 20833: 184, 20834: 54448, 20835: 44206, 20836: 82085, 20837: 48266, 20838: 1161, 20840: 184, 20841: 82085, 20842: 65877, 20843: 1223, 20844: 1583, 20845: 69990, 20846: 1288, 20850: 72039, 20852: 57309, 20853: 1543, 20854: 73383, 20856: 0, 20858: 70373, 20859: 82070, 20860: 82070, 20861: 63882, 20862: 63882, 20863: 82070, 20864: 35245, 20872: 953, 20873: 395, 20874: 0, 20875: 85646, 20876: 91896, 20877: 82070, 20881: 67720, 20883: 70500, 20884: 57972, 20885: 57639, 20886: 67720, 20887: 61726, 20888: 63882, 20889: 71117, 20890: 64727, 20891: 75379, 20892: 65877, 20894: 61726, 20895: 57309, 20897: 1457, 20900: 953, 20901: 69995, 20902: 65877, 20904: 146, 20905: 73383, 20906: 849, 20907: 85700, 20909: 0, 20910: 690, 20911: 1182, 20913: 522, 20916: 1540, 20917: 87001, 20918: 46494, 20919: 87001, 20921: 86055, 20922: 84328, 20923: 57381, 20925: 1294, 20926: 1223, 20928: 48266, 20929: 63756, 20930: 61726, 20931: 59008, 20932: 64790, 20933: 69990, 20934: 63099, 20935: 84328, 20936: 63756, 20937: 1399, 20938: 1193, 20939: 1288, 20940: 63756, 20941: 87001, 20942: 75453, 20943: 72051, 20944: 57639, 20948: 63882, 20949: 59008, 20950: 84328, 20951: 65941, 20953: 0, 20954: 75958, 20955: 1107, 20956: 1399, 20958: 65161, 20959: 83288, 20960: 728, 20961: 1502, 20962: 58096, 20963: 64727, 20964: 83288, 20965: 1300, 20966: 0, 20967: 1054, 20968: 0, 20969: 64790, 20970: 65877, 20971: 1193, 20973: 1502, 20974: 0, 20975: 146, 20977: 57070, 20978: 1054, 20979: 0, 20980: 51797, 20981: 1543, 20982: 72039, 20983: 57972, 20985: 57972, 20986: 728, 20987: 0, 20988: 1054, 20990: 85710, 20992: 68650, 20993: 72039, 20995: 63756, 20997: 65877, 20998: 82070, 20999: 65877, 21000: 63882, 21001: 1223, 21002: 1012, 21003: 72039, 21005: 72039, 21006: 2048, 21007: 57417, 21008: 686, 21009: 83288, 21011: 63882, 21012: 84328, 21013: 63270, 21014: 83288, 21015: 91053, 21016: 70500, 21017: 146, 21018: 58543, 21019: 52945, 21020: 449, 21021: 57639, 21022: 75453, 21023: 57417, 21028: 85700, 21030: 86055, 21032: 395, 21033: 68650, 21034: 1300, 21035: 54448, 21036: 48922, 21037: 85710, 21038: 2048, 21039: 52945, 21041: 70500, 21043: 35245, 21045: 85700, 21047: 86055, 21050: 1012, 21053: 1294, 21055: 1585, 21056: 82080, 21057: 395, 21058: 46494, 21059: 519, 21060: 449, 21061: 46494, 21062: 57290, 21063: 69990, 21064: 48922, 21065: 1259, 21066: 1107, 21067: 1014, 21068: 743, 21069: 46494, 21070: 57381, 21072: 1107, 21073: 849, 21074: 1617, 21075: 72051, 21077: 1193, 21084: 35259, 21085: 56939, 21086: 90942, 21087: 2346, 21091: 62344, 21092: 1399, 21093: 85646, 21096: 2114, 21097: 2346, 21098: 63756, 21099: 2114, 21100: 88653, 21101: 53429, 21102: 57649, 21103: 1116, 21104: 72051, 21105: 80140, 21106: 2076, 21107: 57972, 21108: 89226, 21109: 74355, 21110: 89226, 21112: 1540, 21113: 2076, 21115: 74355, 21116: 57649, 21117: 53429, 21118: 1347, 21119: 2076, 21120: 80140, 21121: 56939, 21123: 56939, 21124: 87984, 21125: 88653, 21126: 57649, 21127: 74355, 21128: 74355, 21129: 53429, 21130: 2114, 21132: 74355, 21133: 90998, 21134: 57649, 21135: 56939, 21136: 57649, 21138: 53429, 21139: 2076, 21140: 2114, 21141: 56939, 21142: 2114, 21143: 74355, 21144: 2114, 21145: 2076, 21146: 89226, 21147: 2114, 21148: 74355, 21149: 53429, 21150: 86157, 21151: 2076, 21153: 56939, 21154: 57417, 21155: 86213, 21156: 80140, 21157: 146, 21159: 88653, 21163: 0, 21164: 80140, 21165: 87984, 21166: 57649, 21167: 56939, 21168: 88653, 21170: 2114, 21171: 87984, 21172: 2114, 21173: 86213, 21174: 88653, 21175: 0, 21176: 87984, 21177: 86213, 21178: 80140, 21179: 56939, 21180: 2346, 21181: 86213, 21182: 87984, 21184: 86157, 21185: 86157, 21186: 86157, 21187: 0, 21188: 0, 21189: 0, 21190: 64790, 21191: 184, 21192: 58543, 21193: 91053, 21194: 0, 21195: 1154, 21196: 69990, 21197: 74355, 21198: 57649, 21199: 87984, 21203: 2346, 21205: 57649, 21206: 86213, 21208: 87984, 21209: 90942, 21223: 1259, 21226: 728, 21227: 449, 21228: 78645, 21229: 519, 21230: 1347, 21231: 0, 21232: 44206, 21233: 57381, 21234: 182, 21235: 182, 21236: 683, 21237: 1288, 21238: 71117, 21239: 48922, 21240: 71117, 21241: 519, 21244: 1173, 21249: 1012, 21262: 686, 21265: 75421, 21271: 75453, 21279: 64727, 21280: 75379, 21288: 58096, 21290: 59008, 21298: 63756, 21303: 1457, 21304: 1294, 21305: 1167, 21306: 71117, 21307: 57455, 21308: 1357, 21311: 765, 21312: 1107, 21313: 226, 21314: 1113, 21315: 728, 21316: 1113, 21317: 1294, 21318: 57417, 21319: 57455, 21322: 46494, 21324: 13828, 21325: 550, 21326: 57455, 21327: 805, 21328: 728, 21329: 78626, 21331: 72039, 21333: 226, 21334: 0, 21335: 88486, 21336: 1294, 21338: 1167, 21339: 1107, 21340: 46494, 21341: 1294, 21344: 69995, 21345: 0, 21346: 59008, 21348: 63099, 21349: 0, 21351: 1347, 21354: 0, 21356: 65341, 21357: 85646, 21358: 226, 21363: 184, 21366: 1223, 21369: 63756, 21370: 46494, 21378: 68173, 21384: 57290, 21398: 395, 21445: 53429, 21446: 1182, 21447: 85669, 21448: 1617, 21450: 57381, 21454: 78645, 21455: 449, 21460: 0, 21462: 1502, 21463: 57972, 21465: 0, 21468: 85710, 21470: 765, 21474: 85687, 21475: 1116, 21477: 75958, 21478: 85710, 21479: 63756, 21480: 13828, 21481: 1357, 21482: 686, 21483: 0, 21484: 75453, 21487: 57309, 21488: 63756, 21489: 63270, 21490: 683, 21491: 245, 21492: 85669, 21493: 50453, 21494: 342}",714.6712643678161,normal
642056.5425143334,Geração Inicial,1733628224.419642,0,"{20331: 1294, 20332: 70342, 20333: 1482, 20334: 82085, 20335: 1294, 20336: 57257, 20337: 65341, 20338: 1182, 20339: 1084, 20340: 57309, 20341: 765, 20342: 2048, 20343: 69242, 20344: 849, 20345: 57257, 20346: 1412, 20347: 63099, 20348: 1084, 20349: 75453, 20350: 63099, 20351: 75453, 20352: 69242, 20353: 70342, 20354: 849, 20355: 1489, 20356: 1489, 20357: 849, 20358: 70342, 20359: 57257, 20360: 2048, 20361: 58096, 20362: 1412, 20363: 1489, 20364: 184, 20365: 1617, 20366: 70171, 20367: 57309, 20368: 90927, 20369: 1617, 20370: 48266, 20371: 70373, 20372: 49332, 20373: 1291, 20378: 1182, 20379: 69990, 20380: 70342, 20381: 57070, 20383: 1583, 20384: 686, 20385: 75421, 20386: 68182, 20387: 75421, 20388: 13699, 20389: 68182, 20392: 1291, 20393: 63099, 20394: 75453, 20395: 48266, 20396: 1543, 20397: 849, 20398: 75421, 20399: 70342, 20400: 58096, 20401: 57455, 20402: 1489, 20403: 1084, 20404: 57455, 20405: 1288, 20406: 519, 20407: 743, 20408: 71117, 20409: 1288, 20410: 57381, 20411: 449, 20412: 226, 20413: 58096, 20414: 1014, 20415: 46494, 20416: 805, 20417: 57290, 20418: 683, 20419: 1617, 20421: 65341, 20422: 82085, 20423: 1585, 20427: 68173, 20428: 78645, 20429: 48922, 20432: 44206, 20433: 1502, 20434: 57290, 20436: 182, 20437: 1188, 20438: 1502, 20439: 57381, 20440: 73383, 20441: 70342, 20442: 57381, 20443: 13828, 20444: 71117, 20445: 683, 20446: 1502, 20447: 71117, 20449: 50588, 20450: 913, 20451: 80479, 20452: 80479, 20453: 35245, 20454: 69995, 20455: 52945, 20456: 70342, 20457: 46793, 20458: 1012, 20459: 51797, 20460: 63756, 20461: 35245, 20462: 64790, 20463: 57257, 20465: 57070, 20466: 63756, 20467: 849, 20468: 743, 20469: 67720, 20471: 1014, 20472: 13828, 20473: 1188, 20475: 67720, 20476: 1259, 20481: 71117, 20482: 35245, 20484: 85646, 20485: 46793, 20486: 913, 20487: 743, 20488: 44206, 20489: 683, 20490: 519, 20491: 78645, 20492: 57381, 20493: 82080, 20494: 91896, 20495: 1585, 20496: 58096, 20497: 54448, 20499: 1054, 20501: 1347, 20503: 35259, 20504: 57070, 20505: 83288, 20506: 1012, 20507: 46494, 20508: 69995, 20509: 1012, 20510: 52945, 20511: 64727, 20512: 54448, 20513: 1291, 20514: 146, 20515: 52945, 20517: 35245, 20518: 226, 20519: 75379, 20520: 69995, 20521: 50588, 20522: 52945, 20523: 1543, 20524: 449, 20525: 728, 20527: 1617, 20528: 44206, 20530: 72051, 20531: 13828, 20532: 1259, 20533: 69990, 20534: 46793, 20535: 75958, 20536: 68173, 20537: 1617, 20538: 690, 20539: 69990, 20540: 1617, 20541: 71117, 20542: 1288, 20543: 449, 20544: 1014, 20545: 1585, 20546: 91896, 20547: 57070, 20549: 80479, 20550: 63270, 20552: 46494, 20553: 71117, 20554: 1288, 20555: 61726, 20556: 78631, 20557: 1391, 20558: 1502, 20559: 1399, 20560: 686, 20561: 46494, 20563: 65877, 20564: 1167, 20565: 85710, 20567: 69990, 20569: 51797, 20570: 743, 20571: 68173, 20572: 1347, 20573: 690, 20574: 67720, 20575: 449, 20576: 728, 20577: 48922, 20578: 1014, 20579: 1347, 20580: 35259, 20581: 75958, 20582: 48922, 20583: 743, 20584: 1347, 20585: 1543, 20587: 1161, 20588: 1012, 20589: 65161, 20590: 395, 20591: 449, 20592: 1188, 20593: 57290, 20594: 690, 20595: 522, 20596: 73383, 20597: 805, 20599: 1012, 20600: 63270, 20601: 63270, 20602: 35245, 20605: 226, 20606: 1161, 20607: 52945, 20608: 58096, 20609: 1173, 20610: 1084, 20611: 65877, 20612: 75453, 20613: 1457, 20614: 57309, 20615: 69995, 20616: 849, 20617: 1167, 20618: 1540, 20619: 765, 20620: 1457, 20621: 1167, 20622: 686, 20624: 1457, 20625: 65877, 20626: 686, 20628: 686, 20630: 66626, 20631: 519, 20633: 1107, 20634: 72051, 20635: 1084, 20636: 913, 20637: 1391, 20638: 146, 20639: 85669, 20640: 57639, 20641: 52945, 20642: 1391, 20643: 1193, 20645: 1391, 20646: 953, 20647: 686, 20648: 58096, 20650: 58096, 20651: 62344, 20652: 686, 20653: 1193, 20654: 85669, 20655: 1412, 20656: 184, 20659: 1585, 20661: 69995, 20662: 70373, 20663: 913, 20669: 522, 20670: 78631, 20671: 57639, 20672: 35259, 20673: 57972, 20675: 61726, 20676: 57972, 20677: 73235, 20678: 62344, 20680: 68173, 20681: 449, 20684: 1347, 20688: 1617, 20689: 69995, 20690: 52945, 20692: 57257, 20693: 85669, 20694: 66626, 20695: 1489, 20696: 1173, 20697: 1182, 20698: 58543, 20699: 63756, 20700: 50588, 20701: 913, 20702: 1167, 20703: 54448, 20704: 66626, 20705: 75379, 20706: 1182, 20707: 70342, 20708: 46494, 20709: 1161, 20710: 1161, 20711: 1543, 20712: 0, 20713: 75421, 20714: 52945, 20715: 690, 20716: 70342, 20717: 57639, 20719: 1585, 20720: 75453, 20721: 913, 20722: 805, 20723: 51797, 20724: 80479, 20725: 85669, 20726: 46793, 20727: 78631, 20729: 1617, 20730: 88486, 20731: 48922, 20732: 1054, 20734: 1288, 20735: 57309, 20736: 1014, 20737: 73383, 20739: 35259, 20740: 57455, 20741: 686, 20742: 1167, 20743: 1116, 20744: 68650, 20746: 69990, 20747: 91053, 20748: 58096, 20749: 69990, 20750: 686, 20751: 1399, 20752: 1502, 20754: 44206, 20757: 1161, 20758: 1012, 20759: 62344, 20761: 1482, 20762: 75453, 20763: 63099, 20764: 1084, 20765: 63099, 20766: 63099, 20768: 184, 20769: 395, 20770: 77145, 20773: 70500, 20774: 1154, 20775: 69990, 20777: 1391, 20778: 70500, 20779: 1399, 20781: 1457, 20782: 49332, 20784: 57290, 20785: 2048, 20786: 70500, 20789: 1347, 20790: 58543, 20791: 70342, 20792: 46793, 20793: 146, 20794: 49332, 20795: 59008, 20796: 1188, 20797: 75421, 20798: 13699, 20799: 70373, 20800: 1482, 20802: 69242, 20803: 85710, 20804: 57309, 20805: 69242, 20806: 1391, 20807: 72051, 20808: 82067, 20809: 1291, 20810: 63099, 20811: 57070, 20813: 48266, 20814: 1482, 20815: 85687, 20816: 57455, 20817: 85687, 20818: 1391, 20819: 1502, 20820: 1167, 20821: 1116, 20822: 85687, 20823: 46494, 20824: 57417, 20825: 75453, 20826: 75379, 20827: 46494, 20828: 184, 20829: 67720, 20831: 57290, 20832: 57639, 20833: 1291, 20834: 728, 20835: 1502, 20836: 1583, 20837: 57070, 20838: 57070, 20840: 2048, 20841: 1412, 20842: 1357, 20843: 226, 20844: 57455, 20845: 65877, 20846: 1300, 20850: 65877, 20852: 90927, 20853: 51797, 20854: 72051, 20856: 46793, 20858: 48266, 20859: 82070, 20860: 63882, 20861: 63882, 20862: 82070, 20863: 82070, 20864: 395, 20872: 953, 20873: 395, 20874: 0, 20875: 91053, 20876: 683, 20877: 83288, 20881: 75379, 20883: 75453, 20884: 57972, 20885: 59008, 20886: 64727, 20887: 1540, 20888: 82070, 20889: 683, 20890: 64727, 20891: 1391, 20892: 82070, 20894: 85669, 20895: 64790, 20897: 1540, 20900: 1457, 20901: 75379, 20902: 72039, 20904: 63099, 20905: 522, 20906: 765, 20907: 1188, 20909: 65877, 20910: 182, 20911: 849, 20913: 72051, 20916: 85669, 20917: 87001, 20918: 73383, 20919: 63882, 20921: 58543, 20922: 82070, 20923: 690, 20925: 1294, 20926: 85700, 20928: 1300, 20929: 51797, 20930: 61726, 20931: 51797, 20932: 1288, 20933: 57290, 20934: 63099, 20935: 82070, 20936: 91053, 20937: 1399, 20938: 1193, 20939: 1502, 20940: 1223, 20941: 72039, 20942: 1399, 20943: 69985, 20944: 1193, 20948: 83288, 20949: 1193, 20950: 87001, 20951: 1300, 20953: 64727, 20954: 68173, 20955: 1457, 20956: 57639, 20958: 57639, 20959: 65877, 20960: 54448, 20961: 1012, 20962: 1300, 20963: 69995, 20964: 72039, 20965: 91053, 20966: 64790, 20967: 1054, 20968: 44206, 20969: 85700, 20970: 57972, 20971: 63756, 20973: 85710, 20974: 59008, 20975: 1154, 20977: 85710, 20978: 63756, 20979: 0, 20980: 63756, 20981: 49332, 20982: 72039, 20983: 1054, 20985: 72039, 20986: 728, 20987: 64790, 20988: 1054, 20990: 85710, 20992: 68650, 20993: 72039, 20995: 1012, 20997: 83288, 20998: 82070, 20999: 87001, 21000: 63882, 21001: 70500, 21002: 57639, 21003: 57972, 21005: 83288, 21006: 72051, 21007: 2048, 21008: 69995, 21009: 65877, 21011: 72039, 21012: 87001, 21013: 57290, 21014: 65877, 21015: 91053, 21016: 72051, 21017: 64790, 21018: 1193, 21019: 184, 21020: 69985, 21021: 1543, 21022: 75379, 21023: 63270, 21028: 86055, 21030: 85700, 21032: 52945, 21033: 35245, 21034: 1154, 21035: 58543, 21036: 35259, 21037: 1223, 21038: 728, 21039: 63270, 21041: 85700, 21043: 67720, 21045: 1188, 21047: 86055, 21050: 83288, 21053: 1294, 21055: 82080, 21056: 1585, 21057: 1107, 21058: 1107, 21059: 395, 21060: 1107, 21061: 46494, 21062: 1502, 21063: 1014, 21064: 57381, 21065: 1543, 21066: 1188, 21067: 683, 21068: 73383, 21069: 46494, 21070: 69990, 21072: 1107, 21073: 1182, 21074: 67720, 21075: 78645, 21077: 1540, 21084: 1617, 21085: 2114, 21086: 89226, 21087: 87984, 21091: 1012, 21092: 78631, 21093: 63270, 21096: 2114, 21097: 53429, 21098: 65941, 21099: 2114, 21100: 2076, 21101: 57649, 21102: 80140, 21103: 1457, 21104: 51797, 21105: 88653, 21106: 2346, 21107: 62344, 21108: 2346, 21109: 2114, 21110: 90942, 21112: 75379, 21113: 88653, 21115: 2346, 21116: 80140, 21117: 57649, 21118: 88486, 21119: 2076, 21120: 2076, 21121: 74355, 21123: 57649, 21124: 2076, 21125: 53429, 21126: 57649, 21127: 74355, 21128: 57649, 21129: 2114, 21130: 74355, 21132: 53429, 21133: 87984, 21134: 57649, 21135: 88653, 21136: 74355, 21138: 53429, 21139: 88653, 21140: 53429, 21141: 80140, 21142: 2346, 21143: 57649, 21144: 2114, 21145: 88653, 21146: 89226, 21147: 53429, 21148: 2114, 21149: 2076, 21150: 86213, 21151: 87984, 21153: 2114, 21154: 44206, 21155: 86157, 21156: 80140, 21157: 1188, 21159: 89226, 21163: 146, 21164: 86157, 21165: 88653, 21166: 88653, 21167: 80140, 21168: 2114, 21170: 88653, 21171: 53429, 21172: 57649, 21173: 56939, 21174: 90998, 21175: 1223, 21176: 56939, 21177: 56939, 21178: 57649, 21179: 86213, 21180: 90998, 21181: 86213, 21182: 86157, 21184: 56939, 21185: 86213, 21186: 86213, 21187: 0, 21188: 0, 21189: 0, 21190: 78631, 21191: 184, 21192: 59008, 21193: 57639, 21194: 0, 21195: 395, 21196: 1489, 21197: 57649, 21198: 74355, 21199: 2076, 21203: 90998, 21205: 74355, 21206: 86213, 21208: 87984, 21209: 89226, 21223: 683, 21226: 683, 21227: 1585, 21228: 68173, 21229: 0, 21230: 69990, 21231: 519, 21232: 57381, 21233: 1259, 21234: 805, 21235: 690, 21236: 71117, 21237: 71117, 21238: 1288, 21239: 805, 21240: 82080, 21241: 395, 21244: 64727, 21249: 0, 21262: 1489, 21265: 68182, 21271: 65161, 21279: 91053, 21280: 57639, 21288: 63756, 21290: 59008, 21298: 72051, 21303: 1457, 21304: 46494, 21305: 1294, 21306: 1167, 21307: 728, 21308: 1294, 21311: 1347, 21312: 88486, 21313: 1054, 21314: 1540, 21315: 1347, 21316: 71117, 21317: 765, 21318: 395, 21319: 1294, 21322: 69985, 21324: 71117, 21325: 550, 21326: 57455, 21327: 519, 21328: 35259, 21329: 805, 21331: 57972, 21333: 51797, 21334: 57455, 21335: 1357, 21336: 765, 21338: 1054, 21339: 1457, 21340: 1294, 21341: 765, 21344: 1288, 21345: 0, 21346: 57309, 21348: 63099, 21349: 0, 21351: 1259, 21354: 78626, 21356: 77145, 21357: 85646, 21358: 35245, 21363: 1347, 21366: 65941, 21369: 88486, 21370: 1054, 21378: 70342, 21384: 1188, 21398: 805, 21445: 2114, 21446: 58096, 21447: 1357, 21448: 35259, 21450: 69990, 21454: 48922, 21455: 1014, 21460: 13699, 21462: 1585, 21463: 57972, 21465: 0, 21468: 1347, 21470: 226, 21474: 1182, 21475: 1116, 21477: 48922, 21478: 44206, 21479: 1113, 21480: 13828, 21481: 75453, 21482: 1161, 21483: 0, 21484: 1182, 21487: 75453, 21488: 50588, 21489: 48266, 21490: 743, 21491: 245, 21492: 85687, 21493: 50453, 21494: 342}",714.6712643678161,normal
627000.1522756654,Geração Inicial,1733628227.2146146,0,"{20331: 1482, 20332: 849, 20333: 46793, 20334: 184, 20335: 75421, 20336: 69990, 20337: 48266, 20338: 49332, 20339: 70342, 20340: 1489, 20341: 849, 20342: 75453, 20343: 686, 20344: 57070, 20345: 13699, 20346: 70342, 20347: 57309, 20348: 57257, 20349: 57257, 20350: 69242, 20351: 69242, 20352: 70373, 20353: 75453, 20354: 69242, 20355: 184, 20356: 1294, 20357: 57070, 20358: 1347, 20359: 849, 20360: 1412, 20361: 1482, 20362: 1583, 20363: 1482, 20364: 69990, 20365: 65341, 20366: 90927, 20367: 70171, 20368: 82085, 20369: 57309, 20370: 49332, 20371: 48266, 20372: 46793, 20373: 57455, 20378: 1291, 20379: 57257, 20380: 1489, 20381: 1391, 20383: 13699, 20384: 70342, 20385: 1412, 20386: 68182, 20387: 1291, 20388: 1583, 20389: 13699, 20392: 48266, 20393: 1182, 20394: 1182, 20395: 82085, 20396: 1502, 20397: 58096, 20398: 70342, 20399: 743, 20400: 57455, 20401: 1489, 20402: 57070, 20403: 57455, 20404: 1107, 20405: 743, 20406: 1617, 20407: 57381, 20408: 728, 20409: 68173, 20410: 1288, 20411: 1502, 20412: 80479, 20413: 82085, 20414: 1543, 20415: 44206, 20416: 57455, 20417: 1014, 20418: 1502, 20419: 46494, 20421: 1482, 20422: 1347, 20423: 1585, 20427: 1259, 20428: 48922, 20429: 683, 20432: 72051, 20433: 68173, 20434: 57290, 20436: 683, 20437: 70342, 20438: 70342, 20439: 449, 20440: 70342, 20441: 48922, 20442: 683, 20443: 67720, 20444: 82080, 20445: 1188, 20446: 1585, 20447: 743, 20449: 226, 20450: 913, 20451: 50588, 20452: 1161, 20453: 69995, 20454: 69995, 20455: 54448, 20456: 35245, 20457: 51797, 20458: 1012, 20459: 65161, 20460: 46793, 20461: 913, 20462: 78631, 20463: 1182, 20465: 58096, 20466: 35245, 20467: 1182, 20468: 78645, 20469: 1014, 20471: 59008, 20472: 71117, 20473: 683, 20475: 683, 20476: 44206, 20481: 1288, 20482: 46793, 20484: 63756, 20485: 80479, 20486: 70342, 20487: 1617, 20488: 1347, 20489: 1188, 20490: 1585, 20491: 1502, 20492: 683, 20493: 1259, 20494: 67720, 20495: 522, 20496: 2048, 20497: 54448, 20499: 1161, 20501: 1161, 20503: 85669, 20504: 1054, 20505: 1399, 20506: 1012, 20507: 1502, 20508: 913, 20509: 80479, 20510: 54448, 20511: 85646, 20512: 70342, 20513: 1583, 20514: 728, 20515: 54448, 20517: 1012, 20518: 52945, 20519: 85646, 20520: 50588, 20521: 1585, 20522: 63270, 20523: 1014, 20524: 449, 20525: 35259, 20527: 82080, 20528: 1188, 20530: 1347, 20531: 1259, 20532: 57290, 20533: 1583, 20534: 35245, 20535: 1347, 20536: 44206, 20537: 70342, 20538: 743, 20539: 48922, 20540: 44206, 20541: 75958, 20542: 91896, 20543: 75958, 20544: 71117, 20545: 1014, 20546: 91896, 20547: 69995, 20549: 1012, 20550: 50588, 20552: 46494, 20553: 1617, 20554: 519, 20555: 190, 20556: 78631, 20557: 58096, 20558: 1391, 20559: 1457, 20560: 78631, 20561: 57639, 20563: 85710, 20564: 190, 20565: 57070, 20567: 1399, 20569: 63270, 20570: 1288, 20571: 35259, 20572: 68173, 20573: 59008, 20574: 69985, 20575: 91896, 20576: 44206, 20577: 728, 20578: 1617, 20579: 728, 20580: 449, 20581: 1288, 20582: 59008, 20583: 449, 20584: 1617, 20585: 1154, 20587: 50588, 20588: 63756, 20589: 63270, 20590: 743, 20591: 67720, 20592: 519, 20593: 48922, 20594: 70342, 20595: 182, 20596: 69990, 20597: 69990, 20599: 51797, 20600: 57417, 20601: 75379, 20602: 35245, 20605: 35245, 20606: 69995, 20607: 66626, 20608: 67720, 20609: 63756, 20610: 1412, 20611: 226, 20612: 1116, 20613: 1540, 20614: 226, 20615: 953, 20616: 849, 20617: 65877, 20618: 765, 20619: 1054, 20620: 61726, 20621: 1054, 20622: 849, 20624: 953, 20625: 226, 20626: 61726, 20628: 75453, 20630: 54448, 20631: 67720, 20633: 743, 20634: 1188, 20635: 1084, 20636: 66626, 20637: 13699, 20638: 226, 20639: 686, 20640: 58096, 20641: 52945, 20642: 1391, 20643: 85669, 20645: 1391, 20646: 953, 20647: 1193, 20648: 953, 20650: 52945, 20651: 1391, 20652: 62344, 20653: 953, 20654: 686, 20655: 69990, 20656: 58096, 20659: 63756, 20661: 64727, 20662: 48266, 20663: 913, 20669: 182, 20670: 57972, 20671: 73235, 20672: 1540, 20673: 75379, 20675: 35259, 20676: 73235, 20677: 1540, 20678: 65877, 20680: 35259, 20681: 1014, 20684: 44206, 20688: 1259, 20689: 64727, 20690: 1161, 20692: 70373, 20693: 1167, 20694: 1585, 20695: 48266, 20696: 66626, 20697: 1347, 20698: 58096, 20699: 1161, 20700: 1173, 20701: 1585, 20702: 1357, 20703: 75379, 20704: 52945, 20705: 1161, 20706: 46793, 20707: 69995, 20708: 1347, 20709: 1161, 20710: 0, 20711: 57290, 20712: 52945, 20713: 63099, 20714: 52945, 20715: 69985, 20716: 70342, 20717: 62344, 20719: 69995, 20720: 51797, 20721: 46793, 20722: 743, 20723: 1489, 20724: 80479, 20725: 78631, 20726: 0, 20727: 75379, 20729: 1412, 20730: 1399, 20731: 690, 20732: 44206, 20734: 1288, 20735: 78631, 20736: 46494, 20737: 57381, 20739: 1540, 20740: 46494, 20741: 44206, 20742: 1012, 20743: 1502, 20744: 91053, 20746: 46494, 20747: 1457, 20748: 1012, 20749: 62344, 20750: 1182, 20751: 1502, 20752: 62344, 20754: 1288, 20757: 63270, 20758: 50588, 20759: 1193, 20761: 1084, 20762: 70373, 20763: 686, 20764: 1084, 20765: 69990, 20766: 70373, 20768: 0, 20769: 1107, 20770: 77145, 20773: 146, 20774: 85710, 20775: 686, 20777: 75453, 20778: 54448, 20779: 70500, 20781: 184, 20782: 57070, 20784: 1154, 20785: 68650, 20786: 57417, 20789: 1617, 20790: 58543, 20791: 57309, 20792: 57455, 20793: 57290, 20794: 49332, 20795: 46494, 20796: 395, 20797: 69242, 20798: 1482, 20799: 13699, 20800: 75421, 20802: 73383, 20803: 1457, 20804: 1457, 20805: 2048, 20806: 58543, 20807: 69242, 20808: 85687, 20809: 57309, 20810: 63099, 20811: 70342, 20813: 1347, 20814: 57309, 20815: 82067, 20816: 184, 20817: 85687, 20818: 75379, 20819: 519, 20820: 57639, 20821: 65877, 20822: 1457, 20823: 82080, 20824: 1300, 20825: 57070, 20826: 1223, 20827: 1399, 20828: 48266, 20829: 1585, 20831: 72051, 20832: 75379, 20833: 1291, 20834: 63099, 20835: 1107, 20836: 184, 20837: 57070, 20838: 58096, 20840: 1294, 20841: 2048, 20842: 190, 20843: 1167, 20844: 57257, 20845: 1357, 20846: 1543, 20850: 87001, 20852: 57309, 20853: 226, 20854: 743, 20856: 0, 20858: 48266, 20859: 82070, 20860: 63882, 20861: 63882, 20862: 82070, 20863: 63882, 20864: 395, 20872: 953, 20873: 395, 20874: 0, 20875: 59008, 20876: 78645, 20877: 63882, 20881: 91053, 20883: 57417, 20884: 63882, 20885: 64727, 20886: 64727, 20887: 69995, 20888: 63882, 20889: 57381, 20890: 67720, 20891: 64727, 20892: 82070, 20894: 765, 20895: 1300, 20897: 849, 20900: 1288, 20901: 57417, 20902: 72039, 20904: 52945, 20905: 67720, 20906: 686, 20907: 70500, 20909: 0, 20910: 73383, 20911: 71117, 20913: 1188, 20916: 765, 20917: 63882, 20918: 805, 20919: 63882, 20921: 728, 20922: 82070, 20923: 1014, 20925: 1294, 20926: 57639, 20928: 70500, 20929: 63756, 20930: 61726, 20931: 35245, 20932: 64790, 20933: 72051, 20934: 1193, 20935: 87001, 20936: 58543, 20937: 54448, 20938: 1193, 20939: 449, 20940: 64790, 20941: 72039, 20942: 57639, 20943: 690, 20944: 75453, 20948: 57972, 20949: 64790, 20950: 82070, 20951: 91053, 20953: 1399, 20954: 48922, 20955: 226, 20956: 58096, 20958: 1193, 20959: 87001, 20960: 146, 20961: 57972, 20962: 1223, 20963: 57639, 20964: 87001, 20965: 63756, 20966: 75453, 20967: 57972, 20968: 146, 20969: 65941, 20970: 65877, 20971: 1399, 20973: 85710, 20974: 64790, 20975: 57417, 20977: 44206, 20978: 1116, 20979: 63099, 20980: 64727, 20981: 146, 20982: 83288, 20983: 1012, 20985: 65877, 20986: 70500, 20987: 0, 20988: 85710, 20990: 1502, 20992: 68650, 20993: 87001, 20995: 1054, 20997: 87001, 20998: 63882, 20999: 83288, 21000: 82070, 21001: 1543, 21002: 1391, 21003: 65877, 21005: 72039, 21006: 1167, 21007: 728, 21008: 1167, 21009: 57972, 21011: 72039, 21012: 82070, 21013: 1154, 21014: 83288, 21015: 1300, 21016: 59008, 21017: 64790, 21018: 64790, 21019: 85700, 21020: 690, 21021: 57290, 21022: 1188, 21023: 2048, 21028: 85700, 21030: 86055, 21032: 85710, 21033: 69995, 21034: 395, 21035: 52945, 21036: 91896, 21037: 1223, 21038: 75379, 21039: 728, 21041: 65941, 21043: 68650, 21045: 1193, 21047: 57290, 21050: 1399, 21053: 1294, 21055: 57381, 21056: 82080, 21057: 449, 21058: 78631, 21059: 395, 21060: 519, 21061: 1014, 21062: 1188, 21063: 48922, 21064: 1014, 21065: 1014, 21066: 1543, 21067: 78645, 21068: 743, 21069: 73383, 21070: 1543, 21072: 57381, 21073: 1167, 21074: 59008, 21075: 48922, 21077: 58543, 21084: 1617, 21085: 86213, 21086: 90942, 21087: 87984, 21091: 849, 21092: 57070, 21093: 78631, 21096: 56939, 21097: 57649, 21098: 63756, 21099: 90998, 21100: 53429, 21101: 88653, 21102: 88653, 21103: 1107, 21104: 59008, 21105: 56939, 21106: 89226, 21107: 62344, 21108: 53429, 21109: 80140, 21110: 90942, 21112: 75379, 21113: 2076, 21115: 88653, 21116: 2076, 21117: 74355, 21118: 58096, 21119: 89226, 21120: 2346, 21121: 2114, 21123: 57649, 21124: 2076, 21125: 74355, 21126: 74355, 21127: 2346, 21128: 57649, 21129: 53429, 21130: 57649, 21132: 53429, 21133: 87984, 21134: 53429, 21135: 2076, 21136: 2114, 21138: 74355, 21139: 2076, 21140: 2114, 21141: 86213, 21142: 56939, 21143: 74355, 21144: 2114, 21145: 57649, 21146: 89226, 21147: 53429, 21148: 56939, 21149: 86157, 21150: 80140, 21151: 56939, 21153: 2114, 21154: 1223, 21155: 86213, 21156: 86213, 21157: 1288, 21159: 88653, 21163: 44206, 21164: 56939, 21165: 57649, 21166: 86213, 21167: 2076, 21168: 87984, 21170: 2076, 21171: 80140, 21172: 90998, 21173: 80140, 21174: 57649, 21175: 0, 21176: 2346, 21177: 80140, 21178: 90998, 21179: 87984, 21180: 2114, 21181: 88653, 21182: 0, 21184: 86213, 21185: 0, 21186: 86157, 21187: 0, 21188: 0, 21189: 0, 21190: 1167, 21191: 184, 21192: 85700, 21193: 91053, 21194: 0, 21195: 1457, 21196: 75453, 21197: 74355, 21198: 57649, 21199: 53429, 21203: 57649, 21205: 80140, 21206: 87984, 21208: 87984, 21209: 89226, 21223: 68173, 21226: 1107, 21227: 71117, 21228: 683, 21229: 0, 21230: 44206, 21231: 395, 21232: 1107, 21233: 82080, 21234: 182, 21235: 69242, 21236: 46494, 21237: 1107, 21238: 71117, 21239: 0, 21240: 70342, 21241: 1617, 21244: 913, 21249: 80479, 21262: 1182, 21265: 57257, 21271: 72051, 21279: 59008, 21280: 91053, 21288: 63270, 21290: 72051, 21298: 57639, 21303: 1457, 21304: 765, 21305: 1294, 21306: 35259, 21307: 57417, 21308: 85669, 21311: 1294, 21312: 765, 21313: 35259, 21314: 85669, 21315: 226, 21316: 1357, 21317: 765, 21318: 1347, 21319: 57455, 21322: 805, 21324: 805, 21325: 550, 21326: 13828, 21327: 1347, 21328: 13828, 21329: 78626, 21331: 57972, 21333: 226, 21334: 57455, 21335: 1113, 21336: 35259, 21338: 46494, 21339: 1357, 21340: 85669, 21341: 51797, 21344: 85710, 21345: 72039, 21346: 67720, 21348: 1193, 21349: 0, 21351: 72051, 21354: 13828, 21356: 77145, 21357: 85646, 21358: 184, 21363: 1294, 21366: 85700, 21369: 88486, 21370: 85669, 21378: 69990, 21384: 72051, 21398: 805, 21445: 74355, 21446: 75453, 21447: 83288, 21448: 69985, 21450: 78645, 21454: 683, 21455: 78645, 21460: 0, 21462: 1585, 21463: 61726, 21465: 82070, 21468: 69990, 21470: 1357, 21474: 44206, 21475: 57972, 21477: 690, 21478: 1161, 21479: 1167, 21480: 550, 21481: 686, 21482: 57639, 21483: 0, 21484: 69995, 21487: 51797, 21488: 51797, 21489: 63270, 21490: 1259, 21491: 245, 21492: 1116, 21493: 50453, 21494: 342}",714.6712643678161,normal
629543.9373723343,Geração Inicial,1733628229.8475525,0,"{20331: 1347, 20332: 82085, 20333: 184, 20334: 57257, 20335: 69990, 20336: 1617, 20337: 184, 20338: 1412, 20339: 69990, 20340: 57070, 20341: 849, 20342: 1489, 20343: 70342, 20344: 1347, 20345: 13699, 20346: 63099, 20347: 69990, 20348: 1084, 20349: 70373, 20350: 1347, 20351: 75453, 20352: 57309, 20353: 58096, 20354: 849, 20355: 70342, 20356: 57309, 20357: 1489, 20358: 57309, 20359: 65341, 20360: 57309, 20361: 1347, 20362: 1482, 20363: 75421, 20364: 1482, 20365: 82085, 20366: 82085, 20367: 77145, 20368: 1617, 20369: 70171, 20370: 48266, 20371: 57070, 20372: 70342, 20373: 1489, 20378: 57257, 20379: 765, 20380: 58096, 20381: 1391, 20383: 686, 20384: 75421, 20385: 1291, 20386: 1291, 20387: 1412, 20388: 1412, 20389: 1412, 20392: 58096, 20393: 69242, 20394: 75453, 20395: 57455, 20396: 69990, 20397: 69990, 20398: 49332, 20399: 57290, 20400: 75421, 20401: 58096, 20402: 849, 20403: 184, 20404: 67720, 20405: 1585, 20406: 1543, 20407: 1259, 20408: 690, 20409: 68173, 20410: 1502, 20411: 805, 20412: 54448, 20413: 1583, 20414: 1014, 20415: 71117, 20416: 44206, 20417: 71117, 20418: 1259, 20419: 449, 20421: 70342, 20422: 1347, 20423: 57381, 20427: 683, 20428: 1347, 20429: 78645, 20432: 683, 20433: 57381, 20434: 57290, 20436: 1347, 20437: 46494, 20438: 683, 20439: 68173, 20440: 46494, 20441: 69990, 20442: 82080, 20443: 82080, 20444: 690, 20445: 805, 20446: 70342, 20447: 1014, 20449: 80479, 20450: 52945, 20451: 1585, 20452: 75379, 20453: 226, 20454: 46793, 20455: 70342, 20456: 63270, 20457: 65161, 20458: 70342, 20459: 1012, 20460: 1161, 20461: 35245, 20462: 1167, 20463: 1291, 20465: 1412, 20466: 913, 20467: 48266, 20468: 13828, 20469: 78645, 20471: 69990, 20472: 690, 20473: 46494, 20475: 683, 20476: 805, 20481: 71117, 20482: 63270, 20484: 75379, 20485: 1161, 20486: 54448, 20487: 1014, 20488: 1585, 20489: 44206, 20490: 1543, 20491: 46494, 20492: 1502, 20493: 182, 20494: 13828, 20495: 57381, 20496: 2048, 20497: 52945, 20499: 85669, 20501: 1107, 20503: 1294, 20504: 1457, 20505: 1107, 20506: 1113, 20507: 69995, 20508: 57455, 20509: 75379, 20510: 54448, 20511: 85646, 20512: 54448, 20513: 686, 20514: 1288, 20515: 52945, 20517: 75379, 20518: 63270, 20519: 80479, 20520: 913, 20521: 35245, 20522: 75379, 20523: 67720, 20524: 743, 20525: 1188, 20527: 449, 20528: 805, 20530: 1107, 20531: 44206, 20532: 35259, 20533: 75421, 20534: 1161, 20535: 69990, 20536: 1014, 20537: 44206, 20538: 75958, 20539: 35259, 20540: 1288, 20541: 59008, 20542: 449, 20543: 44206, 20544: 1617, 20545: 68173, 20546: 48922, 20547: 57070, 20549: 52945, 20550: 51797, 20552: 67720, 20553: 690, 20554: 395, 20555: 1107, 20556: 1540, 20557: 1457, 20558: 190, 20559: 85710, 20560: 63756, 20561: 85687, 20563: 1107, 20564: 46494, 20565: 44206, 20567: 1391, 20569: 70342, 20570: 70342, 20571: 71117, 20572: 75958, 20573: 1585, 20574: 71117, 20575: 743, 20576: 35259, 20577: 67720, 20578: 1014, 20579: 48922, 20580: 35259, 20581: 1288, 20582: 75958, 20583: 59008, 20584: 67720, 20585: 1188, 20587: 51797, 20588: 80479, 20589: 1161, 20590: 395, 20591: 519, 20592: 71117, 20593: 69985, 20594: 73383, 20595: 522, 20596: 1107, 20597: 690, 20599: 1585, 20600: 57417, 20601: 63270, 20602: 35245, 20605: 35245, 20606: 64727, 20607: 913, 20608: 54448, 20609: 1161, 20610: 1084, 20611: 1116, 20612: 953, 20613: 849, 20614: 953, 20615: 69990, 20616: 1054, 20617: 57309, 20618: 953, 20619: 71117, 20620: 1116, 20621: 1116, 20622: 1457, 20624: 1054, 20625: 57309, 20626: 57309, 20628: 1116, 20630: 52945, 20631: 82080, 20633: 69985, 20634: 91896, 20635: 1084, 20636: 913, 20637: 70373, 20638: 64790, 20639: 1391, 20640: 57639, 20641: 62344, 20642: 85669, 20643: 1193, 20645: 686, 20646: 686, 20647: 1193, 20648: 85669, 20650: 62344, 20651: 1193, 20652: 58096, 20653: 953, 20654: 953, 20655: 75421, 20656: 63099, 20659: 1161, 20661: 63756, 20662: 51797, 20663: 54448, 20669: 72051, 20670: 61726, 20671: 57639, 20672: 61726, 20673: 57639, 20675: 62344, 20676: 61726, 20677: 65877, 20678: 57309, 20680: 57455, 20681: 57381, 20684: 743, 20688: 728, 20689: 50588, 20690: 63756, 20692: 1084, 20693: 78631, 20694: 52945, 20695: 51797, 20696: 54448, 20697: 63099, 20698: 1167, 20699: 75379, 20700: 69995, 20701: 66626, 20702: 57972, 20703: 63756, 20704: 50588, 20705: 66626, 20706: 58096, 20707: 69995, 20708: 1107, 20709: 1161, 20710: 0, 20711: 1188, 20712: 0, 20713: 70373, 20714: 52945, 20715: 72051, 20716: 1012, 20717: 78631, 20719: 54448, 20720: 51797, 20721: 46793, 20722: 72051, 20723: 849, 20724: 80479, 20725: 58543, 20726: 0, 20727: 57639, 20729: 1482, 20730: 765, 20731: 46494, 20732: 83288, 20734: 68173, 20735: 62344, 20736: 69985, 20737: 59008, 20739: 57309, 20740: 395, 20741: 61726, 20742: 85669, 20743: 1540, 20744: 395, 20746: 1161, 20747: 57309, 20748: 1167, 20749: 1357, 20750: 1107, 20751: 1116, 20752: 1182, 20754: 71117, 20757: 50588, 20758: 913, 20759: 1391, 20761: 70373, 20762: 75453, 20763: 0, 20764: 1084, 20765: 1482, 20766: 686, 20768: 0, 20769: 449, 20770: 77145, 20773: 57639, 20774: 1399, 20775: 686, 20777: 2048, 20778: 64790, 20779: 85710, 20781: 2048, 20782: 52945, 20784: 1188, 20785: 1300, 20786: 1399, 20789: 1259, 20790: 58543, 20791: 46793, 20792: 1583, 20793: 1167, 20794: 49332, 20795: 91896, 20796: 1154, 20797: 69242, 20798: 13699, 20799: 75421, 20800: 1482, 20802: 683, 20803: 57417, 20804: 1399, 20805: 13699, 20806: 1391, 20807: 805, 20808: 82067, 20809: 57070, 20810: 63099, 20811: 70373, 20813: 49332, 20814: 2048, 20815: 85687, 20816: 1182, 20817: 82067, 20818: 62344, 20819: 1502, 20820: 85669, 20821: 65877, 20822: 1012, 20823: 519, 20824: 91053, 20825: 83288, 20826: 35245, 20827: 61726, 20828: 184, 20829: 73383, 20831: 58543, 20832: 63756, 20833: 1291, 20834: 86055, 20835: 1357, 20836: 82085, 20837: 48266, 20838: 65877, 20840: 46793, 20841: 1294, 20842: 57639, 20843: 1300, 20844: 1182, 20845: 69990, 20846: 1223, 20850: 87001, 20852: 75453, 20853: 226, 20854: 73383, 20856: 0, 20858: 48266, 20859: 63882, 20860: 63882, 20861: 82070, 20862: 82070, 20863: 63882, 20864: 226, 20872: 953, 20873: 184, 20874: 0, 20875: 1391, 20876: 69990, 20877: 65877, 20881: 91053, 20883: 78631, 20884: 57972, 20885: 85646, 20886: 85646, 20887: 226, 20888: 57972, 20889: 519, 20890: 70500, 20891: 85646, 20892: 65877, 20894: 69995, 20895: 1300, 20897: 65877, 20900: 226, 20901: 69995, 20902: 83288, 20904: 57309, 20905: 1107, 20906: 69995, 20907: 85700, 20909: 0, 20910: 1259, 20911: 686, 20913: 73383, 20916: 1182, 20917: 63882, 20918: 728, 20919: 63882, 20921: 63099, 20922: 84328, 20923: 82080, 20925: 1294, 20926: 1193, 20928: 63270, 20929: 63756, 20930: 0, 20931: 146, 20932: 75379, 20933: 48922, 20934: 1193, 20935: 84328, 20936: 65941, 20937: 1193, 20938: 1193, 20939: 57290, 20940: 48266, 20941: 72039, 20942: 64790, 20943: 805, 20944: 728, 20948: 82070, 20949: 59008, 20950: 82070, 20951: 1223, 20953: 64727, 20954: 1585, 20955: 1116, 20956: 146, 20958: 146, 20959: 72039, 20960: 1399, 20961: 1502, 20962: 75453, 20963: 728, 20964: 72039, 20965: 65161, 20966: 63099, 20967: 1502, 20968: 0, 20969: 63270, 20970: 87001, 20971: 64790, 20973: 1012, 20974: 0, 20975: 58543, 20977: 184, 20978: 1054, 20979: 0, 20980: 64727, 20981: 57290, 20982: 83288, 20983: 63756, 20985: 65877, 20986: 1154, 20987: 69995, 20988: 57972, 20990: 1502, 20992: 58543, 20993: 57972, 20995: 85710, 20997: 83288, 20998: 82070, 20999: 57972, 21000: 63882, 21001: 1288, 21002: 1357, 21003: 87001, 21005: 83288, 21006: 1167, 21007: 91053, 21008: 75453, 21009: 83288, 21011: 84328, 21012: 82070, 21013: 57639, 21014: 65877, 21015: 70500, 21016: 146, 21017: 63270, 21018: 65941, 21019: 63099, 21020: 44206, 21021: 57639, 21022: 1457, 21023: 1457, 21028: 85700, 21030: 86055, 21032: 728, 21033: 75379, 21034: 68650, 21035: 146, 21036: 59008, 21037: 91053, 21038: 54448, 21039: 1457, 21041: 1300, 21043: 57417, 21045: 65161, 21047: 72051, 21050: 1357, 21053: 1294, 21055: 1502, 21056: 1585, 21057: 395, 21058: 1161, 21059: 395, 21060: 449, 21061: 44206, 21062: 72051, 21063: 1107, 21064: 44206, 21065: 57381, 21066: 683, 21067: 1014, 21068: 46494, 21069: 57290, 21070: 1288, 21072: 0, 21073: 953, 21074: 35259, 21075: 48922, 21077: 1540, 21084: 1617, 21085: 57649, 21086: 90942, 21087: 87984, 21091: 1540, 21092: 57070, 21093: 85710, 21096: 89226, 21097: 89226, 21098: 51797, 21099: 2114, 21100: 57649, 21101: 2346, 21102: 2114, 21103: 226, 21104: 75453, 21105: 2076, 21106: 53429, 21107: 73235, 21108: 56939, 21109: 56939, 21110: 80140, 21112: 75379, 21113: 56939, 21115: 74355, 21116: 2114, 21117: 74355, 21118: 57639, 21119: 80140, 21120: 86213, 21121: 89226, 21123: 57649, 21124: 2346, 21125: 57649, 21126: 2114, 21127: 2346, 21128: 57649, 21129: 74355, 21130: 53429, 21132: 74355, 21133: 2114, 21134: 2114, 21135: 80140, 21136: 74355, 21138: 53429, 21139: 2346, 21140: 57649, 21141: 80140, 21142: 2076, 21143: 53429, 21144: 2114, 21145: 80140, 21146: 89226, 21147: 89226, 21148: 88653, 21149: 56939, 21150: 86213, 21151: 86213, 21153: 88653, 21154: 1223, 21155: 80140, 21156: 86157, 21157: 1188, 21159: 88653, 21163: 146, 21164: 86157, 21165: 2076, 21166: 90998, 21167: 56939, 21168: 90998, 21170: 56939, 21171: 87984, 21172: 2346, 21173: 87984, 21174: 2076, 21175: 57417, 21176: 87984, 21177: 86213, 21178: 57649, 21179: 53429, 21180: 2076, 21181: 57649, 21182: 0, 21184: 87984, 21185: 0, 21186: 56939, 21187: 0, 21188: 1223, 21189: 0, 21190: 1154, 21191: 184, 21192: 63756, 21193: 70500, 21194: 0, 21195: 1399, 21196: 1391, 21197: 2114, 21198: 74355, 21199: 87984, 21203: 87984, 21205: 53429, 21206: 2114, 21208: 90998, 21209: 89226, 21223: 68173, 21226: 57381, 21227: 75958, 21228: 78645, 21229: 0, 21230: 1188, 21231: 519, 21232: 449, 21233: 13828, 21234: 522, 21235: 1259, 21236: 67720, 21237: 1543, 21238: 71117, 21239: 57290, 21240: 1543, 21241: 395, 21244: 1173, 21249: 1012, 21262: 686, 21265: 70373, 21271: 44206, 21279: 75453, 21280: 75453, 21288: 52945, 21290: 65941, 21298: 58096, 21303: 57417, 21304: 1294, 21305: 1113, 21306: 1347, 21307: 1457, 21308: 1113, 21311: 1294, 21312: 1347, 21313: 46494, 21314: 765, 21315: 728, 21316: 35259, 21317: 88486, 21318: 728, 21319: 51797, 21322: 91896, 21324: 805, 21325: 13828, 21326: 57455, 21327: 1347, 21328: 57455, 21329: 550, 21331: 87001, 21333: 226, 21334: 57455, 21335: 1113, 21336: 85669, 21338: 88486, 21339: 71117, 21340: 1540, 21341: 765, 21344: 57290, 21345: 72039, 21346: 57417, 21348: 1193, 21349: 0, 21351: 46494, 21354: 57455, 21356: 65341, 21357: 64727, 21358: 226, 21363: 49332, 21366: 70500, 21369: 1167, 21370: 765, 21378: 44206, 21384: 1014, 21398: 13828, 21445: 74355, 21446: 1161, 21447: 849, 21448: 91896, 21450: 683, 21454: 57381, 21455: 69242, 21460: 0, 21462: 57381, 21463: 57972, 21465: 0, 21468: 85687, 21470: 1457, 21474: 75379, 21475: 57972, 21477: 69985, 21478: 44206, 21479: 88486, 21480: 550, 21481: 1167, 21482: 1391, 21483: 0, 21484: 65877, 21487: 67720, 21488: 50588, 21489: 72051, 21490: 1188, 21491: 1113, 21492: 85687, 21493: 50453, 21494: 342}",714.6712643678161,normal
638923.9811843338,Geração Inicial,1733628232.5855577,0,"{20331: 82085, 20332: 1291, 20333: 70342, 20334: 70342, 20335: 1347, 20336: 1084, 20337: 75421, 20338: 57070, 20339: 57070, 20340: 65341, 20341: 75421, 20342: 69242, 20343: 2048, 20344: 70342, 20345: 13699, 20346: 1391, 20347: 57309, 20348: 58096, 20349: 70342, 20350: 58096, 20351: 57257, 20352: 70373, 20353: 57257, 20354: 1084, 20355: 46793, 20356: 57455, 20357: 49332, 20358: 1182, 20359: 49332, 20360: 57070, 20361: 82085, 20362: 57257, 20363: 765, 20364: 1489, 20365: 82085, 20366: 77145, 20367: 65341, 20368: 70171, 20369: 1617, 20370: 49332, 20371: 48266, 20372: 1347, 20373: 57455, 20378: 1294, 20379: 1489, 20380: 75453, 20381: 1182, 20383: 686, 20384: 1482, 20385: 1412, 20386: 1084, 20387: 1583, 20388: 1291, 20389: 69990, 20392: 75421, 20393: 57309, 20394: 69990, 20395: 1583, 20396: 395, 20397: 1294, 20398: 75421, 20399: 449, 20400: 57070, 20401: 1412, 20402: 65341, 20403: 1294, 20404: 57290, 20405: 690, 20406: 805, 20407: 1502, 20408: 1617, 20409: 1288, 20410: 68173, 20411: 46494, 20412: 52945, 20413: 1291, 20414: 57381, 20415: 690, 20416: 1543, 20417: 57455, 20418: 728, 20419: 67720, 20421: 1583, 20422: 765, 20423: 57381, 20427: 68173, 20428: 683, 20429: 69990, 20432: 69242, 20433: 1347, 20434: 73383, 20436: 1502, 20437: 1259, 20438: 449, 20439: 57381, 20440: 46494, 20441: 73383, 20442: 13828, 20443: 805, 20444: 1259, 20445: 69985, 20446: 91896, 20447: 743, 20449: 226, 20450: 69995, 20451: 63270, 20452: 1012, 20453: 1161, 20454: 913, 20455: 52945, 20456: 46793, 20457: 1585, 20458: 52945, 20459: 46793, 20460: 63270, 20461: 226, 20462: 1347, 20463: 1084, 20465: 46793, 20466: 1585, 20467: 1489, 20468: 182, 20469: 1188, 20471: 73383, 20472: 1107, 20473: 1347, 20475: 1502, 20476: 395, 20481: 1288, 20482: 75379, 20484: 1012, 20485: 75379, 20486: 70342, 20487: 1259, 20488: 1585, 20489: 690, 20490: 69990, 20491: 70342, 20492: 13828, 20493: 1502, 20494: 1347, 20495: 73383, 20496: 57070, 20497: 75379, 20499: 1167, 20501: 88486, 20503: 1107, 20504: 85669, 20505: 88486, 20506: 1399, 20507: 78631, 20508: 57455, 20509: 1585, 20510: 54448, 20511: 75379, 20512: 54448, 20513: 1412, 20514: 63270, 20515: 52945, 20517: 54448, 20518: 69995, 20519: 913, 20520: 35245, 20521: 63270, 20522: 913, 20523: 35259, 20524: 1188, 20525: 449, 20527: 683, 20528: 69990, 20530: 78645, 20531: 1014, 20532: 1107, 20533: 1482, 20534: 50588, 20535: 70342, 20536: 690, 20537: 743, 20538: 1288, 20539: 1585, 20540: 71117, 20541: 690, 20542: 44206, 20543: 449, 20544: 728, 20545: 70342, 20546: 743, 20547: 69995, 20549: 1161, 20550: 50588, 20552: 1288, 20553: 57455, 20554: 1347, 20555: 1391, 20556: 1502, 20557: 62344, 20558: 62344, 20559: 1391, 20560: 686, 20561: 57639, 20563: 63756, 20564: 78631, 20565: 69990, 20567: 44206, 20569: 51797, 20570: 69985, 20571: 59008, 20572: 48922, 20573: 728, 20574: 48922, 20575: 59008, 20576: 69990, 20577: 68173, 20578: 1014, 20579: 690, 20580: 71117, 20581: 1288, 20582: 35259, 20583: 71117, 20584: 1014, 20585: 1457, 20587: 52945, 20588: 52945, 20589: 63756, 20590: 728, 20591: 71117, 20592: 1259, 20593: 70342, 20594: 728, 20595: 805, 20596: 69985, 20597: 690, 20599: 63756, 20600: 146, 20601: 913, 20602: 226, 20605: 226, 20606: 75379, 20607: 75379, 20608: 91053, 20609: 66626, 20610: 57257, 20611: 765, 20612: 61726, 20613: 75453, 20614: 57309, 20615: 686, 20616: 226, 20617: 69995, 20618: 1167, 20619: 1167, 20620: 1288, 20621: 953, 20622: 1167, 20624: 85669, 20625: 75453, 20626: 765, 20628: 953, 20630: 63756, 20631: 44206, 20633: 78645, 20634: 1259, 20635: 68182, 20636: 1173, 20637: 57257, 20638: 85710, 20639: 686, 20640: 1391, 20641: 57639, 20642: 686, 20643: 953, 20645: 62344, 20646: 1193, 20647: 953, 20648: 85669, 20650: 85669, 20651: 953, 20652: 62344, 20653: 1193, 20654: 57639, 20655: 13699, 20656: 51797, 20659: 75379, 20661: 1173, 20662: 75453, 20663: 1173, 20669: 1585, 20670: 65877, 20671: 57972, 20672: 35259, 20673: 78631, 20675: 1540, 20676: 65877, 20677: 61726, 20678: 57639, 20680: 743, 20681: 1502, 20684: 82080, 20688: 71117, 20689: 54448, 20690: 50588, 20692: 48266, 20693: 62344, 20694: 52945, 20695: 184, 20696: 66626, 20697: 57309, 20698: 57639, 20699: 1161, 20700: 1585, 20701: 63756, 20702: 849, 20703: 913, 20704: 66626, 20705: 50588, 20706: 1291, 20707: 1161, 20708: 1399, 20709: 1161, 20710: 0, 20711: 57381, 20712: 52945, 20713: 58096, 20714: 52945, 20715: 46494, 20716: 70342, 20717: 1167, 20719: 69995, 20720: 69242, 20721: 46793, 20722: 743, 20723: 57309, 20724: 80479, 20725: 62344, 20726: 0, 20727: 57639, 20729: 184, 20730: 44206, 20731: 69985, 20732: 1113, 20734: 1617, 20735: 73235, 20736: 59008, 20737: 683, 20739: 57972, 20740: 44206, 20741: 63756, 20742: 1357, 20743: 1540, 20744: 68650, 20746: 85669, 20747: 1154, 20748: 1357, 20749: 1116, 20750: 1357, 20751: 85710, 20752: 75453, 20754: 68173, 20757: 46793, 20758: 50588, 20759: 58096, 20761: 63099, 20762: 1084, 20763: 58096, 20764: 63099, 20765: 75453, 20766: 1391, 20768: 184, 20769: 519, 20770: 77145, 20773: 57639, 20774: 1457, 20775: 849, 20777: 686, 20778: 1223, 20779: 1288, 20781: 67720, 20782: 1543, 20784: 1300, 20785: 64790, 20786: 1347, 20789: 519, 20790: 58543, 20791: 57309, 20792: 1182, 20793: 2048, 20794: 70373, 20795: 69985, 20796: 1167, 20797: 13699, 20798: 75421, 20799: 1084, 20800: 1482, 20802: 57381, 20803: 58543, 20804: 146, 20805: 69242, 20806: 686, 20807: 73383, 20808: 82067, 20809: 48266, 20810: 686, 20811: 70342, 20813: 49332, 20814: 1482, 20815: 82067, 20816: 65341, 20817: 85687, 20818: 58096, 20819: 1502, 20820: 85669, 20821: 83288, 20822: 1167, 20823: 1543, 20824: 35245, 20825: 1012, 20826: 1543, 20827: 78631, 20828: 1223, 20829: 683, 20831: 57290, 20832: 46494, 20833: 765, 20834: 1391, 20835: 46494, 20836: 2048, 20837: 48266, 20838: 44206, 20840: 57070, 20841: 849, 20842: 58096, 20843: 1167, 20844: 1294, 20845: 44206, 20846: 51797, 20850: 57972, 20852: 75453, 20853: 1300, 20854: 91896, 20856: 46793, 20858: 70373, 20859: 82070, 20860: 63882, 20861: 63882, 20862: 82070, 20863: 82070, 20864: 226, 20872: 953, 20873: 1457, 20874: 184, 20875: 91053, 20876: 91896, 20877: 57972, 20881: 57639, 20883: 91053, 20884: 57972, 20885: 59008, 20886: 1391, 20887: 1107, 20888: 83288, 20889: 519, 20890: 59008, 20891: 64727, 20892: 65877, 20894: 57309, 20895: 51797, 20897: 69995, 20900: 1182, 20901: 1188, 20902: 72039, 20904: 75453, 20905: 69242, 20906: 85669, 20907: 85700, 20909: 0, 20910: 690, 20911: 1540, 20913: 82080, 20916: 57309, 20917: 63882, 20918: 72051, 20919: 72039, 20921: 63099, 20922: 87001, 20923: 449, 20925: 1294, 20926: 67720, 20928: 85700, 20929: 64727, 20930: 61726, 20931: 67720, 20932: 1391, 20933: 46494, 20934: 1193, 20935: 82070, 20936: 52945, 20937: 54448, 20938: 63099, 20939: 1014, 20940: 58543, 20941: 84328, 20942: 146, 20943: 69985, 20944: 1399, 20948: 83288, 20949: 64727, 20950: 72039, 20951: 65161, 20953: 64727, 20954: 75958, 20955: 1107, 20956: 728, 20958: 64790, 20959: 83288, 20960: 1399, 20961: 1054, 20962: 63099, 20963: 146, 20964: 87001, 20965: 65941, 20966: 0, 20967: 1116, 20968: 0, 20969: 35245, 20970: 57972, 20971: 57639, 20973: 63756, 20974: 0, 20975: 70500, 20977: 1300, 20978: 1502, 20979: 0, 20980: 51797, 20981: 1223, 20982: 87001, 20983: 1054, 20985: 87001, 20986: 63270, 20987: 1193, 20988: 1502, 20990: 63756, 20992: 70500, 20993: 57972, 20995: 85710, 20997: 87001, 20998: 63882, 20999: 72039, 21000: 82070, 21001: 58543, 21002: 1012, 21003: 57972, 21005: 83288, 21006: 85710, 21007: 1154, 21008: 953, 21009: 63882, 21011: 72039, 21012: 87001, 21013: 49332, 21014: 65877, 21015: 63099, 21016: 85700, 21017: 58543, 21018: 58096, 21019: 72051, 21020: 449, 21021: 57290, 21022: 58096, 21023: 85710, 21028: 85700, 21030: 86055, 21032: 54448, 21033: 78631, 21034: 395, 21035: 44206, 21036: 48922, 21037: 728, 21038: 1543, 21039: 1223, 21041: 63270, 21043: 1457, 21045: 64790, 21047: 57290, 21050: 1540, 21053: 1294, 21055: 1585, 21056: 82080, 21057: 519, 21058: 83288, 21059: 449, 21060: 1107, 21061: 57381, 21062: 78645, 21063: 46494, 21064: 1543, 21065: 57290, 21066: 683, 21067: 44206, 21068: 72051, 21069: 48922, 21070: 1543, 21072: 0, 21073: 57309, 21074: 1617, 21075: 1014, 21077: 1540, 21084: 35259, 21085: 90998, 21086: 80140, 21087: 56939, 21091: 46494, 21092: 58096, 21093: 57417, 21096: 89226, 21097: 2346, 21098: 65941, 21099: 90998, 21100: 2076, 21101: 53429, 21102: 2076, 21103: 1107, 21104: 70500, 21105: 53429, 21106: 2346, 21107: 57972, 21108: 89226, 21109: 80140, 21110: 89226, 21112: 78631, 21113: 74355, 21115: 56939, 21116: 88653, 21117: 2346, 21118: 1167, 21119: 88653, 21120: 90998, 21121: 57649, 21123: 74355, 21124: 2076, 21125: 57649, 21126: 57649, 21127: 2076, 21128: 53429, 21129: 2114, 21130: 53429, 21132: 74355, 21133: 90998, 21134: 2114, 21135: 89226, 21136: 2114, 21138: 57649, 21139: 74355, 21140: 53429, 21141: 86157, 21142: 2114, 21143: 57649, 21144: 2114, 21145: 74355, 21146: 89226, 21147: 88653, 21148: 89226, 21149: 86157, 21150: 80140, 21151: 80140, 21153: 53429, 21154: 1188, 21155: 86213, 21156: 86213, 21157: 146, 21159: 56939, 21163: 1288, 21164: 86213, 21165: 86213, 21166: 2114, 21167: 87984, 21168: 56939, 21170: 57649, 21171: 80140, 21172: 2114, 21173: 2076, 21174: 56939, 21175: 57417, 21176: 2076, 21177: 87984, 21178: 2076, 21179: 86213, 21180: 87984, 21181: 2346, 21182: 0, 21184: 56939, 21185: 0, 21186: 80140, 21187: 0, 21188: 1188, 21189: 0, 21190: 57455, 21191: 184, 21192: 67720, 21193: 35245, 21194: 0, 21195: 1399, 21196: 1182, 21197: 74355, 21198: 57649, 21199: 86157, 21203: 2076, 21205: 74355, 21206: 86213, 21208: 90998, 21209: 90942, 21223: 1502, 21226: 82080, 21227: 71117, 21228: 1259, 21229: 519, 21230: 69990, 21231: 449, 21232: 46494, 21233: 13828, 21234: 805, 21235: 78645, 21236: 1617, 21237: 1107, 21238: 71117, 21239: 57290, 21240: 519, 21241: 728, 21244: 69995, 21249: 85646, 21262: 75453, 21265: 1583, 21271: 59008, 21279: 57417, 21280: 59008, 21288: 1457, 21290: 72051, 21298: 1399, 21303: 64790, 21304: 46494, 21305: 1107, 21306: 1540, 21307: 1347, 21308: 1294, 21311: 88486, 21312: 1357, 21313: 1457, 21314: 1457, 21315: 395, 21316: 1540, 21317: 88486, 21318: 226, 21319: 765, 21322: 91896, 21324: 13828, 21325: 35259, 21326: 519, 21327: 805, 21328: 78626, 21329: 78626, 21331: 65877, 21333: 57455, 21334: 0, 21335: 85669, 21336: 226, 21338: 1294, 21339: 1107, 21340: 1294, 21341: 0, 21344: 1543, 21345: 65877, 21346: 59008, 21348: 63099, 21349: 184, 21351: 1014, 21354: 550, 21356: 90927, 21357: 75379, 21358: 184, 21363: 1347, 21366: 70500, 21369: 35259, 21370: 765, 21378: 72051, 21384: 69990, 21398: 805, 21445: 53429, 21446: 65877, 21447: 85669, 21448: 69990, 21450: 78645, 21454: 69242, 21455: 1259, 21460: 13699, 21462: 57381, 21463: 61726, 21465: 0, 21468: 1391, 21470: 35259, 21474: 849, 21475: 1116, 21477: 68173, 21478: 83288, 21479: 1457, 21480: 550, 21481: 686, 21482: 1116, 21483: 1482, 21484: 69995, 21487: 63756, 21488: 65161, 21489: 1300, 21490: 683, 21491: 1113, 21492: 85687, 21493: 342, 21494: 50453}",714.6712643678161,normal
628067.0452649991,Cruzamento,1733628242.570247,1,"{20331: 1482, 20332: 1347, 20333: 75421, 20334: 57309, 20335: 1412, 20336: 65341, 20337: 1489, 20338: 57257, 20339: 58096, 20340: 46793, 20341: 765, 20342: 75453, 20343: 1347, 20344: 70342, 20345: 1583, 20346: 57257, 20347: 48266, 20348: 63099, 20349: 57257, 20350: 1291, 20351: 1084, 20352: 58096, 20353: 58096, 20354: 57309, 20355: 51797, 20356: 57455, 20357: 65341, 20358: 46793, 20359: 1291, 20360: 70342, 20361: 75421, 20362: 1294, 20363: 849, 20364: 1294, 20365: 65341, 20366: 1391, 20367: 1617, 20368: 77145, 20369: 90927, 20370: 48266, 20371: 57070, 20372: 1347, 20373: 82085, 20378: 48266, 20379: 75421, 20380: 1182, 20381: 69242, 20383: 1412, 20384: 13699, 20385: 13699, 20386: 686, 20387: 1291, 20388: 68182, 20389: 70342, 20392: 51797, 20393: 69242, 20394: 765, 20395: 765, 20396: 71117, 20397: 765, 20398: 57257, 20399: 1259, 20400: 46793, 20401: 1489, 20402: 1583, 20403: 2048, 20404: 57455, 20405: 57381, 20406: 743, 20407: 57455, 20408: 35259, 20409: 519, 20410: 1617, 20411: 1543, 20412: 80479, 20413: 1347, 20414: 82080, 20415: 1188, 20416: 46494, 20417: 71117, 20418: 805, 20419: 68173, 20421: 57309, 20422: 849, 20423: 82080, 20427: 57290, 20428: 1347, 20429: 57381, 20432: 68173, 20433: 48922, 20434: 57290, 20436: 70342, 20437: 57381, 20438: 57381, 20439: 44206, 20440: 46494, 20441: 46494, 20442: 1502, 20443: 522, 20444: 82080, 20445: 182, 20446: 805, 20447: 78645, 20449: 75379, 20450: 1161, 20451: 35245, 20452: 1161, 20453: 50588, 20454: 913, 20455: 913, 20456: 35245, 20457: 70342, 20458: 51797, 20459: 51797, 20460: 65161, 20461: 50588, 20462: 57455, 20463: 1294, 20465: 849, 20466: 52945, 20467: 82085, 20468: 70342, 20469: 1188, 20471: 1585, 20472: 59008, 20473: 1107, 20475: 1259, 20476: 71117, 20481: 1107, 20482: 35245, 20484: 80479, 20485: 1012, 20486: 54448, 20487: 1543, 20488: 44206, 20489: 57455, 20490: 728, 20491: 690, 20492: 1502, 20493: 1347, 20494: 743, 20495: 683, 20496: 69990, 20497: 226, 20499: 1457, 20501: 62344, 20503: 57972, 20504: 1457, 20505: 57972, 20506: 849, 20507: 765, 20508: 46793, 20509: 52945, 20510: 913, 20511: 85646, 20512: 54448, 20513: 69990, 20514: 1223, 20515: 0, 20517: 75379, 20518: 1585, 20519: 85646, 20520: 52945, 20521: 52945, 20522: 63756, 20523: 68173, 20524: 1288, 20525: 1014, 20527: 71117, 20528: 57290, 20530: 683, 20531: 91896, 20532: 728, 20533: 75421, 20534: 63756, 20535: 71117, 20536: 44206, 20537: 1014, 20538: 1288, 20539: 1347, 20540: 1014, 20541: 69985, 20542: 35259, 20543: 449, 20544: 48922, 20545: 69985, 20546: 67720, 20547: 57070, 20549: 1161, 20550: 63270, 20552: 1288, 20553: 68173, 20554: 82080, 20555: 46494, 20556: 63756, 20557: 1457, 20558: 85687, 20559: 1116, 20560: 1116, 20561: 1167, 20563: 83288, 20564: 65877, 20565: 58096, 20567: 686, 20569: 65161, 20570: 70342, 20571: 91896, 20572: 91896, 20573: 1288, 20574: 1347, 20575: 75958, 20576: 69990, 20577: 1585, 20578: 449, 20579: 35259, 20580: 728, 20581: 728, 20582: 449, 20583: 1617, 20584: 68173, 20585: 49332, 20587: 52945, 20588: 52945, 20589: 1012, 20590: 449, 20591: 743, 20592: 690, 20593: 728, 20594: 69990, 20595: 182, 20596: 683, 20597: 1502, 20599: 1012, 20600: 78631, 20601: 1161, 20602: 35245, 20605: 35245, 20606: 1585, 20607: 64727, 20608: 2048, 20609: 54448, 20610: 13699, 20611: 765, 20612: 1288, 20613: 1182, 20614: 85669, 20615: 226, 20616: 61726, 20617: 1288, 20618: 1116, 20619: 75453, 20620: 75453, 20621: 57309, 20622: 953, 20624: 1540, 20625: 686, 20626: 686, 20628: 65877, 20630: 75379, 20631: 82080, 20633: 67720, 20634: 1107, 20635: 1583, 20636: 52945, 20637: 1412, 20638: 68650, 20639: 686, 20640: 953, 20641: 85669, 20642: 57639, 20643: 62344, 20645: 52945, 20646: 58096, 20647: 953, 20648: 57639, 20650: 686, 20651: 686, 20652: 1391, 20653: 1193, 20654: 85669, 20655: 1391, 20656: 57257, 20659: 1173, 20661: 75379, 20662: 75421, 20663: 1585, 20669: 57381, 20670: 57309, 20671: 35259, 20672: 75453, 20673: 61726, 20675: 73235, 20676: 57639, 20677: 57972, 20678: 57309, 20680: 71117, 20681: 519, 20684: 68173, 20688: 1502, 20689: 69995, 20690: 913, 20692: 75421, 20693: 1167, 20694: 63756, 20695: 63099, 20696: 913, 20697: 1291, 20698: 62344, 20699: 1173, 20700: 1161, 20701: 64727, 20702: 65877, 20703: 50588, 20704: 75379, 20705: 69995, 20706: 70373, 20707: 64727, 20708: 1012, 20709: 1161, 20710: 0, 20711: 35259, 20712: 0, 20713: 75453, 20714: 52945, 20715: 72051, 20716: 70342, 20717: 78631, 20719: 35245, 20720: 1489, 20721: 46793, 20722: 69985, 20723: 69990, 20724: 80479, 20725: 57639, 20726: 0, 20727: 88486, 20729: 1617, 20730: 1347, 20731: 57290, 20732: 1054, 20734: 690, 20735: 57309, 20736: 522, 20737: 72051, 20739: 1540, 20740: 1617, 20741: 190, 20742: 1182, 20743: 1502, 20744: 146, 20746: 190, 20747: 58543, 20748: 1502, 20749: 85710, 20750: 1540, 20751: 63756, 20752: 46494, 20754: 71117, 20757: 46793, 20758: 913, 20759: 85669, 20761: 58096, 20762: 75453, 20763: 1482, 20764: 69990, 20765: 70373, 20766: 75453, 20768: 184, 20769: 395, 20770: 77145, 20773: 1188, 20774: 1347, 20775: 69242, 20777: 686, 20778: 57070, 20779: 1399, 20781: 57639, 20782: 78631, 20784: 52945, 20785: 35245, 20786: 2048, 20789: 1014, 20790: 1540, 20791: 1412, 20792: 65341, 20793: 1300, 20794: 70342, 20795: 73383, 20796: 1223, 20797: 1084, 20798: 70373, 20799: 13699, 20800: 2048, 20802: 82080, 20803: 75379, 20804: 395, 20805: 70373, 20806: 52945, 20807: 805, 20808: 82067, 20809: 1291, 20810: 46793, 20811: 49332, 20813: 48266, 20814: 1489, 20815: 82067, 20816: 82085, 20817: 82067, 20818: 85669, 20819: 67720, 20820: 78631, 20821: 1167, 20822: 62344, 20823: 1014, 20824: 57070, 20825: 69990, 20826: 67720, 20827: 190, 20828: 1154, 20829: 44206, 20831: 1391, 20832: 190, 20833: 184, 20834: 58543, 20835: 1107, 20836: 57309, 20837: 0, 20838: 75453, 20840: 57257, 20841: 1291, 20842: 190, 20843: 1167, 20844: 69990, 20845: 57639, 20846: 1223, 20850: 87001, 20852: 75453, 20853: 1457, 20854: 67720, 20856: 0, 20858: 46793, 20859: 82070, 20860: 82070, 20861: 63882, 20862: 63882, 20863: 63882, 20864: 35245, 20872: 953, 20873: 184, 20874: 0, 20875: 75453, 20876: 1107, 20877: 57972, 20881: 78631, 20883: 91053, 20884: 82070, 20885: 64727, 20886: 67720, 20887: 85710, 20888: 65877, 20889: 1259, 20890: 75453, 20891: 64727, 20892: 82070, 20894: 849, 20895: 65941, 20897: 1288, 20900: 686, 20901: 57417, 20902: 72039, 20904: 58096, 20905: 73383, 20906: 61726, 20907: 72051, 20909: 0, 20910: 44206, 20911: 1182, 20913: 73383, 20916: 57309, 20917: 63882, 20918: 46494, 20919: 87001, 20921: 72051, 20922: 63882, 20923: 519, 20925: 1294, 20926: 1300, 20928: 65941, 20929: 51797, 20930: 61726, 20931: 51797, 20932: 1399, 20933: 728, 20934: 1193, 20935: 84328, 20936: 1188, 20937: 64790, 20938: 1193, 20939: 44206, 20940: 57639, 20941: 84328, 20942: 1288, 20943: 72051, 20944: 44206, 20948: 57972, 20949: 63756, 20950: 63882, 20951: 58543, 20953: 1399, 20954: 449, 20955: 1116, 20956: 64790, 20958: 1300, 20959: 87001, 20960: 1288, 20961: 1116, 20962: 1223, 20963: 1399, 20964: 83288, 20965: 75453, 20966: 63099, 20967: 1012, 20968: 64727, 20969: 91053, 20970: 57972, 20971: 1193, 20973: 1012, 20974: 146, 20975: 68650, 20977: 78631, 20978: 63756, 20979: 64790, 20980: 63756, 20981: 226, 20982: 87001, 20983: 85710, 20985: 72039, 20986: 57417, 20987: 69995, 20988: 57972, 20990: 1012, 20992: 58543, 20993: 72039, 20995: 1502, 20997: 72039, 20998: 63882, 20999: 0, 21000: 82070, 21001: 1457, 21002: 1457, 21003: 57972, 21005: 72039, 21006: 63270, 21007: 91053, 21008: 1457, 21009: 65877, 21011: 84328, 21012: 72039, 21013: 146, 21014: 83288, 21015: 70500, 21016: 85700, 21017: 59008, 21018: 64790, 21019: 57639, 21020: 449, 21021: 57639, 21022: 52945, 21023: 85710, 21028: 86055, 21030: 85700, 21032: 1223, 21033: 68650, 21034: 2048, 21035: 69995, 21036: 48922, 21037: 91053, 21038: 1288, 21039: 1457, 21041: 65941, 21043: 1154, 21045: 64790, 21047: 728, 21050: 190, 21053: 1294, 21055: 82080, 21056: 1585, 21057: 519, 21058: 75379, 21059: 1107, 21060: 449, 21061: 1259, 21062: 72051, 21063: 48922, 21064: 1014, 21065: 44206, 21066: 1502, 21067: 1543, 21068: 69985, 21069: 72051, 21070: 69990, 21072: 57290, 21073: 85669, 21074: 67720, 21075: 78645, 21077: 1540, 21084: 35259, 21085: 2114, 21086: 90942, 21087: 2346, 21091: 61726, 21092: 1347, 21093: 1167, 21096: 2114, 21097: 80140, 21098: 63270, 21099: 90998, 21100: 80140, 21101: 53429, 21102: 74355, 21103: 1107, 21104: 146, 21105: 2076, 21106: 57649, 21107: 62344, 21108: 88653, 21109: 89226, 21110: 89226, 21112: 35259, 21113: 88653, 21115: 53429, 21116: 88653, 21117: 57649, 21118: 1107, 21119: 89226, 21120: 87984, 21121: 2114, 21123: 74355, 21124: 80140, 21125: 74355, 21126: 57649, 21127: 57649, 21128: 53429, 21129: 2114, 21130: 53429, 21132: 2114, 21133: 87984, 21134: 2114, 21135: 2076, 21136: 57649, 21138: 2114, 21139: 2076, 21140: 53429, 21141: 53429, 21142: 57649, 21143: 57649, 21144: 2114, 21145: 2076, 21146: 89226, 21147: 53429, 21148: 2076, 21149: 86157, 21150: 80140, 21151: 86213, 21153: 2346, 21154: 146, 21155: 86213, 21156: 87984, 21157: 57417, 21159: 2346, 21163: 1223, 21164: 87984, 21165: 90998, 21166: 90998, 21167: 87984, 21168: 90998, 21170: 90998, 21171: 86213, 21172: 87984, 21173: 56939, 21174: 56939, 21175: 1188, 21176: 90998, 21177: 56939, 21178: 86213, 21179: 86213, 21180: 80140, 21181: 87984, 21182: 0, 21184: 80140, 21185: 0, 21186: 80140, 21187: 0, 21188: 0, 21189: 0, 21190: 1300, 21191: 184, 21192: 85700, 21193: 70500, 21194: 0, 21195: 85710, 21196: 58096, 21197: 74355, 21198: 2114, 21199: 2076, 21203: 80140, 21205: 53429, 21206: 86213, 21208: 90998, 21209: 80140, 21223: 519, 21226: 1014, 21227: 75958, 21228: 48922, 21229: 519, 21230: 68173, 21231: 1107, 21232: 69242, 21233: 78645, 21234: 743, 21235: 683, 21236: 683, 21237: 1288, 21238: 57290, 21239: 805, 21240: 683, 21241: 1259, 21244: 1161, 21249: 1012, 21262: 1391, 21265: 1391, 21271: 63756, 21279: 91053, 21280: 85646, 21288: 57290, 21290: 85700, 21298: 1188, 21303: 728, 21304: 765, 21305: 63756, 21306: 1113, 21307: 1347, 21308: 1113, 21311: 1540, 21312: 1167, 21313: 1357, 21314: 71117, 21315: 1457, 21316: 88486, 21317: 226, 21318: 728, 21319: 57455, 21322: 13828, 21324: 78626, 21325: 805, 21326: 71117, 21327: 728, 21328: 805, 21329: 46494, 21331: 83288, 21333: 226, 21334: 57455, 21335: 1357, 21336: 1054, 21338: 1113, 21339: 1457, 21340: 88486, 21341: 765, 21344: 1543, 21345: 82070, 21346: 59008, 21348: 63099, 21349: 0, 21351: 449, 21354: 1502, 21356: 70171, 21357: 0, 21358: 395, 21363: 184, 21366: 57309, 21369: 1347, 21370: 71117, 21378: 683, 21384: 449, 21398: 395, 21445: 74355, 21446: 46494, 21447: 1161, 21448: 1014, 21450: 1014, 21454: 69242, 21455: 48922, 21460: 13699, 21462: 82080, 21463: 57639, 21465: 0, 21468: 1107, 21470: 63756, 21474: 83288, 21475: 1054, 21477: 68173, 21478: 1399, 21479: 1540, 21480: 13828, 21481: 1012, 21482: 83288, 21483: 0, 21484: 765, 21487: 65161, 21488: 1161, 21489: 70500, 21490: 1107, 21491: 1113, 21492: 85710, 21493: 342, 21494: 50453}",0.0,filho
632794.3602650003,Cruzamento,1733628242.570247,1,"{20331: 1182, 20332: 1412, 20333: 1583, 20334: 49332, 20335: 49332, 20336: 82085, 20337: 75421, 20338: 57455, 20339: 49332, 20340: 849, 20341: 57309, 20342: 69242, 20343: 70342, 20344: 2048, 20345: 1291, 20346: 63099, 20347: 48266, 20348: 70373, 20349: 70342, 20350: 70373, 20351: 849, 20352: 63099, 20353: 184, 20354: 51797, 20355: 75421, 20356: 48266, 20357: 46793, 20358: 48266, 20359: 82085, 20360: 48266, 20361: 58096, 20362: 57070, 20363: 75421, 20364: 57070, 20365: 82085, 20366: 82085, 20367: 90927, 20368: 77145, 20369: 65341, 20370: 49332, 20371: 48266, 20372: 46793, 20373: 1347, 20378: 1347, 20379: 65341, 20380: 75453, 20381: 69242, 20383: 1391, 20384: 1391, 20385: 75421, 20386: 686, 20387: 686, 20388: 69990, 20389: 686, 20392: 48266, 20393: 57257, 20394: 849, 20395: 1583, 20396: 395, 20397: 1182, 20398: 1489, 20399: 1107, 20400: 65341, 20401: 1489, 20402: 1482, 20403: 58096, 20404: 44206, 20405: 57290, 20406: 57455, 20407: 71117, 20408: 1585, 20409: 69990, 20410: 1585, 20411: 68173, 20412: 75379, 20413: 1583, 20414: 68173, 20415: 395, 20416: 1014, 20417: 728, 20418: 1188, 20419: 71117, 20421: 2048, 20422: 1294, 20423: 82080, 20427: 46494, 20428: 78645, 20429: 78645, 20432: 449, 20433: 48922, 20434: 690, 20436: 59008, 20437: 1347, 20438: 70342, 20439: 57381, 20440: 690, 20441: 70342, 20442: 1585, 20443: 522, 20444: 522, 20445: 91896, 20446: 13828, 20447: 44206, 20449: 69995, 20450: 226, 20451: 52945, 20452: 1585, 20453: 63270, 20454: 57455, 20455: 70342, 20456: 63270, 20457: 50588, 20458: 63756, 20459: 63270, 20460: 1161, 20461: 75379, 20462: 1154, 20463: 1482, 20465: 2048, 20466: 65161, 20467: 1583, 20468: 1014, 20469: 57381, 20471: 72051, 20472: 1259, 20473: 1107, 20475: 743, 20476: 46494, 20481: 1543, 20482: 70342, 20484: 70342, 20485: 50588, 20486: 913, 20487: 1347, 20488: 1617, 20489: 71117, 20490: 1502, 20491: 82080, 20492: 67720, 20493: 46494, 20494: 522, 20495: 91896, 20496: 686, 20497: 226, 20499: 1457, 20501: 65877, 20503: 85710, 20504: 1167, 20505: 765, 20506: 57309, 20507: 57070, 20508: 1161, 20509: 50588, 20510: 70342, 20511: 85646, 20512: 54448, 20513: 69990, 20514: 35245, 20515: 913, 20517: 35245, 20518: 35245, 20519: 80479, 20520: 1012, 20521: 63756, 20522: 85646, 20523: 1288, 20524: 35259, 20525: 1502, 20527: 1543, 20528: 519, 20530: 67720, 20531: 1188, 20532: 690, 20533: 1084, 20534: 1161, 20535: 67720, 20536: 59008, 20537: 68173, 20538: 68173, 20539: 1585, 20540: 1347, 20541: 69990, 20542: 1617, 20543: 71117, 20544: 69985, 20545: 48922, 20546: 743, 20547: 91053, 20549: 913, 20550: 51797, 20552: 57381, 20553: 1347, 20554: 35259, 20555: 85687, 20556: 83288, 20557: 1116, 20558: 1167, 20559: 46494, 20560: 1457, 20561: 65877, 20563: 65877, 20564: 1391, 20565: 849, 20567: 1161, 20569: 51797, 20570: 728, 20571: 69985, 20572: 728, 20573: 75958, 20574: 44206, 20575: 91896, 20576: 1014, 20577: 1617, 20578: 71117, 20579: 69985, 20580: 743, 20581: 690, 20582: 35259, 20583: 71117, 20584: 1347, 20585: 184, 20587: 65161, 20588: 63270, 20589: 1161, 20590: 68173, 20591: 57455, 20592: 1288, 20593: 46494, 20594: 70342, 20595: 73383, 20596: 743, 20597: 44206, 20599: 51797, 20600: 54448, 20601: 80479, 20602: 226, 20605: 35245, 20606: 66626, 20607: 66626, 20608: 57417, 20609: 69995, 20610: 1084, 20611: 1054, 20612: 85710, 20613: 85669, 20614: 953, 20615: 226, 20616: 71117, 20617: 765, 20618: 1054, 20619: 75453, 20620: 61726, 20621: 765, 20622: 65877, 20624: 69990, 20625: 1116, 20626: 1288, 20628: 1540, 20630: 52945, 20631: 57381, 20633: 743, 20634: 182, 20635: 1084, 20636: 54448, 20637: 686, 20638: 54448, 20639: 85669, 20640: 1193, 20641: 52945, 20642: 57639, 20643: 62344, 20645: 58096, 20646: 953, 20647: 62344, 20648: 1391, 20650: 686, 20651: 57639, 20652: 1391, 20653: 1193, 20654: 58096, 20655: 70373, 20656: 1291, 20659: 66626, 20661: 54448, 20662: 46793, 20663: 54448, 20669: 683, 20670: 35259, 20671: 78631, 20672: 61726, 20673: 57309, 20675: 57972, 20676: 57972, 20677: 73235, 20678: 65877, 20680: 1585, 20681: 805, 20684: 805, 20688: 67720, 20689: 913, 20690: 52945, 20692: 58096, 20693: 85669, 20694: 1161, 20695: 58096, 20696: 70342, 20697: 70373, 20698: 62344, 20699: 75379, 20700: 63756, 20701: 1173, 20702: 85710, 20703: 1173, 20704: 1173, 20705: 50588, 20706: 63099, 20707: 75379, 20708: 1457, 20709: 1161, 20710: 0, 20711: 1259, 20712: 0, 20713: 1489, 20714: 52945, 20715: 46494, 20716: 1012, 20717: 85669, 20719: 75379, 20720: 57257, 20721: 70342, 20722: 57290, 20723: 1291, 20724: 46793, 20725: 1167, 20726: 0, 20727: 1457, 20729: 69990, 20730: 83288, 20731: 1014, 20732: 85710, 20734: 35259, 20735: 1391, 20736: 46494, 20737: 69985, 20739: 75379, 20740: 1543, 20741: 1107, 20742: 63756, 20743: 83288, 20744: 85710, 20746: 78631, 20747: 44206, 20748: 85669, 20749: 58096, 20750: 78631, 20751: 1116, 20752: 44206, 20754: 1188, 20757: 63756, 20758: 52945, 20759: 1193, 20761: 69990, 20762: 63099, 20763: 1084, 20764: 75453, 20765: 1482, 20766: 69990, 20768: 184, 20769: 395, 20770: 77145, 20773: 184, 20774: 48266, 20775: 57070, 20777: 2048, 20778: 70500, 20779: 395, 20781: 67720, 20782: 57417, 20784: 48266, 20785: 1223, 20786: 57417, 20789: 683, 20790: 58543, 20791: 1182, 20792: 1617, 20793: 35245, 20794: 49332, 20795: 67720, 20796: 1167, 20797: 1482, 20798: 70373, 20799: 75421, 20800: 2048, 20802: 67720, 20803: 1399, 20804: 146, 20805: 1482, 20806: 686, 20807: 57381, 20808: 82067, 20809: 48266, 20810: 46793, 20811: 57070, 20813: 48266, 20814: 1583, 20815: 82067, 20816: 1084, 20817: 85687, 20818: 83288, 20819: 46494, 20820: 58543, 20821: 1502, 20822: 46494, 20823: 690, 20824: 1288, 20825: 44206, 20826: 63270, 20827: 1399, 20828: 64790, 20829: 59008, 20831: 58543, 20832: 65877, 20833: 65341, 20834: 86055, 20835: 85710, 20836: 1084, 20837: 0, 20838: 1457, 20840: 75421, 20841: 184, 20842: 46494, 20843: 1543, 20844: 849, 20845: 1012, 20846: 1543, 20850: 87001, 20852: 70171, 20853: 1300, 20854: 91896, 20856: 63099, 20858: 1347, 20859: 82070, 20860: 82070, 20861: 63882, 20862: 63882, 20863: 63882, 20864: 395, 20872: 953, 20873: 226, 20874: 0, 20875: 59008, 20876: 69985, 20877: 83288, 20881: 67720, 20883: 78631, 20884: 63882, 20885: 57639, 20886: 64727, 20887: 849, 20888: 57972, 20889: 690, 20890: 59008, 20891: 91053, 20892: 72039, 20894: 57309, 20895: 85700, 20897: 686, 20900: 85669, 20901: 64790, 20902: 82070, 20904: 48266, 20905: 1188, 20906: 69995, 20907: 63756, 20909: 65877, 20910: 70342, 20911: 69995, 20913: 1188, 20916: 953, 20917: 87001, 20918: 743, 20919: 63882, 20921: 1391, 20922: 84328, 20923: 1585, 20925: 1294, 20926: 146, 20928: 70500, 20929: 64727, 20930: 61726, 20931: 48266, 20932: 63099, 20933: 72051, 20934: 63099, 20935: 87001, 20936: 72051, 20937: 64790, 20938: 1193, 20939: 1107, 20940: 65941, 20941: 63882, 20942: 146, 20943: 57290, 20944: 75453, 20948: 82070, 20949: 64727, 20950: 87001, 20951: 70500, 20953: 1399, 20954: 44206, 20955: 1457, 20956: 54448, 20958: 65941, 20959: 87001, 20960: 146, 20961: 1502, 20962: 70500, 20963: 54448, 20964: 87001, 20965: 75453, 20966: 63756, 20967: 1116, 20968: 59008, 20969: 65161, 20970: 65877, 20971: 69995, 20973: 85710, 20974: 0, 20975: 395, 20977: 1399, 20978: 1502, 20979: 0, 20980: 51797, 20981: 57639, 20982: 87001, 20983: 57972, 20985: 83288, 20986: 69995, 20987: 75453, 20988: 1012, 20990: 1116, 20992: 64790, 20993: 0, 20995: 63756, 20997: 83288, 20998: 82070, 20999: 65877, 21000: 63882, 21001: 78631, 21002: 1161, 21003: 65877, 21005: 72039, 21006: 57417, 21007: 1543, 21008: 71117, 21009: 82070, 21011: 87001, 21012: 84328, 21013: 57417, 21014: 72039, 21015: 63099, 21016: 65941, 21017: 59008, 21018: 1300, 21019: 1223, 21020: 69990, 21021: 57290, 21022: 1399, 21023: 1457, 21028: 86055, 21030: 85700, 21032: 57417, 21033: 1399, 21034: 146, 21035: 1188, 21036: 59008, 21037: 1457, 21038: 54448, 21039: 1288, 21041: 65941, 21043: 57290, 21045: 85700, 21047: 86055, 21050: 1347, 21053: 1294, 21055: 82080, 21056: 1585, 21057: 519, 21058: 686, 21059: 449, 21060: 519, 21061: 1543, 21062: 57290, 21063: 48922, 21064: 78645, 21065: 68173, 21066: 683, 21067: 72051, 21068: 73383, 21069: 805, 21070: 1543, 21072: 0, 21073: 1054, 21074: 35259, 21075: 48922, 21077: 1540, 21084: 1617, 21085: 56939, 21086: 90942, 21087: 86213, 21091: 1540, 21092: 1182, 21093: 63270, 21096: 88653, 21097: 57649, 21098: 67720, 21099: 87984, 21100: 56939, 21101: 57649, 21102: 57649, 21103: 1116, 21104: 58096, 21105: 89226, 21106: 56939, 21107: 62344, 21108: 2346, 21109: 89226, 21110: 89226, 21112: 78631, 21113: 88653, 21115: 89226, 21116: 2114, 21117: 53429, 21118: 62344, 21119: 74355, 21120: 2076, 21121: 74355, 21123: 2346, 21124: 86213, 21125: 89226, 21126: 57649, 21127: 74355, 21128: 53429, 21129: 2114, 21130: 2114, 21132: 53429, 21133: 87984, 21134: 2114, 21135: 80140, 21136: 2114, 21138: 74355, 21139: 88653, 21140: 74355, 21141: 87984, 21142: 80140, 21143: 57649, 21144: 2114, 21145: 2076, 21146: 89226, 21147: 80140, 21148: 56939, 21149: 86157, 21150: 86213, 21151: 86213, 21153: 80140, 21154: 1188, 21155: 80140, 21156: 87984, 21157: 1223, 21159: 80140, 21163: 57417, 21164: 86213, 21165: 57649, 21166: 90998, 21167: 2076, 21168: 56939, 21170: 80140, 21171: 86213, 21172: 88653, 21173: 2076, 21174: 2346, 21175: 2048, 21176: 87984, 21177: 80140, 21178: 86213, 21179: 86157, 21180: 2346, 21181: 56939, 21182: 0, 21184: 87984, 21185: 0, 21186: 86157, 21187: 0, 21188: 0, 21189: 0, 21190: 63270, 21191: 184, 21192: 72051, 21193: 65161, 21194: 0, 21195: 1223, 21196: 1347, 21197: 2114, 21198: 57649, 21199: 87984, 21203: 90998, 21205: 2114, 21206: 2076, 21208: 87984, 21209: 80140, 21223: 519, 21226: 395, 21227: 75958, 21228: 78645, 21229: 519, 21230: 1107, 21231: 449, 21232: 72051, 21233: 78645, 21234: 1502, 21235: 1502, 21236: 71117, 21237: 1107, 21238: 71117, 21239: 73383, 21240: 46494, 21241: 805, 21244: 1173, 21249: 1012, 21262: 58096, 21265: 1291, 21271: 35245, 21279: 70500, 21280: 78631, 21288: 1167, 21290: 72051, 21298: 57639, 21303: 57455, 21304: 1357, 21305: 1054, 21306: 1294, 21307: 728, 21308: 85669, 21311: 85669, 21312: 1167, 21313: 1107, 21314: 1294, 21315: 57455, 21316: 1540, 21317: 1540, 21318: 51797, 21319: 51797, 21322: 683, 21324: 13828, 21325: 805, 21326: 1502, 21327: 71117, 21328: 728, 21329: 13828, 21331: 57972, 21333: 226, 21334: 0, 21335: 1357, 21336: 1113, 21338: 1347, 21339: 85669, 21340: 35259, 21341: 51797, 21344: 75453, 21345: 72039, 21346: 75379, 21348: 63099, 21349: 0, 21351: 70342, 21354: 550, 21356: 65341, 21357: 85646, 21358: 226, 21363: 57309, 21366: 91053, 21369: 226, 21370: 226, 21378: 78645, 21384: 1188, 21398: 519, 21445: 57649, 21446: 57070, 21447: 190, 21448: 743, 21450: 44206, 21454: 683, 21455: 1014, 21460: 0, 21462: 82080, 21463: 62344, 21465: 0, 21468: 57070, 21470: 1357, 21474: 85669, 21475: 1116, 21477: 75958, 21478: 78631, 21479: 1054, 21480: 550, 21481: 65877, 21482: 65877, 21483: 70373, 21484: 1288, 21487: 65161, 21488: 63756, 21489: 65161, 21490: 1259, 21491: 245, 21492: 1357, 21493: 50453, 21494: 342}",0.0,filho
639164.8197749992,Cruzamento,1733628245.746638,2,"{20331: 57309, 20332: 65341, 20333: 82085, 20334: 57070, 20335: 1182, 20336: 1489, 20337: 1291, 20338: 1084, 20339: 184, 20340: 57309, 20341: 65341, 20342: 1182, 20343: 1489, 20344: 1489, 20345: 68182, 20346: 70373, 20347: 70342, 20348: 1084, 20349: 63099, 20350: 57309, 20351: 51797, 20352: 58096, 20353: 46793, 20354: 849, 20355: 48266, 20356: 1291, 20357: 58096, 20358: 1084, 20359: 46793, 20360: 69990, 20361: 1412, 20362: 765, 20363: 57455, 20364: 1291, 20365: 82085, 20366: 75453, 20367: 90927, 20368: 1617, 20369: 65341, 20370: 70342, 20371: 57070, 20372: 48266, 20373: 1412, 20378: 82085, 20379: 57455, 20380: 1391, 20381: 686, 20383: 13699, 20384: 686, 20385: 69990, 20386: 57257, 20387: 13699, 20388: 75421, 20389: 68182, 20392: 63099, 20393: 58096, 20394: 51797, 20395: 184, 20396: 1347, 20397: 65341, 20398: 2048, 20399: 805, 20400: 1084, 20401: 1482, 20402: 46793, 20403: 1482, 20404: 67720, 20405: 1107, 20406: 57381, 20407: 1502, 20408: 743, 20409: 743, 20410: 1347, 20411: 395, 20412: 1585, 20413: 1489, 20414: 449, 20415: 1188, 20416: 67720, 20417: 519, 20418: 46494, 20419: 71117, 20421: 1347, 20422: 1617, 20423: 1585, 20427: 72051, 20428: 48922, 20429: 44206, 20432: 683, 20433: 1502, 20434: 690, 20436: 1259, 20437: 57381, 20438: 48922, 20439: 683, 20440: 69985, 20441: 690, 20442: 69242, 20443: 46494, 20444: 522, 20445: 522, 20446: 69242, 20447: 69242, 20449: 69995, 20450: 57455, 20451: 1012, 20452: 54448, 20453: 1585, 20454: 50588, 20455: 52945, 20456: 50588, 20457: 63756, 20458: 65161, 20459: 1585, 20460: 1161, 20461: 80479, 20462: 57290, 20463: 1412, 20465: 69990, 20466: 1012, 20467: 57257, 20468: 67720, 20469: 743, 20471: 1014, 20472: 71117, 20473: 1107, 20475: 805, 20476: 690, 20481: 1107, 20482: 35245, 20484: 75379, 20485: 69995, 20486: 54448, 20487: 1502, 20488: 1188, 20489: 728, 20490: 71117, 20491: 57381, 20492: 44206, 20493: 1014, 20494: 91896, 20495: 72051, 20496: 849, 20497: 69995, 20499: 88486, 20501: 71117, 20503: 1357, 20504: 765, 20505: 1167, 20506: 1294, 20507: 65877, 20508: 54448, 20509: 46793, 20510: 52945, 20511: 75379, 20512: 52945, 20513: 1291, 20514: 69995, 20515: 70342, 20517: 63270, 20518: 913, 20519: 1012, 20520: 54448, 20521: 63270, 20522: 913, 20523: 519, 20524: 70342, 20525: 1259, 20527: 68173, 20528: 57381, 20530: 91896, 20531: 182, 20532: 71117, 20533: 75421, 20534: 35245, 20535: 71117, 20536: 44206, 20537: 75958, 20538: 35259, 20539: 70342, 20540: 67720, 20541: 1014, 20542: 48922, 20543: 59008, 20544: 1014, 20545: 449, 20546: 1585, 20547: 69995, 20549: 913, 20550: 1161, 20552: 1502, 20553: 728, 20554: 1188, 20555: 85710, 20556: 1182, 20557: 849, 20558: 1399, 20559: 1391, 20560: 1116, 20561: 57070, 20563: 78631, 20564: 44206, 20565: 1167, 20567: 1457, 20569: 63756, 20570: 59008, 20571: 743, 20572: 68173, 20573: 728, 20574: 70342, 20575: 1347, 20576: 44206, 20577: 690, 20578: 91896, 20579: 75958, 20580: 449, 20581: 69990, 20582: 35259, 20583: 69985, 20584: 91896, 20585: 75379, 20587: 63756, 20588: 85646, 20589: 913, 20590: 46494, 20591: 1259, 20592: 57290, 20593: 69985, 20594: 70342, 20595: 1502, 20596: 67720, 20597: 69985, 20599: 1585, 20600: 75379, 20601: 1161, 20602: 226, 20605: 35245, 20606: 64727, 20607: 1585, 20608: 1223, 20609: 64727, 20610: 1482, 20611: 65877, 20612: 69995, 20613: 1457, 20614: 69995, 20615: 686, 20616: 69990, 20617: 1540, 20618: 1116, 20619: 85710, 20620: 1107, 20621: 1107, 20622: 75453, 20624: 75453, 20625: 686, 20626: 953, 20628: 953, 20630: 66626, 20631: 1543, 20633: 46494, 20634: 690, 20635: 68182, 20636: 54448, 20637: 75421, 20638: 1288, 20639: 1391, 20640: 85669, 20641: 57639, 20642: 1193, 20643: 62344, 20645: 52945, 20646: 52945, 20647: 1193, 20648: 58096, 20650: 953, 20651: 85669, 20652: 1391, 20653: 57639, 20654: 686, 20655: 1583, 20656: 70342, 20659: 1173, 20661: 75379, 20662: 75453, 20663: 913, 20669: 69985, 20670: 35259, 20671: 57639, 20672: 65877, 20673: 73235, 20675: 61726, 20676: 75453, 20677: 1540, 20678: 78631, 20680: 1543, 20681: 728, 20684: 743, 20688: 82080, 20689: 1161, 20690: 66626, 20692: 57257, 20693: 58543, 20694: 913, 20695: 1489, 20696: 1161, 20697: 184, 20698: 62344, 20699: 50588, 20700: 1173, 20701: 63756, 20702: 1182, 20703: 54448, 20704: 63756, 20705: 64727, 20706: 69242, 20707: 63756, 20708: 1054, 20709: 1161, 20710: 1161, 20711: 68173, 20712: 0, 20713: 75421, 20714: 52945, 20715: 73383, 20716: 70342, 20717: 58543, 20719: 52945, 20720: 46793, 20721: 1012, 20722: 46494, 20723: 184, 20724: 46793, 20725: 78631, 20726: 80479, 20727: 1347, 20729: 1412, 20730: 57972, 20731: 1014, 20732: 83288, 20734: 57455, 20735: 62344, 20736: 73383, 20737: 59008, 20739: 75379, 20740: 1543, 20741: 85710, 20742: 75379, 20743: 686, 20744: 395, 20746: 1457, 20747: 49332, 20748: 1357, 20749: 63756, 20750: 1012, 20751: 85710, 20752: 46494, 20754: 1259, 20757: 1012, 20758: 35245, 20759: 58096, 20761: 63099, 20762: 75453, 20763: 1084, 20764: 1617, 20765: 1482, 20766: 75453, 20768: 0, 20769: 449, 20770: 77145, 20773: 63270, 20774: 1300, 20775: 57070, 20777: 57070, 20778: 146, 20779: 1347, 20781: 1543, 20782: 1223, 20784: 146, 20785: 146, 20786: 1154, 20789: 690, 20790: 58543, 20791: 1583, 20792: 49332, 20793: 728, 20794: 48266, 20795: 44206, 20796: 78631, 20797: 69242, 20798: 75421, 20799: 2048, 20800: 13699, 20802: 13828, 20803: 1288, 20804: 1154, 20805: 13699, 20806: 1391, 20807: 522, 20808: 85687, 20809: 1347, 20810: 46793, 20811: 70342, 20813: 70373, 20814: 2048, 20815: 85687, 20816: 184, 20817: 85687, 20818: 1347, 20819: 690, 20820: 78631, 20821: 46494, 20822: 75379, 20823: 82080, 20824: 57455, 20825: 83288, 20826: 1188, 20827: 85710, 20828: 1399, 20829: 59008, 20831: 72051, 20832: 1357, 20833: 57257, 20834: 58543, 20835: 44206, 20836: 1182, 20837: 0, 20838: 78631, 20840: 57257, 20841: 765, 20842: 190, 20843: 1543, 20844: 82085, 20845: 190, 20846: 1167, 20850: 72039, 20852: 1391, 20853: 85710, 20854: 1014, 20856: 0, 20858: 48266, 20859: 82070, 20860: 63882, 20861: 63882, 20862: 82070, 20863: 82070, 20864: 395, 20872: 953, 20873: 35245, 20874: 184, 20875: 70500, 20876: 59008, 20877: 82070, 20881: 57417, 20883: 75379, 20884: 65877, 20885: 85646, 20886: 78631, 20887: 61726, 20888: 65877, 20889: 805, 20890: 57639, 20891: 64727, 20892: 65877, 20894: 1457, 20895: 1300, 20897: 71117, 20900: 61726, 20901: 75379, 20902: 72039, 20904: 184, 20905: 44206, 20906: 57309, 20907: 64790, 20909: 0, 20910: 67720, 20911: 69990, 20913: 522, 20916: 1457, 20917: 82070, 20918: 73383, 20919: 72039, 20921: 72051, 20922: 84328, 20923: 68173, 20925: 1294, 20926: 1188, 20928: 48266, 20929: 51797, 20930: 61726, 20931: 51797, 20932: 59008, 20933: 72051, 20934: 63099, 20935: 84328, 20936: 57639, 20937: 54448, 20938: 63099, 20939: 1107, 20940: 1347, 20941: 63882, 20942: 63756, 20943: 728, 20944: 1391, 20948: 57972, 20949: 64727, 20950: 72039, 20951: 1223, 20953: 59008, 20954: 1585, 20955: 1116, 20956: 1399, 20958: 65161, 20959: 57972, 20960: 146, 20961: 1502, 20962: 1223, 20963: 69995, 20964: 83288, 20965: 57639, 20966: 63099, 20967: 1054, 20968: 64727, 20969: 91053, 20970: 83288, 20971: 1193, 20973: 1054, 20974: 146, 20975: 1188, 20977: 78631, 20978: 57972, 20979: 64790, 20980: 64727, 20981: 67720, 20982: 83288, 20983: 1502, 20985: 87001, 20986: 91053, 20987: 59008, 20988: 85710, 20990: 63756, 20992: 64790, 20993: 87001, 20995: 1012, 20997: 83288, 20998: 82070, 20999: 83288, 21000: 63882, 21001: 1188, 21002: 1167, 21003: 57972, 21005: 72039, 21006: 57417, 21007: 54448, 21008: 953, 21009: 57972, 21011: 72039, 21012: 63882, 21013: 2048, 21014: 87001, 21015: 184, 21016: 65941, 21017: 58543, 21018: 85700, 21019: 75453, 21020: 1617, 21021: 63756, 21022: 2048, 21023: 1167, 21028: 86055, 21030: 85700, 21032: 1543, 21033: 146, 21034: 1167, 21035: 54448, 21036: 449, 21037: 1154, 21038: 85710, 21039: 226, 21041: 52945, 21043: 57417, 21045: 57639, 21047: 86055, 21050: 1182, 21053: 1294, 21055: 1585, 21056: 57381, 21057: 1107, 21058: 58096, 21059: 395, 21060: 1107, 21061: 72051, 21062: 683, 21063: 449, 21064: 1107, 21065: 44206, 21066: 57381, 21067: 1014, 21068: 72051, 21069: 72051, 21070: 57290, 21072: 57381, 21073: 849, 21074: 35259, 21075: 48922, 21077: 1540, 21084: 82080, 21085: 56939, 21086: 90942, 21087: 56939, 21091: 190, 21092: 1399, 21093: 2048, 21096: 2114, 21097: 2114, 21098: 51797, 21099: 87984, 21100: 74355, 21101: 80140, 21102: 56939, 21103: 1116, 21104: 1193, 21105: 88653, 21106: 74355, 21107: 61726, 21108: 53429, 21109: 2114, 21110: 89226, 21112: 75453, 21113: 2346, 21115: 89226, 21116: 53429, 21117: 74355, 21118: 35259, 21119: 74355, 21120: 2076, 21121: 88653, 21123: 80140, 21124: 88653, 21125: 2114, 21126: 2114, 21127: 74355, 21128: 53429, 21129: 57649, 21130: 74355, 21132: 53429, 21133: 90998, 21134: 53429, 21135: 89226, 21136: 2114, 21138: 57649, 21139: 88653, 21140: 74355, 21141: 56939, 21142: 89226, 21143: 53429, 21144: 2114, 21145: 2346, 21146: 89226, 21147: 88653, 21148: 53429, 21149: 86213, 21150: 80140, 21151: 87984, 21153: 80140, 21154: 146, 21155: 86213, 21156: 56939, 21157: 1188, 21159: 2076, 21163: 1223, 21164: 2076, 21165: 90998, 21166: 2346, 21167: 56939, 21168: 88653, 21170: 80140, 21171: 2076, 21172: 87984, 21173: 2076, 21174: 90998, 21175: 57417, 21176: 57649, 21177: 86157, 21178: 86213, 21179: 80140, 21180: 2346, 21181: 86213, 21182: 86157, 21184: 86157, 21185: 80140, 21186: 86213, 21187: 0, 21188: 0, 21189: 0, 21190: 91053, 21191: 184, 21192: 65941, 21193: 146, 21194: 0, 21195: 1300, 21196: 58096, 21197: 53429, 21198: 2114, 21199: 2076, 21203: 80140, 21205: 80140, 21206: 90998, 21208: 87984, 21209: 80140, 21223: 44206, 21226: 69990, 21227: 75958, 21228: 449, 21229: 519, 21230: 1014, 21231: 449, 21232: 78645, 21233: 69242, 21234: 78645, 21235: 78645, 21236: 1288, 21237: 1107, 21238: 1288, 21239: 1014, 21240: 1617, 21241: 395, 21244: 1173, 21249: 1012, 21262: 1489, 21265: 1412, 21271: 70500, 21279: 57417, 21280: 1391, 21288: 57070, 21290: 63270, 21298: 63270, 21303: 57455, 21304: 226, 21305: 1167, 21306: 1347, 21307: 1347, 21308: 1294, 21311: 1294, 21312: 46494, 21313: 765, 21314: 1113, 21315: 226, 21316: 1054, 21317: 46494, 21318: 64790, 21319: 765, 21322: 522, 21324: 1347, 21325: 78626, 21326: 805, 21327: 46494, 21328: 78626, 21329: 805, 21331: 65877, 21333: 51797, 21334: 57455, 21335: 71117, 21336: 1457, 21338: 1457, 21339: 1113, 21340: 63756, 21341: 51797, 21344: 1300, 21345: 65877, 21346: 1391, 21348: 63099, 21349: 0, 21351: 1259, 21354: 395, 21356: 77145, 21357: 85646, 21358: 226, 21363: 1294, 21366: 1223, 21369: 226, 21370: 1357, 21378: 1543, 21384: 69242, 21398: 550, 21445: 57649, 21446: 57639, 21447: 46494, 21448: 728, 21450: 69242, 21454: 57290, 21455: 449, 21460: 13699, 21462: 1502, 21463: 65877, 21465: 0, 21468: 1167, 21470: 1502, 21474: 1161, 21475: 63756, 21477: 75958, 21478: 1357, 21479: 46494, 21480: 805, 21481: 1116, 21482: 78631, 21483: 0, 21484: 69995, 21487: 63756, 21488: 51797, 21489: 85700, 21490: 1259, 21491: 245, 21492: 62344, 21493: 342, 21494: 50453}",0.0,filho
636080.0210406666,Cruzamento,1733628245.746638,2,"{20331: 57070, 20332: 1182, 20333: 57309, 20334: 65341, 20335: 1412, 20336: 1412, 20337: 1084, 20338: 1482, 20339: 1617, 20340: 49332, 20341: 1583, 20342: 69242, 20343: 69990, 20344: 1182, 20345: 70342, 20346: 1583, 20347: 1084, 20348: 69242, 20349: 1291, 20350: 1291, 20351: 46793, 20352: 46793, 20353: 1084, 20354: 75421, 20355: 51797, 20356: 1412, 20357: 1291, 20358: 2048, 20359: 765, 20360: 48266, 20361: 1583, 20362: 1617, 20363: 1583, 20364: 65341, 20365: 65341, 20366: 90927, 20367: 57309, 20368: 82085, 20369: 70171, 20370: 49332, 20371: 70373, 20372: 48266, 20373: 57455, 20378: 49332, 20379: 48266, 20380: 69242, 20381: 849, 20383: 63099, 20384: 68182, 20385: 57257, 20386: 1412, 20387: 70373, 20388: 1482, 20389: 63099, 20392: 57309, 20393: 69242, 20394: 686, 20395: 1294, 20396: 67720, 20397: 57257, 20398: 58096, 20399: 1585, 20400: 75421, 20401: 48266, 20402: 184, 20403: 75421, 20404: 35259, 20405: 67720, 20406: 728, 20407: 44206, 20408: 71117, 20409: 683, 20410: 743, 20411: 683, 20412: 75379, 20413: 1347, 20414: 71117, 20415: 57381, 20416: 35259, 20417: 82080, 20418: 70342, 20419: 67720, 20421: 57070, 20422: 57257, 20423: 1502, 20427: 1188, 20428: 72051, 20429: 70342, 20432: 1347, 20433: 70342, 20434: 57290, 20436: 46494, 20437: 57290, 20438: 1347, 20439: 68173, 20440: 1014, 20441: 57290, 20442: 743, 20443: 13828, 20444: 91896, 20445: 683, 20446: 57381, 20447: 805, 20449: 35245, 20450: 50588, 20451: 57455, 20452: 75379, 20453: 69995, 20454: 63270, 20455: 913, 20456: 35245, 20457: 63270, 20458: 1585, 20459: 63756, 20460: 63756, 20461: 1161, 20462: 64790, 20463: 69990, 20465: 1294, 20466: 1012, 20467: 184, 20468: 1502, 20469: 182, 20471: 46494, 20472: 69985, 20473: 67720, 20475: 73383, 20476: 728, 20481: 1288, 20482: 52945, 20484: 63270, 20485: 913, 20486: 52945, 20487: 69990, 20488: 1259, 20489: 743, 20490: 1502, 20491: 71117, 20492: 72051, 20493: 46494, 20494: 1502, 20495: 690, 20496: 1182, 20497: 80479, 20499: 78631, 20501: 71117, 20503: 57639, 20504: 1347, 20505: 1347, 20506: 1502, 20507: 765, 20508: 913, 20509: 1161, 20510: 913, 20511: 85646, 20512: 52945, 20513: 68182, 20514: 68650, 20515: 70342, 20517: 52945, 20518: 57455, 20519: 63756, 20520: 46793, 20521: 46793, 20522: 1012, 20523: 1543, 20524: 71117, 20525: 1259, 20527: 70342, 20528: 519, 20530: 1014, 20531: 690, 20532: 1288, 20533: 1291, 20534: 63756, 20535: 69985, 20536: 1014, 20537: 48922, 20538: 68173, 20539: 91896, 20540: 67720, 20541: 70342, 20542: 69990, 20543: 68173, 20544: 35259, 20545: 69985, 20546: 690, 20547: 2048, 20549: 75379, 20550: 35245, 20552: 1288, 20553: 57290, 20554: 395, 20555: 1391, 20556: 57070, 20557: 44206, 20558: 85687, 20559: 686, 20560: 1357, 20561: 69990, 20563: 78631, 20564: 1502, 20565: 85710, 20567: 57070, 20569: 1585, 20570: 1288, 20571: 1585, 20572: 71117, 20573: 91896, 20574: 91896, 20575: 1288, 20576: 68173, 20577: 1347, 20578: 449, 20579: 67720, 20580: 70342, 20581: 743, 20582: 70342, 20583: 690, 20584: 44206, 20585: 1300, 20587: 52945, 20588: 63756, 20589: 1161, 20590: 1014, 20591: 82080, 20592: 57290, 20593: 805, 20594: 743, 20595: 805, 20596: 57381, 20597: 72051, 20599: 51797, 20600: 68650, 20601: 75379, 20602: 226, 20605: 35245, 20606: 1161, 20607: 66626, 20608: 1223, 20609: 75379, 20610: 1084, 20611: 226, 20612: 1288, 20613: 85669, 20614: 1116, 20615: 69995, 20616: 71117, 20617: 1540, 20618: 75453, 20619: 57309, 20620: 61726, 20621: 1540, 20622: 69995, 20624: 69995, 20625: 65877, 20626: 849, 20628: 1107, 20630: 1585, 20631: 728, 20633: 82080, 20634: 73383, 20635: 63099, 20636: 52945, 20637: 1583, 20638: 728, 20639: 58096, 20640: 58096, 20641: 57639, 20642: 62344, 20643: 57639, 20645: 1193, 20646: 1391, 20647: 686, 20648: 62344, 20650: 953, 20651: 686, 20652: 85669, 20653: 85669, 20654: 686, 20655: 68182, 20656: 69242, 20659: 1173, 20661: 66626, 20662: 69990, 20663: 913, 20669: 46494, 20670: 1540, 20671: 73235, 20672: 57639, 20673: 1391, 20675: 65877, 20676: 61726, 20677: 73235, 20678: 35259, 20680: 1107, 20681: 805, 20684: 70342, 20688: 1188, 20689: 69995, 20690: 1585, 20692: 57309, 20693: 1167, 20694: 913, 20695: 1347, 20696: 63756, 20697: 1489, 20698: 58096, 20699: 1173, 20700: 1161, 20701: 69995, 20702: 62344, 20703: 54448, 20704: 50588, 20705: 52945, 20706: 75453, 20707: 75379, 20708: 57309, 20709: 1161, 20710: 0, 20711: 35259, 20712: 52945, 20713: 849, 20714: 52945, 20715: 46494, 20716: 913, 20717: 58096, 20719: 63270, 20720: 75453, 20721: 1012, 20722: 728, 20723: 70373, 20724: 46793, 20725: 62344, 20726: 80479, 20727: 75379, 20729: 69990, 20730: 1054, 20731: 69985, 20732: 1457, 20734: 57290, 20735: 62344, 20736: 73383, 20737: 805, 20739: 75453, 20740: 1259, 20741: 75379, 20742: 85669, 20743: 83288, 20744: 1457, 20746: 85687, 20747: 1347, 20748: 1357, 20749: 1116, 20750: 1357, 20751: 1107, 20752: 61726, 20754: 46494, 20757: 50588, 20758: 57455, 20759: 1193, 20761: 1617, 20762: 1617, 20763: 0, 20764: 75453, 20765: 70373, 20766: 1482, 20768: 184, 20769: 519, 20770: 77145, 20773: 70500, 20774: 75379, 20775: 1489, 20777: 1391, 20778: 70500, 20779: 1457, 20781: 57070, 20782: 1154, 20784: 1288, 20785: 395, 20786: 68650, 20789: 44206, 20790: 58543, 20791: 2048, 20792: 57309, 20793: 1154, 20794: 57070, 20795: 182, 20796: 57070, 20797: 70373, 20798: 2048, 20799: 13699, 20800: 1482, 20802: 82080, 20803: 1543, 20804: 1399, 20805: 70373, 20806: 58543, 20807: 1107, 20808: 82067, 20809: 1182, 20810: 46793, 20811: 49332, 20813: 1347, 20814: 1482, 20815: 82067, 20816: 184, 20817: 85687, 20818: 85710, 20819: 1502, 20820: 62344, 20821: 62344, 20822: 849, 20823: 805, 20824: 57309, 20825: 78631, 20826: 184, 20827: 69990, 20828: 70500, 20829: 1347, 20831: 57290, 20832: 1182, 20833: 1294, 20834: 72051, 20835: 1399, 20836: 58096, 20837: 70373, 20838: 1502, 20840: 49332, 20841: 1182, 20842: 58096, 20843: 1223, 20844: 82085, 20845: 85669, 20846: 1300, 20850: 72039, 20852: 1391, 20853: 1167, 20854: 82080, 20856: 46793, 20858: 70373, 20859: 82070, 20860: 82070, 20861: 63882, 20862: 63882, 20863: 82070, 20864: 395, 20872: 953, 20873: 35245, 20874: 0, 20875: 91053, 20876: 13828, 20877: 57972, 20881: 57417, 20883: 57639, 20884: 83288, 20885: 57417, 20886: 78631, 20887: 71117, 20888: 63882, 20889: 57381, 20890: 59008, 20891: 70500, 20892: 82070, 20894: 69990, 20895: 63270, 20897: 226, 20900: 953, 20901: 1223, 20902: 72039, 20904: 1300, 20905: 44206, 20906: 75453, 20907: 65941, 20909: 65877, 20910: 70342, 20911: 69995, 20913: 73383, 20916: 57309, 20917: 63882, 20918: 57290, 20919: 87001, 20921: 72051, 20922: 84328, 20923: 690, 20925: 1294, 20926: 65941, 20928: 72051, 20929: 85710, 20930: 61726, 20931: 64790, 20932: 69995, 20933: 805, 20934: 63099, 20935: 63882, 20936: 58543, 20937: 146, 20938: 1193, 20939: 35259, 20940: 72051, 20941: 82070, 20942: 67720, 20943: 48922, 20944: 64790, 20948: 63882, 20949: 57639, 20950: 72039, 20951: 64790, 20953: 63099, 20954: 48922, 20955: 1457, 20956: 63099, 20958: 1188, 20959: 87001, 20960: 64790, 20961: 1054, 20962: 51797, 20963: 1193, 20964: 83288, 20965: 57639, 20966: 1399, 20967: 85710, 20968: 59008, 20969: 70500, 20970: 65877, 20971: 52945, 20973: 1116, 20974: 57639, 20975: 63270, 20977: 57070, 20978: 57972, 20979: 1288, 20980: 64727, 20981: 57309, 20982: 72039, 20983: 1502, 20985: 65877, 20986: 1399, 20987: 1399, 20988: 1502, 20990: 1116, 20992: 70500, 20993: 72039, 20995: 63756, 20997: 87001, 20998: 63882, 20999: 87001, 21000: 82070, 21001: 48266, 21002: 1357, 21003: 83288, 21005: 65877, 21006: 57290, 21007: 1288, 21008: 686, 21009: 63882, 21011: 84328, 21012: 87001, 21013: 57417, 21014: 57972, 21015: 85700, 21016: 64790, 21017: 70500, 21018: 35245, 21019: 91053, 21020: 1347, 21021: 44206, 21022: 52945, 21023: 63270, 21028: 85700, 21030: 86055, 21032: 57417, 21033: 85710, 21034: 2048, 21035: 226, 21036: 67720, 21037: 68650, 21038: 395, 21039: 67720, 21041: 1193, 21043: 75379, 21045: 1300, 21047: 52945, 21050: 83288, 21053: 1294, 21055: 82080, 21056: 57381, 21057: 0, 21058: 1161, 21059: 395, 21060: 395, 21061: 78645, 21062: 78645, 21063: 1543, 21064: 46494, 21065: 68173, 21066: 44206, 21067: 1259, 21068: 46494, 21069: 48922, 21070: 1107, 21072: 69990, 21073: 1167, 21074: 67720, 21075: 78645, 21077: 1540, 21084: 1617, 21085: 87984, 21086: 80140, 21087: 90998, 21091: 1357, 21092: 1457, 21093: 85646, 21096: 57649, 21097: 57649, 21098: 63099, 21099: 2114, 21100: 74355, 21101: 2114, 21102: 56939, 21103: 1107, 21104: 91053, 21105: 2076, 21106: 57649, 21107: 57972, 21108: 74355, 21109: 53429, 21110: 80140, 21112: 1540, 21113: 57649, 21115: 89226, 21116: 57649, 21117: 74355, 21118: 58096, 21119: 80140, 21120: 80140, 21121: 56939, 21123: 56939, 21124: 2076, 21125: 53429, 21126: 53429, 21127: 88653, 21128: 74355, 21129: 2114, 21130: 74355, 21132: 57649, 21133: 90998, 21134: 57649, 21135: 80140, 21136: 57649, 21138: 53429, 21139: 89226, 21140: 57649, 21141: 87984, 21142: 80140, 21143: 74355, 21144: 2114, 21145: 2346, 21146: 89226, 21147: 2076, 21148: 53429, 21149: 56939, 21150: 86157, 21151: 2076, 21153: 74355, 21154: 146, 21155: 86213, 21156: 86157, 21157: 1188, 21159: 89226, 21163: 1288, 21164: 86157, 21165: 87984, 21166: 86213, 21167: 87984, 21168: 87984, 21170: 2346, 21171: 56939, 21172: 56939, 21173: 86213, 21174: 2076, 21175: 1188, 21176: 86213, 21177: 56939, 21178: 57649, 21179: 86213, 21180: 90998, 21181: 2114, 21182: 0, 21184: 86157, 21185: 0, 21186: 2076, 21187: 0, 21188: 1223, 21189: 0, 21190: 1457, 21191: 184, 21192: 65941, 21193: 1193, 21194: 0, 21195: 57290, 21196: 849, 21197: 53429, 21198: 74355, 21199: 2076, 21203: 86213, 21205: 2346, 21206: 90998, 21208: 87984, 21209: 89226, 21223: 743, 21226: 683, 21227: 449, 21228: 57290, 21229: 519, 21230: 57290, 21231: 1107, 21232: 57381, 21233: 82080, 21234: 82080, 21235: 522, 21236: 82080, 21237: 57290, 21238: 71117, 21239: 0, 21240: 805, 21241: 46494, 21244: 1173, 21249: 80479, 21262: 1391, 21265: 75421, 21271: 75453, 21279: 91053, 21280: 57639, 21288: 1188, 21290: 65941, 21298: 52945, 21303: 57455, 21304: 226, 21305: 88486, 21306: 1457, 21307: 226, 21308: 765, 21311: 46494, 21312: 63756, 21313: 35259, 21314: 88486, 21315: 64790, 21316: 63756, 21317: 1113, 21318: 64790, 21319: 1347, 21322: 82080, 21324: 395, 21325: 78626, 21326: 13828, 21327: 395, 21328: 13828, 21329: 550, 21331: 65877, 21333: 51797, 21334: 57455, 21335: 1113, 21336: 85669, 21338: 226, 21339: 71117, 21340: 1457, 21341: 1294, 21344: 51797, 21345: 0, 21346: 70500, 21348: 1193, 21349: 0, 21351: 72051, 21354: 13828, 21356: 57309, 21357: 64727, 21358: 226, 21363: 1412, 21366: 51797, 21369: 1347, 21370: 1357, 21378: 1014, 21384: 46494, 21398: 550, 21445: 53429, 21446: 57070, 21447: 1399, 21448: 69990, 21450: 78645, 21454: 48922, 21455: 1014, 21460: 1482, 21462: 1585, 21463: 75453, 21465: 0, 21468: 1391, 21470: 226, 21474: 686, 21475: 1012, 21477: 91896, 21478: 61726, 21479: 1107, 21480: 519, 21481: 1161, 21482: 1161, 21483: 70373, 21484: 69995, 21487: 51797, 21488: 65161, 21489: 91053, 21490: 1259, 21491: 1113, 21492: 1161, 21493: 50453, 21494: 342}",0.0,filho
621719.964341666,Cruzamento,1733628248.8883445,3,"{20331: 57455, 20332: 75421, 20333: 1583, 20334: 1291, 20335: 65341, 20336: 65341, 20337: 58096, 20338: 184, 20339: 1617, 20340: 57070, 20341: 184, 20342: 1347, 20343: 1489, 20344: 1489, 20345: 13699, 20346: 70342, 20347: 69242, 20348: 70373, 20349: 849, 20350: 48266, 20351: 75453, 20352: 75421, 20353: 69242, 20354: 57309, 20355: 48266, 20356: 1482, 20357: 849, 20358: 58096, 20359: 1412, 20360: 70342, 20361: 82085, 20362: 1489, 20363: 70342, 20364: 765, 20365: 57309, 20366: 57309, 20367: 1617, 20368: 77145, 20369: 65341, 20370: 48266, 20371: 1347, 20372: 70373, 20373: 1084, 20378: 58096, 20379: 1412, 20380: 686, 20381: 849, 20383: 13699, 20384: 1391, 20385: 68182, 20386: 1412, 20387: 1084, 20388: 1291, 20389: 1412, 20392: 57309, 20393: 63099, 20394: 75453, 20395: 1583, 20396: 1585, 20397: 1412, 20398: 1583, 20399: 743, 20400: 57455, 20401: 57070, 20402: 70342, 20403: 57257, 20404: 1288, 20405: 728, 20406: 67720, 20407: 57455, 20408: 683, 20409: 70342, 20410: 1617, 20411: 67720, 20412: 913, 20413: 1617, 20414: 1188, 20415: 1543, 20416: 683, 20417: 82080, 20418: 57455, 20419: 67720, 20421: 1583, 20422: 65341, 20423: 82080, 20427: 46494, 20428: 683, 20429: 1259, 20432: 449, 20433: 1543, 20434: 48922, 20436: 46494, 20437: 69242, 20438: 1543, 20439: 1543, 20440: 70342, 20441: 69985, 20442: 182, 20443: 1502, 20444: 67720, 20445: 46494, 20446: 1585, 20447: 57381, 20449: 63270, 20450: 1585, 20451: 70342, 20452: 1012, 20453: 69995, 20454: 52945, 20455: 54448, 20456: 51797, 20457: 35245, 20458: 65161, 20459: 913, 20460: 1161, 20461: 54448, 20462: 54448, 20463: 49332, 20465: 1412, 20466: 1585, 20467: 184, 20468: 44206, 20469: 59008, 20471: 522, 20472: 13828, 20473: 1259, 20475: 57381, 20476: 1502, 20481: 57290, 20482: 63270, 20484: 1012, 20485: 35245, 20486: 913, 20487: 1188, 20488: 805, 20489: 44206, 20490: 519, 20491: 1585, 20492: 69242, 20493: 1107, 20494: 44206, 20495: 69990, 20496: 686, 20497: 54448, 20499: 65877, 20501: 226, 20503: 85669, 20504: 1161, 20505: 83288, 20506: 1357, 20507: 62344, 20508: 69995, 20509: 54448, 20510: 52945, 20511: 64727, 20512: 70342, 20513: 69990, 20514: 70500, 20515: 0, 20517: 226, 20518: 75379, 20519: 80479, 20520: 52945, 20521: 1012, 20522: 75379, 20523: 690, 20524: 68173, 20525: 1585, 20527: 46494, 20528: 1288, 20530: 743, 20531: 69990, 20532: 1502, 20533: 1291, 20534: 913, 20535: 67720, 20536: 35259, 20537: 743, 20538: 1014, 20539: 48922, 20540: 59008, 20541: 68173, 20542: 1014, 20543: 743, 20544: 1617, 20545: 69990, 20546: 743, 20547: 1543, 20549: 85646, 20550: 50588, 20552: 44206, 20553: 35259, 20554: 69990, 20555: 1502, 20556: 1540, 20557: 63756, 20558: 57070, 20559: 65877, 20560: 85669, 20561: 75453, 20563: 1391, 20564: 1167, 20565: 63756, 20567: 61726, 20569: 46793, 20570: 1347, 20571: 44206, 20572: 728, 20573: 68173, 20574: 71117, 20575: 67720, 20576: 35259, 20577: 69990, 20578: 91896, 20579: 1617, 20580: 69985, 20581: 449, 20582: 44206, 20583: 68173, 20584: 91896, 20585: 58543, 20587: 913, 20588: 913, 20589: 63756, 20590: 743, 20591: 71117, 20592: 728, 20593: 69985, 20594: 690, 20595: 182, 20596: 69990, 20597: 1347, 20599: 1012, 20600: 57639, 20601: 80479, 20602: 226, 20605: 35245, 20606: 69995, 20607: 1161, 20608: 2048, 20609: 63756, 20610: 63099, 20611: 85710, 20612: 85710, 20613: 85669, 20614: 85669, 20615: 953, 20616: 75453, 20617: 1107, 20618: 69990, 20619: 69995, 20620: 61726, 20621: 686, 20622: 61726, 20624: 686, 20625: 1116, 20626: 61726, 20628: 1054, 20630: 75379, 20631: 1107, 20633: 1259, 20634: 182, 20635: 13699, 20636: 66626, 20637: 70373, 20638: 1288, 20639: 85669, 20640: 1391, 20641: 1193, 20642: 85669, 20643: 58096, 20645: 1391, 20646: 57639, 20647: 62344, 20648: 58096, 20650: 62344, 20651: 686, 20652: 953, 20653: 1193, 20654: 52945, 20655: 1084, 20656: 51797, 20659: 913, 20661: 1161, 20662: 849, 20663: 64727, 20669: 1502, 20670: 1540, 20671: 73235, 20672: 75379, 20673: 78631, 20675: 75379, 20676: 62344, 20677: 57639, 20678: 57309, 20680: 1188, 20681: 1107, 20684: 395, 20688: 1288, 20689: 66626, 20690: 64727, 20692: 57257, 20693: 78631, 20694: 64727, 20695: 48266, 20696: 1173, 20697: 69242, 20698: 85669, 20699: 50588, 20700: 54448, 20701: 1173, 20702: 62344, 20703: 1173, 20704: 913, 20705: 50588, 20706: 75421, 20707: 69995, 20708: 57972, 20709: 1161, 20710: 1161, 20711: 395, 20712: 0, 20713: 48266, 20714: 52945, 20715: 46494, 20716: 913, 20717: 62344, 20719: 54448, 20720: 1347, 20721: 70342, 20722: 73383, 20723: 63099, 20724: 46793, 20725: 58543, 20726: 0, 20727: 1012, 20729: 1084, 20730: 83288, 20731: 1014, 20732: 85710, 20734: 743, 20735: 57972, 20736: 67720, 20737: 46494, 20739: 1391, 20740: 1014, 20741: 63756, 20742: 1357, 20743: 1012, 20744: 52945, 20746: 57070, 20747: 1154, 20748: 85687, 20749: 46494, 20750: 1502, 20751: 75453, 20752: 85669, 20754: 690, 20757: 1161, 20758: 80479, 20759: 1193, 20761: 1482, 20762: 1482, 20763: 58096, 20764: 75453, 20765: 686, 20766: 1482, 20768: 0, 20769: 519, 20770: 77145, 20773: 68650, 20774: 57417, 20775: 1182, 20777: 1347, 20778: 57070, 20779: 70500, 20781: 68650, 20782: 54448, 20784: 1167, 20785: 68650, 20786: 1300, 20789: 690, 20790: 1540, 20791: 1617, 20792: 849, 20793: 184, 20794: 49332, 20795: 805, 20796: 78631, 20797: 69242, 20798: 70373, 20799: 2048, 20800: 1482, 20802: 69242, 20803: 1154, 20804: 1154, 20805: 2048, 20806: 58543, 20807: 805, 20808: 85687, 20809: 82085, 20810: 63099, 20811: 49332, 20813: 57070, 20814: 184, 20815: 85687, 20816: 765, 20817: 82067, 20818: 1116, 20819: 44206, 20820: 57639, 20821: 1012, 20822: 1107, 20823: 1259, 20824: 1399, 20825: 75379, 20826: 85710, 20827: 83288, 20828: 226, 20829: 182, 20831: 57290, 20832: 1116, 20833: 57257, 20834: 54448, 20835: 69990, 20836: 765, 20837: 70373, 20838: 62344, 20840: 1182, 20841: 57455, 20842: 44206, 20843: 69995, 20844: 1084, 20845: 849, 20846: 1300, 20850: 65877, 20852: 1617, 20853: 1167, 20854: 13828, 20856: 46793, 20858: 70373, 20859: 63882, 20860: 63882, 20861: 82070, 20862: 82070, 20863: 82070, 20864: 226, 20872: 953, 20873: 184, 20874: 0, 20875: 78631, 20876: 73383, 20877: 82070, 20881: 75453, 20883: 67720, 20884: 82070, 20885: 91053, 20886: 64727, 20887: 1054, 20888: 65877, 20889: 1347, 20890: 57309, 20891: 85646, 20892: 72039, 20894: 65877, 20895: 75453, 20897: 69995, 20900: 1054, 20901: 1223, 20902: 72039, 20904: 67720, 20905: 69985, 20906: 57309, 20907: 65161, 20909: 65877, 20910: 69985, 20911: 1182, 20913: 82080, 20916: 1054, 20917: 63882, 20918: 48922, 20919: 72039, 20921: 52945, 20922: 84328, 20923: 1543, 20925: 1294, 20926: 1300, 20928: 64790, 20929: 51797, 20930: 0, 20931: 85700, 20932: 63756, 20933: 57290, 20934: 63099, 20935: 82070, 20936: 64790, 20937: 1193, 20938: 1193, 20939: 1014, 20940: 91053, 20941: 84328, 20942: 69995, 20943: 72051, 20944: 57639, 20948: 63882, 20949: 146, 20950: 63882, 20951: 63270, 20953: 63099, 20954: 35259, 20955: 226, 20956: 1288, 20958: 58543, 20959: 87001, 20960: 1399, 20961: 1502, 20962: 51797, 20963: 0, 20964: 57972, 20965: 1193, 20966: 1288, 20967: 1502, 20968: 59008, 20969: 72051, 20970: 87001, 20971: 0, 20973: 1502, 20974: 146, 20975: 63270, 20977: 69995, 20978: 85710, 20979: 0, 20980: 0, 20981: 91053, 20982: 57972, 20983: 63756, 20985: 87001, 20986: 57417, 20987: 0, 20988: 85710, 20990: 63756, 20992: 63270, 20993: 57972, 20995: 1054, 20997: 87001, 20998: 82070, 20999: 57972, 21000: 63882, 21001: 49332, 21002: 46494, 21003: 57972, 21005: 83288, 21006: 1188, 21007: 184, 21008: 226, 21009: 83288, 21011: 84328, 21012: 63882, 21013: 1543, 21014: 65877, 21015: 59008, 21016: 48266, 21017: 65941, 21018: 58543, 21019: 59008, 21020: 35259, 21021: 72051, 21022: 2048, 21023: 57070, 21028: 86055, 21030: 85700, 21032: 1457, 21033: 57417, 21034: 1288, 21035: 91053, 21036: 35259, 21037: 1399, 21038: 57290, 21039: 64790, 21041: 63756, 21043: 75379, 21045: 1193, 21047: 52945, 21050: 57639, 21053: 1294, 21055: 57381, 21056: 82080, 21057: 449, 21058: 1391, 21059: 519, 21060: 1107, 21061: 78645, 21062: 1107, 21063: 68173, 21064: 1188, 21065: 72051, 21066: 1543, 21067: 70342, 21068: 69985, 21069: 728, 21070: 69990, 21072: 0, 21073: 1288, 21074: 35259, 21075: 78645, 21077: 1540, 21084: 1617, 21085: 87984, 21086: 80140, 21087: 2346, 21091: 1502, 21092: 44206, 21093: 2048, 21096: 2114, 21097: 80140, 21098: 63099, 21099: 2114, 21100: 2076, 21101: 53429, 21102: 88653, 21103: 1116, 21104: 85700, 21105: 56939, 21106: 2076, 21107: 62344, 21108: 2346, 21109: 89226, 21110: 80140, 21112: 73235, 21113: 74355, 21115: 57649, 21116: 56939, 21117: 2346, 21118: 75379, 21119: 2076, 21120: 86213, 21121: 80140, 21123: 88653, 21124: 86213, 21125: 2114, 21126: 74355, 21127: 56939, 21128: 74355, 21129: 53429, 21130: 57649, 21132: 2114, 21133: 87984, 21134: 53429, 21135: 2346, 21136: 57649, 21138: 53429, 21139: 89226, 21140: 57649, 21141: 86213, 21142: 88653, 21143: 74355, 21144: 2114, 21145: 57649, 21146: 89226, 21147: 2114, 21148: 57649, 21149: 80140, 21150: 86157, 21151: 87984, 21153: 2346, 21154: 146, 21155: 80140, 21156: 86157, 21157: 1223, 21159: 89226, 21163: 1188, 21164: 86213, 21165: 86213, 21166: 90998, 21167: 56939, 21168: 56939, 21170: 88653, 21171: 2076, 21172: 88653, 21173: 86213, 21174: 87984, 21175: 57417, 21176: 57649, 21177: 80140, 21178: 56939, 21179: 53429, 21180: 88653, 21181: 57649, 21182: 53429, 21184: 2076, 21185: 2076, 21186: 2076, 21187: 0, 21188: 0, 21189: 0, 21190: 57309, 21191: 184, 21192: 70500, 21193: 85700, 21194: 0, 21195: 69995, 21196: 69990, 21197: 53429, 21198: 2114, 21199: 86213, 21203: 88653, 21205: 53429, 21206: 90998, 21208: 87984, 21209: 90942, 21223: 728, 21226: 69990, 21227: 75958, 21228: 68173, 21229: 395, 21230: 48922, 21231: 519, 21232: 683, 21233: 78645, 21234: 1259, 21235: 57381, 21236: 57290, 21237: 1543, 21238: 71117, 21239: 73383, 21240: 71117, 21241: 743, 21244: 50588, 21249: 1012, 21262: 75453, 21265: 1482, 21271: 65941, 21279: 78631, 21280: 57309, 21288: 63756, 21290: 70500, 21298: 78631, 21303: 64790, 21304: 1457, 21305: 1107, 21306: 1294, 21307: 57455, 21308: 1357, 21311: 1357, 21312: 85669, 21313: 1357, 21314: 765, 21315: 64790, 21316: 1113, 21317: 1457, 21318: 1347, 21319: 51797, 21322: 73383, 21324: 395, 21325: 805, 21326: 71117, 21327: 35259, 21328: 46494, 21329: 46494, 21331: 57972, 21333: 57455, 21334: 51797, 21335: 1113, 21336: 1167, 21338: 1054, 21339: 226, 21340: 1054, 21341: 1294, 21344: 1543, 21345: 0, 21346: 59008, 21348: 63099, 21349: 184, 21351: 1259, 21354: 550, 21356: 90927, 21357: 85646, 21358: 1457, 21363: 82085, 21366: 85700, 21369: 71117, 21370: 765, 21378: 1014, 21384: 1543, 21398: 805, 21445: 74355, 21446: 57639, 21447: 686, 21448: 690, 21450: 48922, 21454: 57290, 21455: 0, 21460: 0, 21462: 1585, 21463: 75379, 21465: 0, 21468: 686, 21470: 1502, 21474: 1457, 21475: 85710, 21477: 0, 21478: 1399, 21479: 1347, 21480: 13828, 21481: 1357, 21482: 58096, 21483: 0, 21484: 849, 21487: 0, 21488: 65161, 21489: 51797, 21490: 82080, 21491: 245, 21492: 85710, 21493: 342, 21494: 50453}",0.0,filho
625851.3866580002,Cruzamento,1733628248.8883445,3,"{20331: 75421, 20332: 1489, 20333: 49332, 20334: 49332, 20335: 1489, 20336: 48266, 20337: 1291, 20338: 58096, 20339: 1291, 20340: 58096, 20341: 184, 20342: 1489, 20343: 849, 20344: 70342, 20345: 1084, 20346: 57257, 20347: 70373, 20348: 75453, 20349: 75421, 20350: 75421, 20351: 69242, 20352: 75453, 20353: 1347, 20354: 1084, 20355: 48266, 20356: 57309, 20357: 1084, 20358: 2048, 20359: 48266, 20360: 1182, 20361: 2048, 20362: 1617, 20363: 69990, 20364: 1291, 20365: 57309, 20366: 82085, 20367: 70171, 20368: 1391, 20369: 57309, 20370: 70373, 20371: 1347, 20372: 57070, 20373: 1412, 20378: 1182, 20379: 82085, 20380: 69242, 20381: 686, 20383: 1482, 20384: 57257, 20385: 68182, 20386: 1084, 20387: 13699, 20388: 57257, 20389: 1084, 20392: 46793, 20393: 1291, 20394: 51797, 20395: 46793, 20396: 683, 20397: 82085, 20398: 48266, 20399: 35259, 20400: 1482, 20401: 1182, 20402: 1617, 20403: 2048, 20404: 57381, 20405: 1347, 20406: 44206, 20407: 1617, 20408: 683, 20409: 449, 20410: 1502, 20411: 743, 20412: 35245, 20413: 49332, 20414: 395, 20415: 57455, 20416: 1014, 20417: 728, 20418: 1585, 20419: 67720, 20421: 849, 20422: 69990, 20423: 1585, 20427: 1014, 20428: 1259, 20429: 78645, 20432: 1259, 20433: 46494, 20434: 690, 20436: 44206, 20437: 78645, 20438: 48922, 20439: 57290, 20440: 46494, 20441: 1014, 20442: 743, 20443: 522, 20444: 59008, 20445: 182, 20446: 1502, 20447: 1107, 20449: 52945, 20450: 70342, 20451: 80479, 20452: 1161, 20453: 46793, 20454: 57455, 20455: 913, 20456: 1585, 20457: 50588, 20458: 65161, 20459: 46793, 20460: 1012, 20461: 63270, 20462: 70500, 20463: 1412, 20465: 65341, 20466: 70342, 20467: 57070, 20468: 82080, 20469: 59008, 20471: 44206, 20472: 522, 20473: 805, 20475: 1259, 20476: 1585, 20481: 71117, 20482: 913, 20484: 80479, 20485: 75379, 20486: 54448, 20487: 82080, 20488: 67720, 20489: 35259, 20490: 690, 20491: 46494, 20492: 1259, 20493: 69242, 20494: 522, 20495: 78645, 20496: 57070, 20497: 226, 20499: 1357, 20501: 1054, 20503: 69995, 20504: 69995, 20505: 65877, 20506: 765, 20507: 1288, 20508: 54448, 20509: 226, 20510: 913, 20511: 85646, 20512: 54448, 20513: 1583, 20514: 1543, 20515: 52945, 20517: 54448, 20518: 226, 20519: 85646, 20520: 1585, 20521: 63756, 20522: 63756, 20523: 1014, 20524: 1543, 20525: 67720, 20527: 1585, 20528: 70342, 20530: 57381, 20531: 690, 20532: 1347, 20533: 1391, 20534: 35245, 20535: 75958, 20536: 48922, 20537: 71117, 20538: 69985, 20539: 1347, 20540: 59008, 20541: 91896, 20542: 449, 20543: 68173, 20544: 48922, 20545: 743, 20546: 1014, 20547: 57290, 20549: 52945, 20550: 913, 20552: 1347, 20553: 1288, 20554: 1617, 20555: 83288, 20556: 46494, 20557: 58096, 20558: 57070, 20559: 1167, 20560: 1116, 20561: 65877, 20563: 75379, 20564: 69990, 20565: 849, 20567: 57070, 20569: 63756, 20570: 68173, 20571: 48922, 20572: 1014, 20573: 75958, 20574: 75958, 20575: 1288, 20576: 70342, 20577: 67720, 20578: 69990, 20579: 728, 20580: 35259, 20581: 59008, 20582: 690, 20583: 68173, 20584: 69990, 20585: 57639, 20587: 35245, 20588: 52945, 20589: 35245, 20590: 1585, 20591: 395, 20592: 519, 20593: 69990, 20594: 48922, 20595: 1502, 20596: 743, 20597: 683, 20599: 63756, 20600: 52945, 20601: 913, 20602: 35245, 20605: 35245, 20606: 1173, 20607: 54448, 20608: 57417, 20609: 1585, 20610: 68182, 20611: 85669, 20612: 85669, 20613: 1107, 20614: 1288, 20615: 71117, 20616: 57309, 20617: 85710, 20618: 1540, 20619: 953, 20620: 85710, 20621: 226, 20622: 61726, 20624: 85710, 20625: 69990, 20626: 1182, 20628: 61726, 20630: 64727, 20631: 395, 20633: 69990, 20634: 1259, 20635: 1482, 20636: 1161, 20637: 13699, 20638: 1300, 20639: 57639, 20640: 62344, 20641: 1193, 20642: 58096, 20643: 52945, 20645: 1391, 20646: 953, 20647: 62344, 20648: 52945, 20650: 686, 20651: 62344, 20652: 1193, 20653: 686, 20654: 85669, 20655: 13699, 20656: 75453, 20659: 66626, 20661: 63756, 20662: 849, 20663: 913, 20669: 91896, 20670: 73235, 20671: 57639, 20672: 62344, 20673: 57639, 20675: 78631, 20676: 65877, 20677: 65877, 20678: 75453, 20680: 71117, 20681: 1107, 20684: 44206, 20688: 805, 20689: 66626, 20690: 54448, 20692: 75453, 20693: 62344, 20694: 1585, 20695: 57257, 20696: 54448, 20697: 46793, 20698: 78631, 20699: 75379, 20700: 50588, 20701: 64727, 20702: 1054, 20703: 1173, 20704: 66626, 20705: 64727, 20706: 69990, 20707: 913, 20708: 1161, 20709: 1161, 20710: 1161, 20711: 1014, 20712: 0, 20713: 70342, 20714: 52945, 20715: 728, 20716: 70342, 20717: 78631, 20719: 50588, 20720: 63099, 20721: 46793, 20722: 805, 20723: 69242, 20724: 80479, 20725: 57639, 20726: 0, 20727: 65877, 20729: 1294, 20730: 1357, 20731: 48922, 20732: 1502, 20734: 805, 20735: 1540, 20736: 1188, 20737: 72051, 20739: 1540, 20740: 1259, 20741: 1347, 20742: 1391, 20743: 1457, 20744: 68650, 20746: 85687, 20747: 1223, 20748: 75379, 20749: 57070, 20750: 46494, 20751: 1502, 20752: 85687, 20754: 1585, 20757: 1012, 20758: 57455, 20759: 0, 20761: 63099, 20762: 1482, 20763: 1617, 20764: 63099, 20765: 70373, 20766: 70373, 20768: 184, 20769: 395, 20770: 77145, 20773: 63270, 20774: 1167, 20775: 57070, 20777: 57070, 20778: 146, 20779: 1223, 20781: 57290, 20782: 226, 20784: 146, 20785: 146, 20786: 57455, 20789: 1188, 20790: 58543, 20791: 849, 20792: 1347, 20793: 1543, 20794: 49332, 20795: 522, 20796: 2048, 20797: 70373, 20798: 69242, 20799: 2048, 20800: 75421, 20802: 91896, 20803: 63270, 20804: 146, 20805: 13699, 20806: 686, 20807: 1107, 20808: 85687, 20809: 57257, 20810: 686, 20811: 46793, 20813: 1347, 20814: 82085, 20815: 82067, 20816: 1489, 20817: 82067, 20818: 1357, 20819: 67720, 20820: 58543, 20821: 1391, 20822: 57070, 20823: 1107, 20824: 69995, 20825: 1182, 20826: 395, 20827: 1182, 20828: 85710, 20829: 69985, 20831: 58543, 20832: 75379, 20833: 75421, 20834: 72051, 20835: 1012, 20836: 765, 20837: 0, 20838: 61726, 20840: 184, 20841: 75421, 20842: 85710, 20843: 1457, 20844: 1294, 20845: 61726, 20846: 1288, 20850: 83288, 20852: 90927, 20853: 1167, 20854: 743, 20856: 0, 20858: 57070, 20859: 82070, 20860: 63882, 20861: 63882, 20862: 82070, 20863: 82070, 20864: 35245, 20872: 953, 20873: 226, 20874: 0, 20875: 75453, 20876: 73383, 20877: 83288, 20881: 57417, 20883: 59008, 20884: 83288, 20885: 64727, 20886: 59008, 20887: 765, 20888: 83288, 20889: 46494, 20890: 64727, 20891: 75379, 20892: 65877, 20894: 1167, 20895: 70500, 20897: 226, 20900: 1182, 20901: 57455, 20902: 82070, 20904: 85700, 20905: 1502, 20906: 686, 20907: 91053, 20909: 0, 20910: 182, 20911: 65877, 20913: 72051, 20916: 765, 20917: 63882, 20918: 805, 20919: 82070, 20921: 63099, 20922: 87001, 20923: 449, 20925: 1294, 20926: 63756, 20928: 91053, 20929: 85710, 20930: 0, 20931: 65941, 20932: 75453, 20933: 728, 20934: 1193, 20935: 84328, 20936: 85700, 20937: 64790, 20938: 1193, 20939: 1502, 20940: 51797, 20941: 72039, 20942: 1399, 20943: 69985, 20944: 75379, 20948: 57972, 20949: 728, 20950: 63882, 20951: 51797, 20953: 75453, 20954: 69985, 20955: 1107, 20956: 1288, 20958: 146, 20959: 72039, 20960: 1193, 20961: 57972, 20962: 1193, 20963: 69995, 20964: 87001, 20965: 44206, 20966: 67720, 20967: 1502, 20968: 63756, 20969: 58543, 20970: 72039, 20971: 1399, 20973: 1116, 20974: 64790, 20975: 1154, 20977: 1399, 20978: 1012, 20979: 0, 20980: 64727, 20981: 1223, 20982: 87001, 20983: 1502, 20985: 87001, 20986: 57639, 20987: 63756, 20988: 1116, 20990: 1054, 20992: 35245, 20993: 83288, 20995: 1054, 20997: 57972, 20998: 63882, 20999: 72039, 21000: 82070, 21001: 67720, 21002: 58096, 21003: 87001, 21005: 72039, 21006: 57417, 21007: 1457, 21008: 65877, 21009: 63882, 21011: 72039, 21012: 84328, 21013: 57639, 21014: 72039, 21015: 85700, 21016: 65941, 21017: 91053, 21018: 48266, 21019: 72051, 21020: 690, 21021: 1543, 21022: 52945, 21023: 1188, 21028: 86055, 21030: 85700, 21032: 57417, 21033: 1154, 21034: 57455, 21035: 1457, 21036: 71117, 21037: 1300, 21038: 85710, 21039: 146, 21041: 59008, 21043: 226, 21045: 65941, 21047: 86055, 21050: 686, 21053: 1294, 21055: 82080, 21056: 1585, 21057: 1107, 21058: 1399, 21059: 395, 21060: 519, 21061: 1259, 21062: 683, 21063: 48922, 21064: 1107, 21065: 1188, 21066: 449, 21067: 78645, 21068: 690, 21069: 73383, 21070: 57381, 21072: 1107, 21073: 1182, 21074: 59008, 21075: 78645, 21077: 1540, 21084: 1617, 21085: 2114, 21086: 90942, 21087: 90998, 21091: 1357, 21092: 1357, 21093: 1457, 21096: 56939, 21097: 56939, 21098: 64790, 21099: 2114, 21100: 56939, 21101: 88653, 21102: 53429, 21103: 1116, 21104: 63099, 21105: 88653, 21106: 2076, 21107: 65877, 21108: 57649, 21109: 2346, 21110: 89226, 21112: 61726, 21113: 2114, 21115: 53429, 21116: 74355, 21117: 2346, 21118: 88486, 21119: 2076, 21120: 86213, 21121: 80140, 21123: 80140, 21124: 90998, 21125: 57649, 21126: 74355, 21127: 80140, 21128: 53429, 21129: 53429, 21130: 2114, 21132: 53429, 21133: 87984, 21134: 74355, 21135: 89226, 21136: 57649, 21138: 74355, 21139: 2076, 21140: 57649, 21141: 53429, 21142: 2076, 21143: 74355, 21144: 2114, 21145: 57649, 21146: 89226, 21147: 80140, 21148: 89226, 21149: 80140, 21150: 86157, 21151: 87984, 21153: 89226, 21154: 57417, 21155: 80140, 21156: 86213, 21157: 1223, 21159: 2346, 21163: 44206, 21164: 86213, 21165: 86213, 21166: 2076, 21167: 2076, 21168: 56939, 21170: 56939, 21171: 86213, 21172: 86213, 21173: 2076, 21174: 2076, 21175: 1223, 21176: 90998, 21177: 87984, 21178: 57649, 21179: 87984, 21180: 57649, 21181: 87984, 21182: 86157, 21184: 86157, 21185: 0, 21186: 56939, 21187: 0, 21188: 0, 21189: 0, 21190: 75379, 21191: 184, 21192: 1347, 21193: 63756, 21194: 0, 21195: 1399, 21196: 1347, 21197: 57649, 21198: 53429, 21199: 87984, 21203: 87984, 21205: 80140, 21206: 87984, 21208: 87984, 21209: 80140, 21223: 46494, 21226: 395, 21227: 48922, 21228: 1107, 21229: 395, 21230: 1259, 21231: 395, 21232: 44206, 21233: 57381, 21234: 59008, 21235: 78645, 21236: 68173, 21237: 1288, 21238: 71117, 21239: 805, 21240: 728, 21241: 449, 21244: 50588, 21249: 1161, 21262: 58096, 21265: 70373, 21271: 85700, 21279: 1391, 21280: 59008, 21288: 78631, 21290: 63756, 21298: 52945, 21303: 226, 21304: 1540, 21305: 1294, 21306: 71117, 21307: 1457, 21308: 1294, 21311: 85669, 21312: 1294, 21313: 1113, 21314: 1113, 21315: 728, 21316: 1357, 21317: 71117, 21318: 226, 21319: 765, 21322: 71117, 21324: 395, 21325: 550, 21326: 57455, 21327: 1347, 21328: 35259, 21329: 78626, 21331: 57972, 21333: 51797, 21334: 0, 21335: 1054, 21336: 1540, 21338: 1540, 21339: 1054, 21340: 88486, 21341: 51797, 21344: 1288, 21345: 72039, 21346: 85646, 21348: 1193, 21349: 184, 21351: 449, 21354: 519, 21356: 82085, 21357: 64727, 21358: 35245, 21363: 1291, 21366: 70500, 21369: 1357, 21370: 226, 21378: 69990, 21384: 1188, 21398: 519, 21445: 57649, 21446: 1107, 21447: 1540, 21448: 71117, 21450: 1259, 21454: 46494, 21455: 683, 21460: 0, 21462: 57381, 21463: 78631, 21465: 0, 21468: 1116, 21470: 1347, 21474: 1357, 21475: 1012, 21477: 75958, 21478: 1399, 21479: 1167, 21480: 78626, 21481: 849, 21482: 190, 21483: 0, 21484: 1167, 21487: 72051, 21488: 65161, 21489: 65941, 21490: 1188, 21491: 245, 21492: 190, 21493: 342, 21494: 50453}",0.0,filho
640263.9173586655,Cruzamento,1733628252.0337634,4,"{20331: 57070, 20332: 1182, 20333: 57309, 20334: 65341, 20335: 1412, 20336: 1412, 20337: 1084, 20338: 1482, 20339: 1617, 20340: 49332, 20341: 1583, 20342: 69242, 20343: 69990, 20344: 1182, 20345: 70342, 20346: 1583, 20347: 1084, 20348: 69242, 20349: 1291, 20350: 1291, 20351: 46793, 20352: 46793, 20353: 1084, 20354: 75421, 20355: 51797, 20356: 1412, 20357: 1291, 20358: 2048, 20359: 765, 20360: 48266, 20361: 1583, 20362: 1617, 20363: 1583, 20364: 65341, 20365: 65341, 20366: 90927, 20367: 57309, 20368: 82085, 20369: 70171, 20370: 49332, 20371: 70373, 20372: 48266, 20373: 57455, 20378: 49332, 20379: 48266, 20380: 69242, 20381: 849, 20383: 63099, 20384: 68182, 20385: 57257, 20386: 1412, 20387: 70373, 20388: 1482, 20389: 63099, 20392: 57309, 20393: 69242, 20394: 686, 20395: 1294, 20396: 67720, 20397: 57257, 20398: 58096, 20399: 1585, 20400: 75421, 20401: 48266, 20402: 184, 20403: 75421, 20404: 35259, 20405: 67720, 20406: 728, 20407: 44206, 20408: 71117, 20409: 683, 20410: 743, 20411: 683, 20412: 75379, 20413: 1347, 20414: 71117, 20415: 57381, 20416: 35259, 20417: 82080, 20418: 70342, 20419: 67720, 20421: 57070, 20422: 57257, 20423: 1502, 20427: 1188, 20428: 72051, 20429: 70342, 20432: 1347, 20433: 70342, 20434: 57290, 20436: 46494, 20437: 57290, 20438: 1347, 20439: 68173, 20440: 1014, 20441: 57290, 20442: 743, 20443: 13828, 20444: 91896, 20445: 683, 20446: 57381, 20447: 805, 20449: 35245, 20450: 50588, 20451: 57455, 20452: 75379, 20453: 69995, 20454: 63270, 20455: 913, 20456: 35245, 20457: 63270, 20458: 1585, 20459: 63756, 20460: 63756, 20461: 1161, 20462: 64790, 20463: 69990, 20465: 1294, 20466: 1012, 20467: 184, 20468: 1502, 20469: 182, 20471: 46494, 20472: 69985, 20473: 67720, 20475: 73383, 20476: 728, 20481: 1288, 20482: 52945, 20484: 63270, 20485: 913, 20486: 52945, 20487: 69990, 20488: 1259, 20489: 743, 20490: 1502, 20491: 71117, 20492: 72051, 20493: 46494, 20494: 1502, 20495: 690, 20496: 1182, 20497: 80479, 20499: 78631, 20501: 71117, 20503: 57639, 20504: 1347, 20505: 1347, 20506: 1502, 20507: 765, 20508: 913, 20509: 1161, 20510: 913, 20511: 85646, 20512: 52945, 20513: 68182, 20514: 68650, 20515: 70342, 20517: 52945, 20518: 57455, 20519: 63756, 20520: 46793, 20521: 46793, 20522: 1012, 20523: 1543, 20524: 71117, 20525: 1259, 20527: 70342, 20528: 519, 20530: 1014, 20531: 690, 20532: 1288, 20533: 1291, 20534: 63756, 20535: 69985, 20536: 1014, 20537: 48922, 20538: 68173, 20539: 91896, 20540: 67720, 20541: 70342, 20542: 69990, 20543: 68173, 20544: 35259, 20545: 69985, 20546: 690, 20547: 2048, 20549: 75379, 20550: 35245, 20552: 1288, 20553: 57290, 20554: 395, 20555: 1391, 20556: 57070, 20557: 44206, 20558: 85687, 20559: 686, 20560: 1357, 20561: 69990, 20563: 78631, 20564: 1502, 20565: 85710, 20567: 57070, 20569: 1585, 20570: 1288, 20571: 1585, 20572: 71117, 20573: 91896, 20574: 91896, 20575: 1288, 20576: 68173, 20577: 1347, 20578: 449, 20579: 67720, 20580: 70342, 20581: 743, 20582: 70342, 20583: 690, 20584: 44206, 20585: 1300, 20587: 52945, 20588: 63756, 20589: 1161, 20590: 1014, 20591: 82080, 20592: 57290, 20593: 805, 20594: 743, 20595: 805, 20596: 57381, 20597: 72051, 20599: 51797, 20600: 68650, 20601: 75379, 20602: 226, 20605: 35245, 20606: 1161, 20607: 66626, 20608: 1223, 20609: 75379, 20610: 1084, 20611: 226, 20612: 1288, 20613: 85669, 20614: 1116, 20615: 69995, 20616: 71117, 20617: 1540, 20618: 75453, 20619: 57309, 20620: 61726, 20621: 1540, 20622: 69995, 20624: 69995, 20625: 65877, 20626: 849, 20628: 1107, 20630: 1585, 20631: 728, 20633: 82080, 20634: 73383, 20635: 63099, 20636: 52945, 20637: 1583, 20638: 728, 20639: 58096, 20640: 58096, 20641: 57639, 20642: 62344, 20643: 57639, 20645: 1193, 20646: 1391, 20647: 686, 20648: 62344, 20650: 953, 20651: 686, 20652: 85669, 20653: 85669, 20654: 686, 20655: 68182, 20656: 69242, 20659: 1173, 20661: 66626, 20662: 69990, 20663: 913, 20669: 46494, 20670: 1540, 20671: 73235, 20672: 57639, 20673: 1391, 20675: 65877, 20676: 61726, 20677: 73235, 20678: 35259, 20680: 1107, 20681: 805, 20684: 70342, 20688: 1188, 20689: 69995, 20690: 1585, 20692: 57309, 20693: 1167, 20694: 913, 20695: 1347, 20696: 63756, 20697: 1489, 20698: 58096, 20699: 1173, 20700: 1161, 20701: 69995, 20702: 62344, 20703: 54448, 20704: 50588, 20705: 52945, 20706: 75453, 20707: 75379, 20708: 57309, 20709: 1161, 20710: 0, 20711: 35259, 20712: 52945, 20713: 849, 20714: 52945, 20715: 46494, 20716: 913, 20717: 58096, 20719: 63270, 20720: 75453, 20721: 1012, 20722: 728, 20723: 70373, 20724: 46793, 20725: 62344, 20726: 80479, 20727: 75379, 20729: 69990, 20730: 1054, 20731: 69985, 20732: 1457, 20734: 57290, 20735: 62344, 20736: 73383, 20737: 805, 20739: 75453, 20740: 1259, 20741: 75379, 20742: 85669, 20743: 83288, 20744: 1457, 20746: 85687, 20747: 1347, 20748: 1357, 20749: 1116, 20750: 1357, 20751: 1107, 20752: 61726, 20754: 46494, 20757: 50588, 20758: 57455, 20759: 1193, 20761: 1617, 20762: 1617, 20763: 0, 20764: 75453, 20765: 70373, 20766: 1482, 20768: 184, 20769: 519, 20770: 77145, 20773: 70500, 20774: 75379, 20775: 1489, 20777: 1391, 20778: 70500, 20779: 1457, 20781: 57070, 20782: 1154, 20784: 1288, 20785: 395, 20786: 68650, 20789: 44206, 20790: 58543, 20791: 2048, 20792: 57309, 20793: 1154, 20794: 57070, 20795: 182, 20796: 57070, 20797: 70373, 20798: 2048, 20799: 13699, 20800: 1482, 20802: 82080, 20803: 1543, 20804: 1399, 20805: 70373, 20806: 58543, 20807: 1107, 20808: 82067, 20809: 1182, 20810: 46793, 20811: 49332, 20813: 1347, 20814: 1482, 20815: 82067, 20816: 184, 20817: 85687, 20818: 85710, 20819: 690, 20820: 78631, 20821: 46494, 20822: 75379, 20823: 82080, 20824: 57455, 20825: 83288, 20826: 1188, 20827: 85710, 20828: 1399, 20829: 59008, 20831: 72051, 20832: 1357, 20833: 57257, 20834: 58543, 20835: 44206, 20836: 1182, 20837: 0, 20838: 78631, 20840: 57257, 20841: 765, 20842: 190, 20843: 1543, 20844: 82085, 20845: 190, 20846: 1167, 20850: 72039, 20852: 1391, 20853: 85710, 20854: 1014, 20856: 0, 20858: 48266, 20859: 82070, 20860: 63882, 20861: 63882, 20862: 82070, 20863: 82070, 20864: 395, 20872: 953, 20873: 35245, 20874: 184, 20875: 70500, 20876: 59008, 20877: 82070, 20881: 57417, 20883: 75379, 20884: 65877, 20885: 85646, 20886: 78631, 20887: 61726, 20888: 65877, 20889: 805, 20890: 57639, 20891: 64727, 20892: 65877, 20894: 1457, 20895: 1300, 20897: 71117, 20900: 61726, 20901: 75379, 20902: 72039, 20904: 184, 20905: 44206, 20906: 57309, 20907: 64790, 20909: 0, 20910: 67720, 20911: 69990, 20913: 522, 20916: 1457, 20917: 82070, 20918: 73383, 20919: 72039, 20921: 72051, 20922: 84328, 20923: 68173, 20925: 1294, 20926: 1188, 20928: 48266, 20929: 51797, 20930: 61726, 20931: 51797, 20932: 59008, 20933: 72051, 20934: 63099, 20935: 84328, 20936: 57639, 20937: 54448, 20938: 63099, 20939: 1107, 20940: 1347, 20941: 63882, 20942: 63756, 20943: 728, 20944: 1391, 20948: 57972, 20949: 64727, 20950: 72039, 20951: 1223, 20953: 59008, 20954: 1585, 20955: 1116, 20956: 1399, 20958: 65161, 20959: 57972, 20960: 146, 20961: 1502, 20962: 1223, 20963: 69995, 20964: 83288, 20965: 57639, 20966: 63099, 20967: 1054, 20968: 64727, 20969: 91053, 20970: 83288, 20971: 1193, 20973: 1054, 20974: 146, 20975: 1188, 20977: 78631, 20978: 57972, 20979: 64790, 20980: 64727, 20981: 67720, 20982: 83288, 20983: 1502, 20985: 87001, 20986: 91053, 20987: 59008, 20988: 85710, 20990: 63756, 20992: 64790, 20993: 87001, 20995: 1012, 20997: 83288, 20998: 82070, 20999: 83288, 21000: 63882, 21001: 1188, 21002: 1167, 21003: 57972, 21005: 72039, 21006: 57417, 21007: 54448, 21008: 953, 21009: 57972, 21011: 72039, 21012: 63882, 21013: 2048, 21014: 87001, 21015: 184, 21016: 65941, 21017: 58543, 21018: 85700, 21019: 75453, 21020: 1617, 21021: 63756, 21022: 2048, 21023: 1167, 21028: 86055, 21030: 85700, 21032: 1543, 21033: 146, 21034: 1167, 21035: 54448, 21036: 449, 21037: 1154, 21038: 85710, 21039: 226, 21041: 52945, 21043: 57417, 21045: 57639, 21047: 86055, 21050: 1182, 21053: 1294, 21055: 1585, 21056: 57381, 21057: 1107, 21058: 58096, 21059: 395, 21060: 1107, 21061: 72051, 21062: 683, 21063: 449, 21064: 1107, 21065: 44206, 21066: 57381, 21067: 1014, 21068: 72051, 21069: 72051, 21070: 57290, 21072: 57381, 21073: 849, 21074: 35259, 21075: 48922, 21077: 1540, 21084: 82080, 21085: 56939, 21086: 90942, 21087: 56939, 21091: 190, 21092: 1399, 21093: 2048, 21096: 2114, 21097: 2114, 21098: 51797, 21099: 87984, 21100: 74355, 21101: 80140, 21102: 56939, 21103: 1116, 21104: 1193, 21105: 88653, 21106: 74355, 21107: 61726, 21108: 53429, 21109: 2114, 21110: 89226, 21112: 75453, 21113: 2346, 21115: 89226, 21116: 53429, 21117: 74355, 21118: 35259, 21119: 74355, 21120: 2076, 21121: 88653, 21123: 80140, 21124: 88653, 21125: 2114, 21126: 2114, 21127: 74355, 21128: 53429, 21129: 57649, 21130: 74355, 21132: 53429, 21133: 90998, 21134: 53429, 21135: 89226, 21136: 2114, 21138: 57649, 21139: 88653, 21140: 74355, 21141: 56939, 21142: 89226, 21143: 53429, 21144: 2114, 21145: 2346, 21146: 89226, 21147: 88653, 21148: 53429, 21149: 86213, 21150: 80140, 21151: 87984, 21153: 80140, 21154: 146, 21155: 86213, 21156: 56939, 21157: 1188, 21159: 2076, 21163: 1223, 21164: 2076, 21165: 90998, 21166: 2346, 21167: 56939, 21168: 88653, 21170: 80140, 21171: 2076, 21172: 87984, 21173: 2076, 21174: 90998, 21175: 57417, 21176: 57649, 21177: 86157, 21178: 86213, 21179: 80140, 21180: 2346, 21181: 86213, 21182: 86157, 21184: 86157, 21185: 80140, 21186: 86213, 21187: 0, 21188: 0, 21189: 0, 21190: 91053, 21191: 184, 21192: 65941, 21193: 146, 21194: 0, 21195: 1300, 21196: 58096, 21197: 53429, 21198: 2114, 21199: 2076, 21203: 80140, 21205: 80140, 21206: 90998, 21208: 87984, 21209: 80140, 21223: 44206, 21226: 69990, 21227: 75958, 21228: 449, 21229: 519, 21230: 1014, 21231: 449, 21232: 78645, 21233: 69242, 21234: 78645, 21235: 78645, 21236: 1288, 21237: 1107, 21238: 1288, 21239: 1014, 21240: 1617, 21241: 395, 21244: 1173, 21249: 1012, 21262: 1489, 21265: 1412, 21271: 70500, 21279: 57417, 21280: 1391, 21288: 57070, 21290: 63270, 21298: 63270, 21303: 57455, 21304: 226, 21305: 1167, 21306: 1347, 21307: 1347, 21308: 1294, 21311: 1294, 21312: 46494, 21313: 765, 21314: 1113, 21315: 226, 21316: 1054, 21317: 46494, 21318: 64790, 21319: 765, 21322: 522, 21324: 1347, 21325: 78626, 21326: 805, 21327: 46494, 21328: 78626, 21329: 805, 21331: 65877, 21333: 51797, 21334: 57455, 21335: 71117, 21336: 1457, 21338: 1457, 21339: 1113, 21340: 63756, 21341: 51797, 21344: 1300, 21345: 65877, 21346: 1391, 21348: 63099, 21349: 0, 21351: 1259, 21354: 395, 21356: 77145, 21357: 85646, 21358: 226, 21363: 1294, 21366: 1223, 21369: 226, 21370: 1357, 21378: 1543, 21384: 57381, 21398: 13828, 21445: 57649, 21446: 65877, 21447: 44206, 21448: 1617, 21450: 1014, 21454: 72051, 21455: 1259, 21460: 69242, 21462: 1585, 21463: 65877, 21465: 0, 21468: 46494, 21470: 1294, 21474: 1399, 21475: 85710, 21477: 75958, 21478: 75379, 21479: 226, 21480: 805, 21481: 63756, 21482: 1161, 21483: 0, 21484: 953, 21487: 63756, 21488: 1585, 21489: 51797, 21490: 67720, 21491: 245, 21492: 78631, 21493: 342, 21494: 50453}",0.0,filho
628100.1862379991,Cruzamento,1733628252.0337634,4,"{20331: 184, 20332: 58096, 20333: 57455, 20334: 1084, 20335: 70342, 20336: 57257, 20337: 1294, 20338: 49332, 20339: 48266, 20340: 57070, 20341: 1489, 20342: 849, 20343: 1347, 20344: 1347, 20345: 1412, 20346: 1291, 20347: 69242, 20348: 51797, 20349: 75453, 20350: 57309, 20351: 1084, 20352: 184, 20353: 70342, 20354: 184, 20355: 184, 20356: 849, 20357: 57309, 20358: 765, 20359: 82085, 20360: 1489, 20361: 69990, 20362: 1347, 20363: 1482, 20364: 1291, 20365: 77145, 20366: 90927, 20367: 1391, 20368: 65341, 20369: 70171, 20370: 48266, 20371: 57070, 20372: 70342, 20373: 57257, 20378: 2048, 20379: 1489, 20380: 849, 20381: 2048, 20383: 75421, 20384: 13699, 20385: 1482, 20386: 63099, 20387: 13699, 20388: 686, 20389: 70373, 20392: 51797, 20393: 1291, 20394: 75453, 20395: 57455, 20396: 68173, 20397: 1412, 20398: 82085, 20399: 69990, 20400: 1583, 20401: 1347, 20402: 1347, 20403: 65341, 20404: 449, 20405: 44206, 20406: 1502, 20407: 1543, 20408: 1188, 20409: 1502, 20410: 395, 20411: 1502, 20412: 1012, 20413: 849, 20414: 67720, 20415: 519, 20416: 67720, 20417: 82080, 20418: 805, 20419: 743, 20421: 75421, 20422: 1347, 20423: 1585, 20427: 1188, 20428: 46494, 20429: 1259, 20432: 69990, 20433: 69990, 20434: 73383, 20436: 1585, 20437: 1107, 20438: 1502, 20439: 57381, 20440: 69985, 20441: 743, 20442: 78645, 20443: 13828, 20444: 72051, 20445: 71117, 20446: 690, 20447: 13828, 20449: 50588, 20450: 35245, 20451: 1585, 20452: 80479, 20453: 226, 20454: 52945, 20455: 54448, 20456: 35245, 20457: 63270, 20458: 51797, 20459: 51797, 20460: 63270, 20461: 1161, 20462: 67720, 20463: 58096, 20465: 69990, 20466: 913, 20467: 49332, 20468: 1347, 20469: 59008, 20471: 69985, 20472: 69242, 20473: 182, 20475: 1259, 20476: 46494, 20481: 57381, 20482: 1585, 20484: 52945, 20485: 50588, 20486: 52945, 20487: 71117, 20488: 1502, 20489: 35259, 20490: 395, 20491: 44206, 20492: 1188, 20493: 522, 20494: 69990, 20495: 1259, 20496: 75453, 20497: 35245, 20499: 1294, 20501: 1161, 20503: 69995, 20504: 1012, 20505: 226, 20506: 57639, 20507: 85710, 20508: 69995, 20509: 54448, 20510: 913, 20511: 64727, 20512: 54448, 20513: 1084, 20514: 1288, 20515: 0, 20517: 75379, 20518: 57455, 20519: 1012, 20520: 52945, 20521: 1161, 20522: 75379, 20523: 71117, 20524: 683, 20525: 70342, 20527: 1188, 20528: 1259, 20530: 1347, 20531: 1014, 20532: 57381, 20533: 70373, 20534: 63270, 20535: 1288, 20536: 48922, 20537: 68173, 20538: 70342, 20539: 1585, 20540: 75958, 20541: 48922, 20542: 44206, 20543: 69985, 20544: 1288, 20545: 1014, 20546: 59008, 20547: 63270, 20549: 75379, 20550: 46793, 20552: 743, 20553: 44206, 20554: 519, 20555: 75453, 20556: 62344, 20557: 1182, 20558: 190, 20559: 1161, 20560: 1502, 20561: 57639, 20563: 85669, 20564: 1540, 20565: 1357, 20567: 1167, 20569: 46793, 20570: 1347, 20571: 1014, 20572: 91896, 20573: 690, 20574: 728, 20575: 67720, 20576: 75958, 20577: 35259, 20578: 728, 20579: 68173, 20580: 1617, 20581: 69990, 20582: 91896, 20583: 69985, 20584: 71117, 20585: 57639, 20587: 46793, 20588: 52945, 20589: 63756, 20590: 519, 20591: 82080, 20592: 683, 20593: 1014, 20594: 73383, 20595: 71117, 20596: 71117, 20597: 805, 20599: 51797, 20600: 54448, 20601: 85646, 20602: 226, 20605: 0, 20606: 50588, 20607: 70342, 20608: 49332, 20609: 1173, 20610: 1084, 20611: 1182, 20612: 1457, 20613: 85710, 20614: 85710, 20615: 1288, 20616: 1116, 20617: 85710, 20618: 69995, 20619: 1116, 20620: 1182, 20621: 1054, 20622: 61726, 20624: 75453, 20625: 1107, 20626: 57309, 20628: 953, 20630: 1161, 20631: 67720, 20633: 1014, 20634: 182, 20635: 70373, 20636: 54448, 20637: 69990, 20638: 58543, 20639: 686, 20640: 85669, 20641: 58096, 20642: 1193, 20643: 1391, 20645: 57639, 20646: 953, 20647: 85669, 20648: 1391, 20650: 58096, 20651: 1391, 20652: 686, 20653: 686, 20654: 62344, 20655: 13699, 20656: 57309, 20659: 913, 20661: 50588, 20662: 70373, 20663: 63756, 20669: 82080, 20670: 73235, 20671: 73235, 20672: 78631, 20673: 61726, 20675: 57972, 20676: 65877, 20677: 62344, 20678: 75453, 20680: 68173, 20681: 1107, 20684: 1014, 20688: 35259, 20689: 50588, 20690: 1173, 20692: 1489, 20693: 85669, 20694: 63756, 20695: 51797, 20696: 1161, 20697: 46793, 20698: 58543, 20699: 52945, 20700: 54448, 20701: 1173, 20702: 226, 20703: 64727, 20704: 66626, 20705: 64727, 20706: 1182, 20707: 54448, 20708: 1182, 20709: 1161, 20710: 0, 20711: 82080, 20712: 52945, 20713: 1084, 20714: 52945, 20715: 690, 20716: 913, 20717: 62344, 20719: 50588, 20720: 70373, 20721: 46793, 20722: 46494, 20723: 48266, 20724: 80479, 20725: 85669, 20726: 0, 20727: 78631, 20729: 58096, 20730: 65877, 20731: 1014, 20732: 1012, 20734: 683, 20735: 57639, 20736: 59008, 20737: 13828, 20739: 1391, 20740: 1502, 20741: 62344, 20742: 58096, 20743: 1182, 20744: 91053, 20746: 85710, 20747: 1223, 20748: 1116, 20749: 1502, 20750: 1107, 20751: 849, 20752: 62344, 20754: 728, 20757: 1012, 20758: 57455, 20759: 0, 20761: 58096, 20762: 1084, 20763: 70373, 20764: 1482, 20765: 63099, 20766: 1617, 20768: 184, 20769: 395, 20770: 77145, 20773: 1300, 20774: 35245, 20775: 849, 20777: 2048, 20778: 57417, 20779: 75379, 20781: 728, 20782: 78631, 20784: 57290, 20785: 35245, 20786: 68650, 20789: 1543, 20790: 1540, 20791: 65341, 20792: 57257, 20793: 91053, 20794: 46793, 20795: 46494, 20796: 395, 20797: 75421, 20798: 2048, 20799: 69242, 20800: 70373, 20802: 82080, 20803: 58543, 20804: 1154, 20805: 1482, 20806: 686, 20807: 69242, 20808: 82067, 20809: 1182, 20810: 63099, 20811: 70342, 20813: 49332, 20814: 1294, 20815: 85687, 20816: 765, 20817: 85687, 20818: 1540, 20819: 683, 20820: 57639, 20821: 46494, 20822: 61726, 20823: 1014, 20824: 1399, 20825: 83288, 20826: 2048, 20827: 63756, 20828: 70500, 20829: 91896, 20831: 86055, 20832: 1391, 20833: 75421, 20834: 72051, 20835: 190, 20836: 1412, 20837: 49332, 20838: 58096, 20840: 1294, 20841: 57455, 20842: 1182, 20843: 1167, 20844: 1291, 20845: 1161, 20846: 57309, 20850: 72039, 20852: 1617, 20853: 1167, 20854: 70342, 20856: 0, 20858: 49332, 20859: 63882, 20860: 63882, 20861: 82070, 20862: 82070, 20863: 82070, 20864: 226, 20872: 953, 20873: 1457, 20874: 0, 20875: 59008, 20876: 13828, 20877: 82070, 20881: 91053, 20883: 67720, 20884: 82070, 20885: 85646, 20886: 57639, 20887: 1457, 20888: 82070, 20889: 57455, 20890: 57639, 20891: 57417, 20892: 72039, 20894: 57309, 20895: 64790, 20897: 1182, 20900: 1457, 20901: 728, 20902: 65877, 20904: 51797, 20905: 1107, 20906: 61726, 20907: 65161, 20909: 65877, 20910: 59008, 20911: 1116, 20913: 57381, 20916: 1107, 20917: 63882, 20918: 46494, 20919: 82070, 20921: 58543, 20922: 84328, 20923: 805, 20925: 1294, 20926: 72051, 20928: 59008, 20929: 63756, 20930: 0, 20931: 184, 20932: 146, 20933: 72051, 20934: 1193, 20935: 72039, 20936: 85700, 20937: 1399, 20938: 1193, 20939: 1288, 20940: 70500, 20941: 63882, 20942: 75453, 20943: 48922, 20944: 52945, 20948: 63882, 20949: 64727, 20950: 72039, 20951: 63099, 20953: 69995, 20954: 35259, 20955: 1116, 20956: 44206, 20958: 57639, 20959: 57972, 20960: 64790, 20961: 1012, 20962: 48266, 20963: 146, 20964: 72039, 20965: 44206, 20966: 146, 20967: 1054, 20968: 64790, 20969: 63270, 20970: 87001, 20971: 1193, 20973: 57972, 20974: 75379, 20975: 1543, 20977: 63270, 20978: 1502, 20979: 0, 20980: 51797, 20981: 1223, 20982: 57972, 20983: 1054, 20985: 87001, 20986: 1300, 20987: 63756, 20988: 63756, 20990: 1012, 20992: 1457, 20993: 83288, 20995: 63756, 20997: 87001, 20998: 63882, 20999: 83288, 21000: 82070, 21001: 184, 21002: 85669, 21003: 83288, 21005: 65877, 21006: 57290, 21007: 57309, 21008: 57309, 21009: 63882, 21011: 72039, 21012: 84328, 21013: 395, 21014: 65877, 21015: 75453, 21016: 67720, 21017: 58096, 21018: 65941, 21019: 85700, 21020: 69990, 21021: 75379, 21022: 1347, 21023: 1167, 21028: 85700, 21030: 86055, 21032: 57417, 21033: 1543, 21034: 48266, 21035: 1167, 21036: 68173, 21037: 1154, 21038: 1223, 21039: 54448, 21041: 67720, 21043: 63270, 21045: 85700, 21047: 86055, 21050: 85710, 21053: 1294, 21055: 82080, 21056: 1585, 21057: 449, 21058: 58096, 21059: 519, 21060: 519, 21061: 683, 21062: 1543, 21063: 78645, 21064: 72051, 21065: 46494, 21066: 683, 21067: 449, 21068: 743, 21069: 73383, 21070: 1288, 21072: 1107, 21073: 1457, 21074: 35259, 21075: 1188, 21077: 1193, 21084: 59008, 21085: 57649, 21086: 89226, 21087: 57649, 21091: 1116, 21092: 1161, 21093: 57417, 21096: 74355, 21097: 74355, 21098: 146, 21099: 90998, 21100: 2076, 21101: 2346, 21102: 2346, 21103: 1107, 21104: 64790, 21105: 80140, 21106: 2076, 21107: 35259, 21108: 56939, 21109: 2114, 21110: 89226, 21112: 1391, 21113: 2076, 21115: 57649, 21116: 89226, 21117: 88653, 21118: 62344, 21119: 2114, 21120: 86213, 21121: 88653, 21123: 2076, 21124: 80140, 21125: 74355, 21126: 2114, 21127: 89226, 21128: 2114, 21129: 53429, 21130: 57649, 21132: 53429, 21133: 87984, 21134: 2114, 21135: 88653, 21136: 53429, 21138: 74355, 21139: 88653, 21140: 74355, 21141: 86157, 21142: 53429, 21143: 2114, 21144: 2114, 21145: 74355, 21146: 89226, 21147: 74355, 21148: 56939, 21149: 87984, 21150: 86157, 21151: 2076, 21153: 88653, 21154: 1188, 21155: 80140, 21156: 80140, 21157: 44206, 21159: 89226, 21163: 146, 21164: 86157, 21165: 90998, 21166: 2114, 21167: 80140, 21168: 86213, 21170: 88653, 21171: 80140, 21172: 88653, 21173: 86157, 21174: 2346, 21175: 57417, 21176: 86213, 21177: 2076, 21178: 87984, 21179: 80140, 21180: 2346, 21181: 56939, 21182: 56939, 21184: 53429, 21185: 0, 21186: 86213, 21187: 0, 21188: 0, 21189: 0, 21190: 1457, 21191: 184, 21192: 70500, 21193: 1193, 21194: 0, 21195: 91053, 21196: 69990, 21197: 53429, 21198: 2114, 21199: 2076, 21203: 2076, 21205: 53429, 21206: 90998, 21208: 90998, 21209: 80140, 21223: 1107, 21226: 728, 21227: 449, 21228: 69990, 21229: 395, 21230: 1502, 21231: 449, 21232: 1107, 21233: 805, 21234: 78645, 21235: 182, 21236: 743, 21237: 71117, 21238: 1107, 21239: 73383, 21240: 57455, 21241: 690, 21244: 1161, 21249: 80479, 21262: 1489, 21265: 1412, 21271: 65161, 21279: 91053, 21280: 75453, 21288: 57070, 21290: 72051, 21298: 63270, 21303: 395, 21304: 1540, 21305: 226, 21306: 1347, 21307: 1347, 21308: 46494, 21311: 1357, 21312: 88486, 21313: 71117, 21314: 1540, 21315: 395, 21316: 88486, 21317: 226, 21318: 63756, 21319: 51797, 21322: 805, 21324: 57455, 21325: 78626, 21326: 550, 21327: 550, 21328: 57455, 21329: 519, 21331: 87001, 21333: 226, 21334: 57455, 21335: 765, 21336: 1113, 21338: 765, 21339: 71117, 21340: 1294, 21341: 765, 21344: 69995, 21345: 0, 21346: 70500, 21348: 1193, 21349: 0, 21351: 69990, 21354: 13828, 21356: 77145, 21357: 64727, 21358: 1457, 21363: 765, 21366: 58543, 21369: 1054, 21370: 1457, 21378: 72051, 21384: 69242, 21398: 550, 21445: 57649, 21446: 57639, 21447: 46494, 21448: 728, 21450: 69242, 21454: 57290, 21455: 449, 21460: 13699, 21462: 1502, 21463: 65877, 21465: 0, 21468: 1167, 21470: 1502, 21474: 1161, 21475: 63756, 21477: 75958, 21478: 1357, 21479: 46494, 21480: 805, 21481: 1116, 21482: 78631, 21483: 0, 21484: 69995, 21487: 63756, 21488: 51797, 21489: 85700, 21490: 1259, 21491: 245, 21492: 62344, 21493: 342, 21494: 50453}",0.0,filho
637179.1501336652,Cruzamento,1733628255.9201322,5,"{20331: 48266, 20332: 1489, 20333: 69990, 20334: 1347, 20335: 57455, 20336: 1583, 20337: 849, 20338: 849, 20339: 57257, 20340: 184, 20341: 765, 20342: 1391, 20343: 1182, 20344: 1182, 20345: 1482, 20346: 57257, 20347: 75421, 20348: 57309, 20349: 1347, 20350: 58096, 20351: 57309, 20352: 48266, 20353: 75421, 20354: 57257, 20355: 63099, 20356: 57309, 20357: 1347, 20358: 57455, 20359: 75421, 20360: 58096, 20361: 1294, 20362: 1347, 20363: 49332, 20364: 1084, 20365: 90927, 20366: 1391, 20367: 1617, 20368: 82085, 20369: 57309, 20370: 57070, 20371: 70342, 20372: 1347, 20373: 1291, 20378: 1489, 20379: 57257, 20380: 1489, 20381: 686, 20383: 75421, 20384: 1482, 20385: 1412, 20386: 1583, 20387: 1583, 20388: 57257, 20389: 1482, 20392: 75453, 20393: 1182, 20394: 75453, 20395: 1489, 20396: 57290, 20397: 849, 20398: 58096, 20399: 1188, 20400: 1291, 20401: 1182, 20402: 765, 20403: 1482, 20404: 57381, 20405: 71117, 20406: 683, 20407: 805, 20408: 1107, 20409: 82080, 20410: 1014, 20411: 57290, 20412: 46793, 20413: 82085, 20414: 1014, 20415: 69990, 20416: 70342, 20417: 57381, 20418: 1543, 20419: 743, 20421: 46793, 20422: 849, 20423: 82080, 20427: 48922, 20428: 1014, 20429: 70342, 20432: 1347, 20433: 70342, 20434: 57290, 20436: 46494, 20437: 57290, 20438: 1347, 20439: 68173, 20440: 1014, 20441: 57290, 20442: 743, 20443: 13828, 20444: 91896, 20445: 683, 20446: 57381, 20447: 805, 20449: 35245, 20450: 50588, 20451: 57455, 20452: 75379, 20453: 69995, 20454: 63270, 20455: 913, 20456: 35245, 20457: 63270, 20458: 1585, 20459: 63756, 20460: 63756, 20461: 1161, 20462: 64790, 20463: 69990, 20465: 1294, 20466: 1012, 20467: 184, 20468: 1502, 20469: 182, 20471: 46494, 20472: 69985, 20473: 67720, 20475: 73383, 20476: 728, 20481: 1288, 20482: 52945, 20484: 63270, 20485: 913, 20486: 52945, 20487: 69990, 20488: 1259, 20489: 743, 20490: 1502, 20491: 71117, 20492: 72051, 20493: 46494, 20494: 1502, 20495: 690, 20496: 1182, 20497: 80479, 20499: 78631, 20501: 71117, 20503: 57639, 20504: 1347, 20505: 1347, 20506: 1502, 20507: 765, 20508: 913, 20509: 1161, 20510: 913, 20511: 85646, 20512: 52945, 20513: 68182, 20514: 68650, 20515: 70342, 20517: 52945, 20518: 57455, 20519: 63756, 20520: 46793, 20521: 46793, 20522: 1012, 20523: 1543, 20524: 71117, 20525: 1259, 20527: 70342, 20528: 519, 20530: 1014, 20531: 690, 20532: 1288, 20533: 1291, 20534: 63756, 20535: 69985, 20536: 1014, 20537: 48922, 20538: 68173, 20539: 91896, 20540: 67720, 20541: 70342, 20542: 69990, 20543: 68173, 20544: 35259, 20545: 69985, 20546: 690, 20547: 2048, 20549: 75379, 20550: 35245, 20552: 1288, 20553: 57290, 20554: 395, 20555: 1391, 20556: 57070, 20557: 44206, 20558: 85687, 20559: 686, 20560: 1357, 20561: 69990, 20563: 78631, 20564: 1502, 20565: 85710, 20567: 57070, 20569: 1585, 20570: 1288, 20571: 1585, 20572: 71117, 20573: 91896, 20574: 91896, 20575: 1288, 20576: 68173, 20577: 1347, 20578: 449, 20579: 67720, 20580: 70342, 20581: 743, 20582: 70342, 20583: 690, 20584: 44206, 20585: 1300, 20587: 52945, 20588: 63756, 20589: 1161, 20590: 1014, 20591: 82080, 20592: 57290, 20593: 805, 20594: 743, 20595: 805, 20596: 57381, 20597: 72051, 20599: 51797, 20600: 68650, 20601: 75379, 20602: 226, 20605: 35245, 20606: 1161, 20607: 66626, 20608: 1223, 20609: 75379, 20610: 1084, 20611: 226, 20612: 1288, 20613: 85669, 20614: 1116, 20615: 69995, 20616: 71117, 20617: 1540, 20618: 75453, 20619: 57309, 20620: 61726, 20621: 1540, 20622: 69995, 20624: 69995, 20625: 65877, 20626: 849, 20628: 1107, 20630: 1585, 20631: 728, 20633: 82080, 20634: 73383, 20635: 63099, 20636: 52945, 20637: 1583, 20638: 728, 20639: 58096, 20640: 58096, 20641: 57639, 20642: 62344, 20643: 57639, 20645: 1193, 20646: 1391, 20647: 686, 20648: 62344, 20650: 953, 20651: 686, 20652: 85669, 20653: 85669, 20654: 686, 20655: 68182, 20656: 69242, 20659: 1173, 20661: 66626, 20662: 69990, 20663: 913, 20669: 46494, 20670: 1540, 20671: 73235, 20672: 57639, 20673: 1391, 20675: 65877, 20676: 61726, 20677: 73235, 20678: 35259, 20680: 1107, 20681: 805, 20684: 70342, 20688: 1188, 20689: 69995, 20690: 1585, 20692: 57309, 20693: 1167, 20694: 913, 20695: 1347, 20696: 63756, 20697: 1489, 20698: 58096, 20699: 1173, 20700: 1161, 20701: 69995, 20702: 62344, 20703: 54448, 20704: 50588, 20705: 52945, 20706: 75453, 20707: 75379, 20708: 57309, 20709: 1161, 20710: 0, 20711: 35259, 20712: 52945, 20713: 849, 20714: 52945, 20715: 46494, 20716: 913, 20717: 58096, 20719: 63270, 20720: 75453, 20721: 1012, 20722: 728, 20723: 70373, 20724: 46793, 20725: 62344, 20726: 80479, 20727: 75379, 20729: 69990, 20730: 1054, 20731: 69985, 20732: 1457, 20734: 57290, 20735: 62344, 20736: 73383, 20737: 805, 20739: 75453, 20740: 1259, 20741: 75379, 20742: 85669, 20743: 83288, 20744: 1457, 20746: 85687, 20747: 1347, 20748: 1357, 20749: 1116, 20750: 1357, 20751: 1107, 20752: 61726, 20754: 46494, 20757: 50588, 20758: 57455, 20759: 1193, 20761: 1617, 20762: 1617, 20763: 0, 20764: 75453, 20765: 70373, 20766: 1482, 20768: 184, 20769: 519, 20770: 77145, 20773: 70500, 20774: 75379, 20775: 1489, 20777: 1391, 20778: 70500, 20779: 1457, 20781: 57070, 20782: 1154, 20784: 1288, 20785: 395, 20786: 68650, 20789: 44206, 20790: 58543, 20791: 2048, 20792: 57309, 20793: 1154, 20794: 57070, 20795: 182, 20796: 57070, 20797: 70373, 20798: 2048, 20799: 13699, 20800: 1482, 20802: 82080, 20803: 1543, 20804: 1399, 20805: 70373, 20806: 58543, 20807: 1107, 20808: 82067, 20809: 1182, 20810: 46793, 20811: 49332, 20813: 1347, 20814: 1482, 20815: 82067, 20816: 184, 20817: 85687, 20818: 85710, 20819: 690, 20820: 78631, 20821: 46494, 20822: 75379, 20823: 82080, 20824: 57455, 20825: 83288, 20826: 1188, 20827: 85710, 20828: 1399, 20829: 59008, 20831: 72051, 20832: 1357, 20833: 57257, 20834: 58543, 20835: 44206, 20836: 1182, 20837: 0, 20838: 78631, 20840: 57257, 20841: 765, 20842: 190, 20843: 1543, 20844: 82085, 20845: 190, 20846: 1167, 20850: 72039, 20852: 1391, 20853: 85710, 20854: 1014, 20856: 0, 20858: 48266, 20859: 82070, 20860: 63882, 20861: 63882, 20862: 82070, 20863: 82070, 20864: 395, 20872: 953, 20873: 35245, 20874: 184, 20875: 70500, 20876: 59008, 20877: 82070, 20881: 57417, 20883: 75379, 20884: 65877, 20885: 85646, 20886: 78631, 20887: 61726, 20888: 65877, 20889: 805, 20890: 57639, 20891: 64727, 20892: 65877, 20894: 1457, 20895: 1300, 20897: 71117, 20900: 61726, 20901: 75379, 20902: 72039, 20904: 184, 20905: 44206, 20906: 57309, 20907: 64790, 20909: 0, 20910: 67720, 20911: 69990, 20913: 522, 20916: 1457, 20917: 82070, 20918: 73383, 20919: 72039, 20921: 72051, 20922: 84328, 20923: 68173, 20925: 1294, 20926: 1188, 20928: 48266, 20929: 51797, 20930: 61726, 20931: 51797, 20932: 59008, 20933: 72051, 20934: 63099, 20935: 84328, 20936: 57639, 20937: 54448, 20938: 63099, 20939: 1107, 20940: 1347, 20941: 63882, 20942: 63756, 20943: 728, 20944: 1391, 20948: 57972, 20949: 64727, 20950: 72039, 20951: 1223, 20953: 59008, 20954: 1585, 20955: 1116, 20956: 1399, 20958: 65161, 20959: 57972, 20960: 146, 20961: 1502, 20962: 1223, 20963: 69995, 20964: 83288, 20965: 57639, 20966: 63099, 20967: 1054, 20968: 64727, 20969: 91053, 20970: 83288, 20971: 1193, 20973: 1054, 20974: 146, 20975: 1188, 20977: 78631, 20978: 57972, 20979: 64790, 20980: 64727, 20981: 67720, 20982: 83288, 20983: 1502, 20985: 87001, 20986: 91053, 20987: 59008, 20988: 85710, 20990: 63756, 20992: 64790, 20993: 87001, 20995: 1012, 20997: 83288, 20998: 82070, 20999: 83288, 21000: 63882, 21001: 1188, 21002: 1167, 21003: 57972, 21005: 72039, 21006: 57417, 21007: 54448, 21008: 953, 21009: 57972, 21011: 72039, 21012: 63882, 21013: 2048, 21014: 87001, 21015: 184, 21016: 65941, 21017: 58543, 21018: 85700, 21019: 75453, 21020: 1617, 21021: 63756, 21022: 2048, 21023: 1167, 21028: 86055, 21030: 85700, 21032: 1543, 21033: 146, 21034: 1167, 21035: 54448, 21036: 449, 21037: 1154, 21038: 85710, 21039: 226, 21041: 52945, 21043: 57417, 21045: 57639, 21047: 86055, 21050: 1182, 21053: 1294, 21055: 1585, 21056: 57381, 21057: 1107, 21058: 58096, 21059: 395, 21060: 1107, 21061: 72051, 21062: 683, 21063: 449, 21064: 1107, 21065: 44206, 21066: 57381, 21067: 1014, 21068: 72051, 21069: 72051, 21070: 57290, 21072: 57381, 21073: 849, 21074: 35259, 21075: 48922, 21077: 1540, 21084: 82080, 21085: 56939, 21086: 90942, 21087: 56939, 21091: 190, 21092: 1399, 21093: 2048, 21096: 2114, 21097: 2114, 21098: 51797, 21099: 87984, 21100: 74355, 21101: 80140, 21102: 56939, 21103: 1116, 21104: 1193, 21105: 88653, 21106: 74355, 21107: 61726, 21108: 53429, 21109: 2114, 21110: 89226, 21112: 75453, 21113: 2346, 21115: 89226, 21116: 53429, 21117: 74355, 21118: 35259, 21119: 74355, 21120: 2076, 21121: 88653, 21123: 80140, 21124: 88653, 21125: 2114, 21126: 2114, 21127: 74355, 21128: 53429, 21129: 57649, 21130: 74355, 21132: 53429, 21133: 90998, 21134: 53429, 21135: 89226, 21136: 2114, 21138: 57649, 21139: 88653, 21140: 74355, 21141: 56939, 21142: 89226, 21143: 53429, 21144: 2114, 21145: 2346, 21146: 89226, 21147: 88653, 21148: 53429, 21149: 86213, 21150: 80140, 21151: 87984, 21153: 80140, 21154: 146, 21155: 86213, 21156: 56939, 21157: 1188, 21159: 2076, 21163: 1223, 21164: 2076, 21165: 90998, 21166: 2346, 21167: 56939, 21168: 88653, 21170: 80140, 21171: 2076, 21172: 87984, 21173: 2076, 21174: 90998, 21175: 57417, 21176: 57649, 21177: 86157, 21178: 86213, 21179: 80140, 21180: 2346, 21181: 86213, 21182: 86157, 21184: 86157, 21185: 80140, 21186: 86213, 21187: 0, 21188: 0, 21189: 0, 21190: 91053, 21191: 184, 21192: 65941, 21193: 146, 21194: 0, 21195: 1300, 21196: 58096, 21197: 53429, 21198: 2114, 21199: 2076, 21203: 80140, 21205: 80140, 21206: 90998, 21208: 87984, 21209: 80140, 21223: 44206, 21226: 69990, 21227: 75958, 21228: 449, 21229: 519, 21230: 1014, 21231: 449, 21232: 78645, 21233: 69242, 21234: 78645, 21235: 78645, 21236: 1288, 21237: 1107, 21238: 1288, 21239: 1014, 21240: 1617, 21241: 395, 21244: 1173, 21249: 1012, 21262: 1489, 21265: 1412, 21271: 70500, 21279: 57417, 21280: 1391, 21288: 57070, 21290: 63270, 21298: 63270, 21303: 57455, 21304: 226, 21305: 1167, 21306: 1347, 21307: 1347, 21308: 1294, 21311: 1294, 21312: 46494, 21313: 765, 21314: 1113, 21315: 226, 21316: 1054, 21317: 46494, 21318: 64790, 21319: 765, 21322: 522, 21324: 1347, 21325: 78626, 21326: 805, 21327: 46494, 21328: 78626, 21329: 805, 21331: 65877, 21333: 51797, 21334: 57455, 21335: 71117, 21336: 1457, 21338: 1457, 21339: 1113, 21340: 63756, 21341: 51797, 21344: 1300, 21345: 65877, 21346: 1391, 21348: 63099, 21349: 0, 21351: 1259, 21354: 395, 21356: 77145, 21357: 85646, 21358: 226, 21363: 1294, 21366: 1223, 21369: 226, 21370: 1357, 21378: 1543, 21384: 57381, 21398: 13828, 21445: 57649, 21446: 65877, 21447: 44206, 21448: 1617, 21450: 1014, 21454: 72051, 21455: 1259, 21460: 69242, 21462: 1585, 21463: 65877, 21465: 0, 21468: 46494, 21470: 1294, 21474: 1399, 21475: 85710, 21477: 75958, 21478: 75379, 21479: 226, 21480: 805, 21481: 63756, 21482: 1161, 21483: 0, 21484: 953, 21487: 63756, 21488: 1585, 21489: 51797, 21490: 67720, 21491: 245, 21492: 78631, 21493: 342, 21494: 50453}",0.0,invalido
635228.3565396676,Cruzamento,1733628255.9201322,5,"{20331: 57070, 20332: 1182, 20333: 57309, 20334: 65341, 20335: 1412, 20336: 1412, 20337: 1084, 20338: 1482, 20339: 1617, 20340: 49332, 20341: 1583, 20342: 69242, 20343: 69990, 20344: 1182, 20345: 70342, 20346: 1583, 20347: 1084, 20348: 69242, 20349: 1291, 20350: 1291, 20351: 46793, 20352: 46793, 20353: 1084, 20354: 75421, 20355: 51797, 20356: 1412, 20357: 1291, 20358: 2048, 20359: 765, 20360: 48266, 20361: 1583, 20362: 1617, 20363: 1583, 20364: 65341, 20365: 65341, 20366: 90927, 20367: 57309, 20368: 82085, 20369: 70171, 20370: 49332, 20371: 70373, 20372: 48266, 20373: 57455, 20378: 49332, 20379: 48266, 20380: 69242, 20381: 849, 20383: 63099, 20384: 68182, 20385: 57257, 20386: 1412, 20387: 70373, 20388: 1482, 20389: 63099, 20392: 57309, 20393: 69242, 20394: 686, 20395: 1294, 20396: 67720, 20397: 57257, 20398: 58096, 20399: 1585, 20400: 75421, 20401: 48266, 20402: 184, 20403: 75421, 20404: 35259, 20405: 67720, 20406: 728, 20407: 44206, 20408: 71117, 20409: 683, 20410: 743, 20411: 683, 20412: 75379, 20413: 1347, 20414: 71117, 20415: 57381, 20416: 35259, 20417: 82080, 20418: 70342, 20419: 67720, 20421: 57070, 20422: 57257, 20423: 1502, 20427: 1188, 20428: 72051, 20429: 57290, 20432: 44206, 20433: 46494, 20434: 72051, 20436: 69242, 20437: 57290, 20438: 69990, 20439: 78645, 20440: 728, 20441: 743, 20442: 46494, 20443: 1014, 20444: 82080, 20445: 1107, 20446: 69990, 20447: 1259, 20449: 80479, 20450: 913, 20451: 75379, 20452: 80479, 20453: 1161, 20454: 57455, 20455: 52945, 20456: 913, 20457: 1012, 20458: 50588, 20459: 1585, 20460: 70342, 20461: 52945, 20462: 67720, 20463: 1084, 20465: 58096, 20466: 70342, 20467: 1294, 20468: 69990, 20469: 73383, 20471: 73383, 20472: 69242, 20473: 522, 20475: 44206, 20476: 1585, 20481: 1288, 20482: 63270, 20484: 913, 20485: 63270, 20486: 70342, 20487: 44206, 20488: 57290, 20489: 519, 20490: 690, 20491: 69242, 20492: 1014, 20493: 522, 20494: 67720, 20495: 69990, 20496: 69242, 20497: 70342, 20499: 1457, 20501: 35259, 20503: 62344, 20504: 35259, 20505: 78631, 20506: 57639, 20507: 1502, 20508: 54448, 20509: 50588, 20510: 54448, 20511: 75379, 20512: 913, 20513: 1291, 20514: 85710, 20515: 54448, 20517: 52945, 20518: 226, 20519: 75379, 20520: 75379, 20521: 51797, 20522: 52945, 20523: 67720, 20524: 1288, 20525: 743, 20527: 71117, 20528: 1585, 20530: 1107, 20531: 59008, 20532: 70342, 20533: 13699, 20534: 51797, 20535: 70342, 20536: 71117, 20537: 449, 20538: 91896, 20539: 743, 20540: 59008, 20541: 35259, 20542: 91896, 20543: 67720, 20544: 48922, 20545: 75958, 20546: 44206, 20547: 1288, 20549: 63270, 20550: 35245, 20552: 1543, 20553: 690, 20554: 728, 20555: 63756, 20556: 190, 20557: 78631, 20558: 78631, 20559: 1502, 20560: 44206, 20561: 85669, 20563: 1457, 20564: 75453, 20565: 62344, 20567: 44206, 20569: 35245, 20570: 75958, 20571: 1347, 20572: 690, 20573: 1014, 20574: 70342, 20575: 69985, 20576: 67720, 20577: 48922, 20578: 690, 20579: 1014, 20580: 69985, 20581: 35259, 20582: 690, 20583: 1347, 20584: 91896, 20585: 75379, 20587: 63270, 20588: 63270, 20589: 35245, 20590: 1543, 20591: 1288, 20592: 82080, 20593: 69985, 20594: 69990, 20595: 182, 20596: 805, 20597: 1188, 20599: 1585, 20600: 226, 20601: 63270, 20602: 35245, 20605: 35245, 20606: 52945, 20607: 66626, 20608: 1543, 20609: 50588, 20610: 69990, 20611: 953, 20612: 953, 20613: 1457, 20614: 69995, 20615: 1107, 20616: 1182, 20617: 85710, 20618: 1054, 20619: 1054, 20620: 1457, 20621: 1116, 20622: 57309, 20624: 686, 20625: 75453, 20626: 71117, 20628: 849, 20630: 1161, 20631: 683, 20633: 57381, 20634: 82080, 20635: 1583, 20636: 50588, 20637: 1391, 20638: 1457, 20639: 52945, 20640: 58096, 20641: 953, 20642: 57639, 20643: 62344, 20645: 1193, 20646: 52945, 20647: 1391, 20648: 686, 20650: 686, 20651: 953, 20652: 1193, 20653: 57639, 20654: 85669, 20655: 63099, 20656: 51797, 20659: 50588, 20661: 1161, 20662: 70373, 20663: 913, 20669: 1585, 20670: 35259, 20671: 75379, 20672: 35259, 20673: 65877, 20675: 1540, 20676: 57309, 20677: 61726, 20678: 65877, 20680: 67720, 20681: 44206, 20684: 1502, 20688: 68173, 20689: 1585, 20690: 1173, 20692: 69242, 20693: 85669, 20694: 64727, 20695: 849, 20696: 1173, 20697: 51797, 20698: 78631, 20699: 1173, 20700: 69995, 20701: 75379, 20702: 88486, 20703: 63756, 20704: 54448, 20705: 75379, 20706: 70373, 20707: 1585, 20708: 57972, 20709: 1161, 20710: 0, 20711: 1259, 20712: 52945, 20713: 1182, 20714: 52945, 20715: 1014, 20716: 70342, 20717: 1167, 20719: 80479, 20720: 1084, 20721: 913, 20722: 70342, 20723: 1182, 20724: 46793, 20725: 85669, 20726: 0, 20727: 1288, 20729: 1084, 20730: 71117, 20731: 69990, 20732: 1457, 20734: 449, 20735: 75453, 20736: 69985, 20737: 182, 20739: 61726, 20740: 1502, 20741: 83288, 20742: 686, 20743: 61726, 20744: 395, 20746: 190, 20747: 78631, 20748: 849, 20749: 1457, 20750: 62344, 20751: 1116, 20752: 46494, 20754: 1585, 20757: 913, 20758: 226, 20759: 953, 20761: 70373, 20762: 63099, 20763: 1482, 20764: 1617, 20765: 70373, 20766: 1391, 20768: 184, 20769: 519, 20770: 77145, 20773: 1300, 20774: 70500, 20775: 686, 20777: 57070, 20778: 64790, 20779: 69995, 20781: 91053, 20782: 395, 20784: 68650, 20785: 2048, 20786: 64790, 20789: 57290, 20790: 1540, 20791: 82085, 20792: 1617, 20793: 1457, 20794: 46793, 20795: 69242, 20796: 35245, 20797: 75421, 20798: 13699, 20799: 1482, 20800: 2048, 20802: 522, 20803: 2048, 20804: 48266, 20805: 2048, 20806: 58543, 20807: 57381, 20808: 82067, 20809: 1489, 20810: 686, 20811: 49332, 20813: 46793, 20814: 82085, 20815: 85687, 20816: 765, 20817: 82067, 20818: 44206, 20819: 728, 20820: 58543, 20821: 69990, 20822: 190, 20823: 743, 20824: 70500, 20825: 849, 20826: 1188, 20827: 69990, 20828: 395, 20829: 57381, 20831: 86055, 20832: 1107, 20833: 65341, 20834: 58543, 20835: 57070, 20836: 48266, 20837: 49332, 20838: 1167, 20840: 46793, 20841: 184, 20842: 1357, 20843: 1288, 20844: 1291, 20845: 65877, 20846: 226, 20850: 87001, 20852: 1391, 20853: 1300, 20854: 69242, 20856: 63099, 20858: 57070, 20859: 82070, 20860: 63882, 20861: 63882, 20862: 82070, 20863: 82070, 20864: 395, 20872: 953, 20873: 0, 20874: 0, 20875: 75453, 20876: 683, 20877: 65877, 20881: 91053, 20883: 67720, 20884: 83288, 20885: 70500, 20886: 57417, 20887: 69990, 20888: 63882, 20889: 728, 20890: 75379, 20891: 78631, 20892: 65877, 20894: 765, 20895: 65161, 20897: 849, 20900: 1167, 20901: 1223, 20902: 83288, 20904: 1347, 20905: 73383, 20906: 226, 20907: 65161, 20909: 0, 20910: 69242, 20911: 69995, 20913: 59008, 20916: 1182, 20917: 72039, 20918: 57290, 20919: 72039, 20921: 63099, 20922: 87001, 20923: 71117, 20925: 1294, 20926: 146, 20928: 85700, 20929: 51797, 20930: 0, 20931: 75453, 20932: 63099, 20933: 73383, 20934: 1193, 20935: 82070, 20936: 59008, 20937: 146, 20938: 1193, 20939: 1259, 20940: 51797, 20941: 87001, 20942: 64727, 20943: 72051, 20944: 54448, 20948: 83288, 20949: 1193, 20950: 72039, 20951: 63270, 20953: 1391, 20954: 68173, 20955: 1457, 20956: 69995, 20958: 65941, 20959: 57972, 20960: 1399, 20961: 63756, 20962: 58096, 20963: 64727, 20964: 57972, 20965: 146, 20966: 146, 20967: 1502, 20968: 1399, 20969: 1188, 20970: 57972, 20971: 57639, 20973: 1116, 20974: 44206, 20975: 69995, 20977: 1300, 20978: 63756, 20979: 54448, 20980: 85710, 20981: 85710, 20982: 72039, 20983: 1054, 20985: 57972, 20986: 69995, 20987: 63756, 20988: 1502, 20990: 1012, 20992: 91053, 20993: 83288, 20995: 85710, 20997: 57972, 20998: 63882, 20999: 65877, 21000: 82070, 21001: 1154, 21002: 75453, 21003: 65877, 21005: 72039, 21006: 1167, 21007: 68650, 21008: 1182, 21009: 83288, 21011: 63882, 21012: 84328, 21013: 64790, 21014: 83288, 21015: 146, 21016: 59008, 21017: 1193, 21018: 1193, 21019: 57639, 21020: 1014, 21021: 78631, 21022: 1188, 21023: 1543, 21028: 85700, 21030: 86055, 21032: 85710, 21033: 57417, 21034: 1188, 21035: 70500, 21036: 75958, 21037: 728, 21038: 91053, 21039: 54448, 21041: 63099, 21043: 1399, 21045: 67720, 21047: 86055, 21050: 75379, 21053: 0, 21055: 1502, 21056: 57381, 21057: 519, 21058: 58096, 21059: 519, 21060: 519, 21061: 683, 21062: 44206, 21063: 46494, 21064: 57381, 21065: 1543, 21066: 78645, 21067: 683, 21068: 48922, 21069: 46494, 21070: 1288, 21072: 0, 21073: 71117, 21074: 35259, 21075: 68173, 21077: 1540, 21084: 82080, 21085: 87984, 21086: 90942, 21087: 80140, 21091: 1012, 21092: 1357, 21093: 85646, 21096: 89226, 21097: 2076, 21098: 85700, 21099: 2114, 21100: 88653, 21101: 56939, 21102: 2076, 21103: 226, 21104: 75453, 21105: 74355, 21106: 2346, 21107: 73235, 21108: 56939, 21109: 2114, 21110: 90942, 21112: 78631, 21113: 88653, 21115: 2114, 21116: 89226, 21117: 80140, 21118: 85669, 21119: 57649, 21120: 87984, 21121: 2346, 21123: 74355, 21124: 2076, 21125: 57649, 21126: 53429, 21127: 2076, 21128: 53429, 21129: 53429, 21130: 2114, 21132: 74355, 21133: 87984, 21134: 57649, 21135: 57649, 21136: 57649, 21138: 74355, 21139: 56939, 21140: 57649, 21141: 80140, 21142: 53429, 21143: 2114, 21144: 2114, 21145: 74355, 21146: 89226, 21147: 2346, 21148: 53429, 21149: 87984, 21150: 80140, 21151: 86157, 21153: 2076, 21154: 146, 21155: 86213, 21156: 56939, 21157: 1223, 21159: 2346, 21163: 1188, 21164: 87984, 21165: 56939, 21166: 2346, 21167: 56939, 21168: 90998, 21170: 2114, 21171: 56939, 21172: 80140, 21173: 80140, 21174: 88653, 21175: 1223, 21176: 90998, 21177: 80140, 21178: 87984, 21179: 86157, 21180: 88653, 21181: 87984, 21182: 2076, 21184: 86213, 21185: 86213, 21186: 86157, 21187: 0, 21188: 57417, 21189: 0, 21190: 57309, 21191: 184, 21192: 52945, 21193: 65161, 21194: 0, 21195: 1543, 21196: 1347, 21197: 74355, 21198: 2114, 21199: 53429, 21203: 90998, 21205: 88653, 21206: 86213, 21208: 90998, 21209: 89226, 21223: 1502, 21226: 1617, 21227: 91896, 21228: 1543, 21229: 449, 21230: 44206, 21231: 395, 21232: 1502, 21233: 57381, 21234: 182, 21235: 46494, 21236: 1107, 21237: 1107, 21238: 0, 21239: 805, 21240: 35259, 21241: 1502, 21244: 1161, 21249: 80479, 21262: 57070, 21265: 1412, 21271: 51797, 21279: 70500, 21280: 75379, 21288: 1457, 21290: 72051, 21298: 85646, 21303: 728, 21304: 1457, 21305: 46494, 21306: 71117, 21307: 64790, 21308: 1357, 21311: 1294, 21312: 1347, 21313: 1113, 21314: 765, 21315: 57417, 21316: 1357, 21317: 1347, 21318: 1167, 21319: 51797, 21322: 1502, 21324: 550, 21325: 78626, 21326: 1502, 21327: 78626, 21328: 78626, 21329: 519, 21331: 72039, 21333: 226, 21334: 57455, 21335: 85669, 21336: 1540, 21338: 1054, 21339: 1107, 21340: 1294, 21341: 1294, 21344: 69995, 21345: 72039, 21346: 64727, 21348: 1193, 21349: 0, 21351: 1259, 21354: 13828, 21356: 65341, 21357: 64727, 21358: 226, 21363: 184, 21366: 65941, 21369: 1540, 21370: 1540, 21378: 449, 21384: 69242, 21398: 13828, 21445: 74355, 21446: 83288, 21447: 58096, 21448: 1617, 21450: 44206, 21454: 68173, 21455: 78645, 21460: 13699, 21462: 82080, 21463: 57639, 21465: 0, 21468: 1391, 21470: 1113, 21474: 78631, 21475: 1012, 21477: 75958, 21478: 1357, 21479: 1502, 21480: 805, 21481: 1182, 21482: 85687, 21483: 0, 21484: 1540, 21487: 65161, 21488: 1161, 21489: 91053, 21490: 805, 21491: 245, 21492: 85687, 21493: 50453, 21494: 342}",0.0,filho
634349.5636789998,Cruzamento,1733628259.0039322,6,"{20331: 46793, 20332: 48266, 20333: 75421, 20334: 69990, 20335: 46793, 20336: 75421, 20337: 57070, 20338: 1084, 20339: 1482, 20340: 1182, 20341: 1489, 20342: 2048, 20343: 58096, 20344: 1489, 20345: 70373, 20346: 68182, 20347: 48266, 20348: 1182, 20349: 1347, 20350: 70373, 20351: 58096, 20352: 57257, 20353: 63099, 20354: 57257, 20355: 51797, 20356: 765, 20357: 70342, 20358: 57455, 20359: 69990, 20360: 849, 20361: 1583, 20362: 58096, 20363: 1347, 20364: 1294, 20365: 65341, 20366: 1391, 20367: 75453, 20368: 82085, 20369: 90927, 20370: 48266, 20371: 70373, 20372: 70342, 20373: 1583, 20378: 2048, 20379: 1182, 20380: 69242, 20381: 849, 20383: 1482, 20384: 63099, 20385: 63099, 20386: 1412, 20387: 1583, 20388: 63099, 20389: 1482, 20392: 46793, 20393: 70342, 20394: 69990, 20395: 1291, 20396: 728, 20397: 57455, 20398: 49332, 20399: 44206, 20400: 57257, 20401: 849, 20402: 46793, 20403: 57257, 20404: 1502, 20405: 1188, 20406: 82080, 20407: 1543, 20408: 1259, 20409: 46494, 20410: 1259, 20411: 46494, 20412: 913, 20413: 1412, 20414: 1585, 20415: 1617, 20416: 57290, 20417: 449, 20418: 70342, 20419: 805, 20421: 57309, 20422: 46793, 20423: 1585, 20427: 1014, 20428: 683, 20429: 1014, 20432: 1014, 20433: 1188, 20434: 690, 20436: 78645, 20437: 68173, 20438: 69990, 20439: 1502, 20440: 805, 20441: 1014, 20442: 522, 20443: 805, 20444: 59008, 20445: 13828, 20446: 72051, 20447: 78645, 20449: 1012, 20450: 226, 20451: 52945, 20452: 226, 20453: 1585, 20454: 80479, 20455: 70342, 20456: 913, 20457: 63756, 20458: 1012, 20459: 51797, 20460: 50588, 20461: 1585, 20462: 1457, 20463: 57070, 20465: 48266, 20466: 52945, 20467: 75421, 20468: 69990, 20469: 46494, 20471: 683, 20472: 743, 20473: 1585, 20475: 69242, 20476: 395, 20481: 1288, 20482: 80479, 20484: 63270, 20485: 57455, 20486: 52945, 20487: 57381, 20488: 1107, 20489: 743, 20490: 1188, 20491: 72051, 20492: 82080, 20493: 71117, 20494: 91896, 20495: 78645, 20496: 75453, 20497: 69995, 20499: 1167, 20501: 65877, 20503: 57972, 20504: 1288, 20505: 1113, 20506: 71117, 20507: 69995, 20508: 913, 20509: 63270, 20510: 54448, 20511: 75379, 20512: 54448, 20513: 70342, 20514: 1154, 20515: 913, 20517: 75379, 20518: 35245, 20519: 913, 20520: 80479, 20521: 1012, 20522: 52945, 20523: 395, 20524: 728, 20525: 805, 20527: 82080, 20528: 743, 20530: 59008, 20531: 67720, 20532: 1107, 20533: 57257, 20534: 50588, 20535: 71117, 20536: 48922, 20537: 69990, 20538: 48922, 20539: 75958, 20540: 69985, 20541: 69990, 20542: 1617, 20543: 91896, 20544: 69985, 20545: 743, 20546: 44206, 20547: 64790, 20549: 80479, 20550: 51797, 20552: 1288, 20553: 1502, 20554: 57290, 20555: 62344, 20556: 65877, 20557: 75379, 20558: 1107, 20559: 1391, 20560: 65877, 20561: 85710, 20563: 1167, 20564: 57070, 20565: 69990, 20567: 849, 20569: 52945, 20570: 91896, 20571: 1585, 20572: 1288, 20573: 35259, 20574: 48922, 20575: 44206, 20576: 75958, 20577: 69985, 20578: 1347, 20579: 71117, 20580: 68173, 20581: 1014, 20582: 35259, 20583: 1288, 20584: 71117, 20585: 2048, 20587: 1012, 20588: 63270, 20589: 52945, 20590: 82080, 20591: 57455, 20592: 683, 20593: 805, 20594: 72051, 20595: 59008, 20596: 1347, 20597: 1585, 20599: 64727, 20600: 49332, 20601: 75379, 20602: 35245, 20605: 35245, 20606: 50588, 20607: 913, 20608: 57417, 20609: 1585, 20610: 1482, 20611: 1107, 20612: 686, 20613: 57309, 20614: 1167, 20615: 75453, 20616: 953, 20617: 61726, 20618: 85669, 20619: 1182, 20620: 1054, 20621: 1457, 20622: 849, 20624: 226, 20625: 1457, 20626: 69995, 20628: 1540, 20630: 69995, 20631: 449, 20633: 69242, 20634: 73383, 20635: 1583, 20636: 54448, 20637: 1583, 20638: 226, 20639: 1391, 20640: 52945, 20641: 85669, 20642: 62344, 20643: 1391, 20645: 52945, 20646: 85669, 20647: 57639, 20648: 686, 20650: 686, 20651: 1193, 20652: 58096, 20653: 1391, 20654: 953, 20655: 1482, 20656: 1084, 20659: 70342, 20661: 64727, 20662: 57309, 20663: 1161, 20669: 69242, 20670: 65877, 20671: 1540, 20672: 57972, 20673: 57639, 20675: 78631, 20676: 78631, 20677: 61726, 20678: 75379, 20680: 69990, 20681: 1188, 20684: 1543, 20688: 805, 20689: 50588, 20690: 64727, 20692: 1182, 20693: 58096, 20694: 913, 20695: 75453, 20696: 75379, 20697: 184, 20698: 85669, 20699: 70342, 20700: 54448, 20701: 54448, 20702: 1288, 20703: 66626, 20704: 1173, 20705: 50588, 20706: 57309, 20707: 54448, 20708: 1399, 20709: 1161, 20710: 1161, 20711: 1014, 20712: 0, 20713: 57257, 20714: 52945, 20715: 57290, 20716: 913, 20717: 58543, 20719: 54448, 20720: 75453, 20721: 1012, 20722: 46494, 20723: 1489, 20724: 80479, 20725: 78631, 20726: 46793, 20727: 62344, 20729: 48266, 20730: 1113, 20731: 743, 20732: 765, 20734: 690, 20735: 65877, 20736: 522, 20737: 44206, 20739: 65877, 20740: 1188, 20741: 1357, 20742: 1116, 20743: 78631, 20744: 69995, 20746: 69990, 20747: 57309, 20748: 1107, 20749: 57639, 20750: 849, 20751: 1012, 20752: 190, 20754: 743, 20757: 1585, 20758: 54448, 20759: 57639, 20761: 70373, 20762: 1084, 20763: 63099, 20764: 1617, 20765: 1347, 20766: 70373, 20768: 0, 20769: 519, 20770: 77145, 20773: 1347, 20774: 57290, 20775: 58096, 20777: 1182, 20778: 2048, 20779: 70500, 20781: 57290, 20782: 67720, 20784: 57070, 20785: 57070, 20786: 1167, 20789: 728, 20790: 58543, 20791: 184, 20792: 82085, 20793: 70500, 20794: 49332, 20795: 69242, 20796: 68650, 20797: 2048, 20798: 70373, 20799: 69242, 20800: 1482, 20802: 57381, 20803: 68650, 20804: 68650, 20805: 13699, 20806: 58543, 20807: 57381, 20808: 85687, 20809: 58096, 20810: 46793, 20811: 48266, 20813: 49332, 20814: 49332, 20815: 82067, 20816: 57309, 20817: 82067, 20818: 58096, 20819: 1502, 20820: 85669, 20821: 78631, 20822: 1399, 20823: 1014, 20824: 226, 20825: 849, 20826: 85710, 20827: 62344, 20828: 63270, 20829: 1259, 20831: 1391, 20832: 1399, 20833: 1617, 20834: 86055, 20835: 62344, 20836: 849, 20837: 0, 20838: 1347, 20840: 1583, 20841: 57455, 20842: 83288, 20843: 57290, 20844: 1482, 20845: 57639, 20846: 1223, 20850: 87001, 20852: 57309, 20853: 1457, 20854: 1585, 20856: 686, 20858: 70373, 20859: 82070, 20860: 63882, 20861: 63882, 20862: 82070, 20863: 82070, 20864: 395, 20872: 953, 20873: 226, 20874: 0, 20875: 64727, 20876: 805, 20877: 63882, 20881: 64727, 20883: 70500, 20884: 82070, 20885: 1391, 20886: 67720, 20887: 1457, 20888: 82070, 20889: 1502, 20890: 91053, 20891: 1391, 20892: 72039, 20894: 765, 20895: 44206, 20897: 85669, 20900: 1167, 20901: 68650, 20902: 83288, 20904: 1188, 20905: 73383, 20906: 849, 20907: 1188, 20909: 65877, 20910: 72051, 20911: 1107, 20913: 73383, 20916: 1116, 20917: 84328, 20918: 69990, 20919: 84328, 20921: 63099, 20922: 82070, 20923: 57381, 20925: 1294, 20926: 65941, 20928: 1300, 20929: 51797, 20930: 0, 20931: 1223, 20932: 64790, 20933: 743, 20934: 1193, 20935: 63882, 20936: 65941, 20937: 67720, 20938: 1193, 20939: 395, 20940: 65161, 20941: 87001, 20942: 75379, 20943: 57290, 20944: 59008, 20948: 65877, 20949: 1193, 20950: 63882, 20951: 64790, 20953: 64727, 20954: 48922, 20955: 1116, 20956: 58096, 20958: 63756, 20959: 87001, 20960: 1399, 20961: 1502, 20962: 184, 20963: 146, 20964: 72039, 20965: 65941, 20966: 59008, 20967: 85710, 20968: 75453, 20969: 1300, 20970: 72039, 20971: 59008, 20973: 1054, 20974: 63756, 20975: 58096, 20977: 1399, 20978: 1502, 20979: 1193, 20980: 63756, 20981: 57070, 20982: 83288, 20983: 57972, 20985: 83288, 20986: 1167, 20987: 0, 20988: 63756, 20990: 57972, 20992: 57417, 20993: 83288, 20995: 85710, 20997: 72039, 20998: 63882, 20999: 57972, 21000: 82070, 21001: 78631, 21002: 1167, 21003: 57972, 21005: 83288, 21006: 57070, 21007: 1300, 21008: 69995, 21009: 57972, 21011: 87001, 21012: 84328, 21013: 57639, 21014: 65877, 21015: 91053, 21016: 146, 21017: 85700, 21018: 35245, 21019: 63756, 21020: 68173, 21021: 1188, 21022: 63270, 21023: 1457, 21028: 86055, 21030: 85700, 21032: 54448, 21033: 728, 21034: 57417, 21035: 1399, 21036: 91896, 21037: 2048, 21038: 1457, 21039: 1300, 21041: 72051, 21043: 146, 21045: 75453, 21047: 57290, 21050: 57639, 21053: 1294, 21055: 82080, 21056: 57381, 21057: 449, 21058: 63756, 21059: 1107, 21060: 1107, 21061: 78645, 21062: 1014, 21063: 46494, 21064: 1014, 21065: 1188, 21066: 1259, 21067: 683, 21068: 72051, 21069: 72051, 21070: 57290, 21072: 71117, 21073: 69995, 21074: 1617, 21075: 78645, 21077: 1540, 21084: 67720, 21085: 88653, 21086: 90942, 21087: 57649, 21091: 85710, 21092: 58096, 21093: 85646, 21096: 2346, 21097: 74355, 21098: 63756, 21099: 2114, 21100: 2076, 21101: 2346, 21102: 2114, 21103: 1116, 21104: 59008, 21105: 80140, 21106: 2114, 21107: 73235, 21108: 56939, 21109: 56939, 21110: 80140, 21112: 1391, 21113: 89226, 21115: 2114, 21116: 89226, 21117: 80140, 21118: 83288, 21119: 89226, 21120: 2076, 21121: 74355, 21123: 80140, 21124: 88653, 21125: 88653, 21126: 74355, 21127: 56939, 21128: 74355, 21129: 74355, 21130: 53429, 21132: 57649, 21133: 87984, 21134: 53429, 21135: 56939, 21136: 53429, 21138: 57649, 21139: 56939, 21140: 57649, 21141: 86157, 21142: 80140, 21143: 53429, 21144: 2114, 21145: 53429, 21146: 89226, 21147: 88653, 21148: 53429, 21149: 80140, 21150: 80140, 21151: 86213, 21153: 53429, 21154: 1223, 21155: 86157, 21156: 87984, 21157: 1288, 21159: 2346, 21163: 146, 21164: 86157, 21165: 80140, 21166: 90998, 21167: 87984, 21168: 90998, 21170: 90998, 21171: 86213, 21172: 57649, 21173: 2076, 21174: 2114, 21175: 0, 21176: 2076, 21177: 87984, 21178: 88653, 21179: 56939, 21180: 2346, 21181: 57649, 21182: 86157, 21184: 87984, 21185: 0, 21186: 2076, 21187: 0, 21188: 0, 21189: 0, 21190: 63270, 21191: 184, 21192: 1223, 21193: 70500, 21194: 0, 21195: 1167, 21196: 70342, 21197: 74355, 21198: 2114, 21199: 86213, 21203: 2076, 21205: 53429, 21206: 86213, 21208: 87984, 21209: 89226, 21223: 1585, 21226: 1014, 21227: 69985, 21228: 46494, 21229: 395, 21230: 78645, 21231: 395, 21232: 1259, 21233: 683, 21234: 70342, 21235: 1259, 21236: 57381, 21237: 71117, 21238: 1543, 21239: 72051, 21240: 1107, 21241: 1347, 21244: 66626, 21249: 1012, 21262: 57070, 21265: 13699, 21271: 91053, 21279: 59008, 21280: 59008, 21288: 57290, 21290: 51797, 21298: 57639, 21303: 1347, 21304: 35259, 21305: 35259, 21306: 226, 21307: 64790, 21308: 1113, 21311: 1540, 21312: 1294, 21313: 35259, 21314: 88486, 21315: 57417, 21316: 1054, 21317: 1347, 21318: 57455, 21319: 51797, 21322: 690, 21324: 13828, 21325: 13828, 21326: 35259, 21327: 1347, 21328: 519, 21329: 78626, 21331: 72039, 21333: 57455, 21334: 57455, 21335: 226, 21336: 765, 21338: 1502, 21339: 1054, 21340: 1107, 21341: 1294, 21344: 1300, 21345: 72039, 21346: 91053, 21348: 63099, 21349: 0, 21351: 69990, 21354: 519, 21356: 90927, 21357: 75379, 21358: 184, 21363: 57257, 21366: 65941, 21369: 765, 21370: 63756, 21378: 68173, 21384: 44206, 21398: 78626, 21445: 74355, 21446: 62344, 21447: 1347, 21448: 67720, 21450: 1014, 21454: 68173, 21455: 683, 21460: 0, 21462: 82080, 21463: 61726, 21465: 0, 21468: 85669, 21470: 63756, 21474: 46494, 21475: 1012, 21477: 91896, 21478: 69990, 21479: 71117, 21480: 805, 21481: 85687, 21482: 1391, 21483: 0, 21484: 1167, 21487: 65941, 21488: 65161, 21489: 65161, 21490: 0, 21491: 1113, 21492: 1116, 21493: 50453, 21494: 342}",0.0,filho
634683.3989929999,Cruzamento,1733628259.0039322,6,"{20331: 1084, 20332: 46793, 20333: 1489, 20334: 1412, 20335: 1294, 20336: 82085, 20337: 65341, 20338: 48266, 20339: 46793, 20340: 1412, 20341: 1294, 20342: 1182, 20343: 70342, 20344: 849, 20345: 63099, 20346: 1084, 20347: 1489, 20348: 48266, 20349: 1347, 20350: 69990, 20351: 1347, 20352: 57309, 20353: 57257, 20354: 46793, 20355: 1347, 20356: 849, 20357: 1583, 20358: 2048, 20359: 1291, 20360: 765, 20361: 75421, 20362: 1489, 20363: 1412, 20364: 70342, 20365: 70171, 20366: 70171, 20367: 77145, 20368: 65341, 20369: 75453, 20370: 48266, 20371: 1347, 20372: 46793, 20373: 1617, 20378: 65341, 20379: 75421, 20380: 1489, 20381: 1182, 20383: 57257, 20384: 63099, 20385: 57257, 20386: 13699, 20387: 70342, 20388: 1084, 20389: 75421, 20392: 849, 20393: 69242, 20394: 51797, 20395: 48266, 20396: 449, 20397: 1583, 20398: 765, 20399: 44206, 20400: 46793, 20401: 1412, 20402: 48266, 20403: 184, 20404: 743, 20405: 82080, 20406: 728, 20407: 395, 20408: 449, 20409: 35259, 20410: 690, 20411: 67720, 20412: 75379, 20413: 1482, 20414: 67720, 20415: 71117, 20416: 70342, 20417: 57381, 20418: 82080, 20419: 519, 20421: 1294, 20422: 1489, 20423: 1585, 20427: 44206, 20428: 57381, 20429: 449, 20432: 1543, 20433: 449, 20434: 46494, 20436: 805, 20437: 69242, 20438: 69990, 20439: 1259, 20440: 743, 20441: 46494, 20442: 69985, 20443: 690, 20444: 82080, 20445: 805, 20446: 67720, 20447: 78645, 20449: 1012, 20450: 69995, 20451: 80479, 20452: 57455, 20453: 57455, 20454: 52945, 20455: 913, 20456: 50588, 20457: 51797, 20458: 913, 20459: 1161, 20460: 1585, 20461: 63270, 20462: 69995, 20463: 49332, 20465: 65341, 20466: 1012, 20467: 1291, 20468: 1107, 20469: 1259, 20471: 57381, 20472: 57381, 20473: 743, 20475: 72051, 20476: 1617, 20481: 1107, 20482: 75379, 20484: 52945, 20485: 75379, 20486: 54448, 20487: 449, 20488: 1188, 20489: 69990, 20490: 70342, 20491: 67720, 20492: 805, 20493: 1107, 20494: 46494, 20495: 683, 20496: 75453, 20497: 50588, 20499: 65877, 20501: 44206, 20503: 57639, 20504: 69990, 20505: 62344, 20506: 85710, 20507: 1357, 20508: 1161, 20509: 50588, 20510: 913, 20511: 85646, 20512: 70342, 20513: 1291, 20514: 64790, 20515: 913, 20517: 69995, 20518: 69995, 20519: 63270, 20520: 52945, 20521: 65161, 20522: 1161, 20523: 1259, 20524: 68173, 20525: 519, 20527: 82080, 20528: 1502, 20530: 46494, 20531: 59008, 20532: 805, 20533: 75421, 20534: 65161, 20535: 48922, 20536: 44206, 20537: 69985, 20538: 69990, 20539: 449, 20540: 690, 20541: 1617, 20542: 75958, 20543: 48922, 20544: 728, 20545: 91896, 20546: 71117, 20547: 58543, 20549: 52945, 20550: 1012, 20552: 1014, 20553: 728, 20554: 57381, 20555: 46494, 20556: 57639, 20557: 190, 20558: 1107, 20559: 58096, 20560: 1116, 20561: 44206, 20563: 61726, 20564: 1012, 20565: 1391, 20567: 46494, 20569: 51797, 20570: 70342, 20571: 1585, 20572: 71117, 20573: 75958, 20574: 44206, 20575: 48922, 20576: 1585, 20577: 690, 20578: 91896, 20579: 449, 20580: 68173, 20581: 75958, 20582: 70342, 20583: 1288, 20584: 35259, 20585: 58096, 20587: 1012, 20588: 70342, 20589: 50588, 20590: 35259, 20591: 449, 20592: 1188, 20593: 57290, 20594: 743, 20595: 1502, 20596: 690, 20597: 82080, 20599: 64727, 20600: 226, 20601: 63270, 20602: 35245, 20605: 226, 20606: 66626, 20607: 64727, 20608: 395, 20609: 66626, 20610: 1291, 20611: 75453, 20612: 61726, 20613: 71117, 20614: 65877, 20615: 1457, 20616: 61726, 20617: 61726, 20618: 69995, 20619: 57309, 20620: 1054, 20621: 226, 20622: 85669, 20624: 765, 20625: 65877, 20626: 69990, 20628: 1107, 20630: 913, 20631: 1188, 20633: 1188, 20634: 1347, 20635: 13699, 20636: 1161, 20637: 1583, 20638: 728, 20639: 953, 20640: 62344, 20641: 57639, 20642: 686, 20643: 1193, 20645: 62344, 20646: 85669, 20647: 1193, 20648: 686, 20650: 953, 20651: 85669, 20652: 1391, 20653: 953, 20654: 57639, 20655: 63099, 20656: 1084, 20659: 1161, 20661: 75379, 20662: 75421, 20663: 50588, 20669: 72051, 20670: 78631, 20671: 61726, 20672: 73235, 20673: 35259, 20675: 57309, 20676: 1391, 20677: 57639, 20678: 75453, 20680: 1617, 20681: 743, 20684: 1543, 20688: 683, 20689: 69995, 20690: 50588, 20692: 69990, 20693: 58096, 20694: 54448, 20695: 57257, 20696: 50588, 20697: 1182, 20698: 62344, 20699: 1173, 20700: 63756, 20701: 64727, 20702: 57639, 20703: 1161, 20704: 54448, 20705: 913, 20706: 48266, 20707: 63756, 20708: 1294, 20709: 1161, 20710: 1161, 20711: 1543, 20712: 0, 20713: 70373, 20714: 52945, 20715: 48922, 20716: 913, 20717: 62344, 20719: 80479, 20720: 1347, 20721: 46793, 20722: 805, 20723: 70342, 20724: 0, 20725: 57639, 20726: 0, 20727: 1054, 20729: 1182, 20730: 35259, 20731: 69985, 20732: 75379, 20734: 690, 20735: 78631, 20736: 46494, 20737: 73383, 20739: 65877, 20740: 57381, 20741: 78631, 20742: 1012, 20743: 75379, 20744: 1300, 20746: 58096, 20747: 184, 20748: 62344, 20749: 1347, 20750: 190, 20751: 65877, 20752: 1182, 20754: 1543, 20757: 913, 20758: 1161, 20759: 52945, 20761: 1084, 20762: 1347, 20763: 686, 20764: 1482, 20765: 63099, 20766: 686, 20768: 184, 20769: 395, 20770: 77145, 20773: 49332, 20774: 78631, 20775: 2048, 20777: 1391, 20778: 69995, 20779: 57417, 20781: 2048, 20782: 1288, 20784: 52945, 20785: 146, 20786: 49332, 20789: 805, 20790: 1540, 20791: 1347, 20792: 1617, 20793: 1543, 20794: 70342, 20795: 44206, 20796: 57070, 20797: 70373, 20798: 69242, 20799: 1084, 20800: 13699, 20802: 683, 20803: 68650, 20804: 78631, 20805: 75421, 20806: 1391, 20807: 67720, 20808: 82067, 20809: 1291, 20810: 63099, 20811: 57070, 20813: 49332, 20814: 1617, 20815: 82067, 20816: 184, 20817: 82067, 20818: 1107, 20819: 1543, 20820: 1167, 20821: 65877, 20822: 849, 20823: 1259, 20824: 78631, 20825: 83288, 20826: 1154, 20827: 1012, 20828: 728, 20829: 71117, 20831: 1391, 20832: 1167, 20833: 1482, 20834: 57290, 20835: 65877, 20836: 57455, 20837: 0, 20838: 85687, 20840: 57455, 20841: 184, 20842: 849, 20843: 1167, 20844: 184, 20845: 1347, 20846: 226, 20850: 83288, 20852: 57309, 20853: 1223, 20854: 82080, 20856: 46793, 20858: 57070, 20859: 82070, 20860: 82070, 20861: 63882, 20862: 63882, 20863: 82070, 20864: 35245, 20872: 953, 20873: 1457, 20874: 0, 20875: 78631, 20876: 743, 20877: 63882, 20881: 57639, 20883: 57309, 20884: 63882, 20885: 75379, 20886: 57417, 20887: 1054, 20888: 57972, 20889: 71117, 20890: 91053, 20891: 85646, 20892: 65877, 20894: 1054, 20895: 1193, 20897: 61726, 20900: 65877, 20901: 1288, 20902: 65877, 20904: 85700, 20905: 1259, 20906: 765, 20907: 70500, 20909: 0, 20910: 522, 20911: 1540, 20913: 690, 20916: 1540, 20917: 82070, 20918: 73383, 20919: 84328, 20921: 52945, 20922: 84328, 20923: 68173, 20925: 1294, 20926: 75453, 20928: 65941, 20929: 51797, 20930: 0, 20931: 48266, 20932: 146, 20933: 57290, 20934: 63099, 20935: 72039, 20936: 146, 20937: 67720, 20938: 1193, 20939: 35259, 20940: 65941, 20941: 87001, 20942: 59008, 20943: 46494, 20944: 75453, 20948: 63882, 20949: 63756, 20950: 84328, 20951: 65161, 20953: 1399, 20954: 68173, 20955: 1116, 20956: 728, 20958: 51797, 20959: 83288, 20960: 64727, 20961: 1116, 20962: 65161, 20963: 1193, 20964: 57972, 20965: 70500, 20966: 67720, 20967: 85710, 20968: 75379, 20969: 65941, 20970: 65877, 20971: 64790, 20973: 63756, 20974: 54448, 20975: 1399, 20977: 68650, 20978: 85710, 20979: 64790, 20980: 64727, 20981: 67720, 20982: 87001, 20983: 57972, 20985: 72039, 20986: 395, 20987: 44206, 20988: 57972, 20990: 85710, 20992: 63270, 20993: 83288, 20995: 1502, 20997: 83288, 20998: 63882, 20999: 87001, 21000: 82070, 21001: 1399, 21002: 1540, 21003: 72039, 21005: 65877, 21006: 57417, 21007: 57639, 21008: 849, 21009: 83288, 21011: 63882, 21012: 87001, 21013: 58543, 21014: 65877, 21015: 51797, 21016: 85700, 21017: 64790, 21018: 146, 21019: 65941, 21020: 743, 21021: 85710, 21022: 1391, 21023: 63270, 21028: 85700, 21030: 86055, 21032: 58543, 21033: 91053, 21034: 1399, 21035: 1300, 21036: 449, 21037: 1457, 21038: 63270, 21039: 75379, 21041: 1223, 21043: 57309, 21045: 63756, 21047: 57290, 21050: 1161, 21053: 1294, 21055: 1585, 21056: 57381, 21057: 1107, 21058: 46494, 21059: 449, 21060: 519, 21061: 68173, 21062: 78645, 21063: 683, 21064: 1543, 21065: 1107, 21066: 44206, 21067: 1188, 21068: 73383, 21069: 73383, 21070: 1543, 21072: 57381, 21073: 1457, 21074: 59008, 21075: 78645, 21077: 1193, 21084: 67720, 21085: 2076, 21086: 89226, 21087: 80140, 21091: 1116, 21092: 1161, 21093: 85710, 21096: 80140, 21097: 56939, 21098: 35245, 21099: 90998, 21100: 2346, 21101: 88653, 21102: 88653, 21103: 1116, 21104: 67720, 21105: 2346, 21106: 2114, 21107: 1540, 21108: 80140, 21109: 53429, 21110: 80140, 21112: 57309, 21113: 56939, 21115: 88653, 21116: 57649, 21117: 74355, 21118: 44206, 21119: 74355, 21120: 2114, 21121: 2076, 21123: 53429, 21124: 56939, 21125: 53429, 21126: 2114, 21127: 53429, 21128: 2114, 21129: 2114, 21130: 53429, 21132: 57649, 21133: 2114, 21134: 57649, 21135: 74355, 21136: 74355, 21138: 57649, 21139: 56939, 21140: 57649, 21141: 80140, 21142: 89226, 21143: 74355, 21144: 2114, 21145: 74355, 21146: 89226, 21147: 2346, 21148: 80140, 21149: 87984, 21150: 80140, 21151: 86213, 21153: 2346, 21154: 146, 21155: 86157, 21156: 86157, 21157: 1223, 21159: 88653, 21163: 1288, 21164: 86213, 21165: 90998, 21166: 2346, 21167: 86213, 21168: 2076, 21170: 86213, 21171: 87984, 21172: 90998, 21173: 56939, 21174: 90998, 21175: 1223, 21176: 2114, 21177: 53429, 21178: 87984, 21179: 53429, 21180: 88653, 21181: 88653, 21182: 80140, 21184: 2076, 21185: 0, 21186: 2076, 21187: 0, 21188: 57417, 21189: 0, 21190: 78631, 21191: 184, 21192: 65941, 21193: 72051, 21194: 0, 21195: 44206, 21196: 57070, 21197: 53429, 21198: 2114, 21199: 86213, 21203: 87984, 21205: 53429, 21206: 87984, 21208: 90998, 21209: 89226, 21223: 519, 21226: 1014, 21227: 75958, 21228: 1347, 21229: 449, 21230: 48922, 21231: 449, 21232: 69242, 21233: 182, 21234: 57381, 21235: 1502, 21236: 46494, 21237: 71117, 21238: 57290, 21239: 0, 21240: 57455, 21241: 1502, 21244: 1173, 21249: 1012, 21262: 1182, 21265: 1084, 21271: 64790, 21279: 57417, 21280: 70500, 21288: 1399, 21290: 59008, 21298: 72051, 21303: 1347, 21304: 46494, 21305: 1167, 21306: 35259, 21307: 728, 21308: 1167, 21311: 1357, 21312: 765, 21313: 63756, 21314: 1113, 21315: 395, 21316: 85669, 21317: 1540, 21318: 1347, 21319: 1294, 21322: 683, 21324: 35259, 21325: 78626, 21326: 728, 21327: 35259, 21328: 13828, 21329: 550, 21331: 87001, 21333: 226, 21334: 57455, 21335: 88486, 21336: 1167, 21338: 1113, 21339: 1502, 21340: 1357, 21341: 765, 21344: 69995, 21345: 0, 21346: 59008, 21348: 63099, 21349: 0, 21351: 48922, 21354: 805, 21356: 70171, 21357: 64727, 21358: 226, 21363: 65341, 21366: 75453, 21369: 46494, 21370: 1294, 21378: 1259, 21384: 1107, 21398: 78626, 21445: 2114, 21446: 78631, 21447: 75379, 21448: 68173, 21450: 1502, 21454: 57290, 21455: 1188, 21460: 0, 21462: 1585, 21463: 75379, 21465: 0, 21468: 1012, 21470: 765, 21474: 190, 21475: 1012, 21477: 59008, 21478: 686, 21479: 1054, 21480: 805, 21481: 1161, 21482: 44206, 21483: 0, 21484: 1457, 21487: 146, 21488: 50588, 21489: 70500, 21490: 519, 21491: 1113, 21492: 85687, 21493: 50453, 21494: 342}",0.0,filho
638885.5902986667,Cruzamento,1733628262.1123984,7,"{20331: 1482, 20332: 1347, 20333: 70342, 20334: 82085, 20335: 1084, 20336: 57257, 20337: 69990, 20338: 57070, 20339: 48266, 20340: 57309, 20341: 1182, 20342: 58096, 20343: 2048, 20344: 1182, 20345: 1412, 20346: 1291, 20347: 69242, 20348: 1347, 20349: 51797, 20350: 70373, 20351: 849, 20352: 184, 20353: 70373, 20354: 75453, 20355: 48266, 20356: 2048, 20357: 184, 20358: 1617, 20359: 1294, 20360: 70342, 20361: 58096, 20362: 2048, 20363: 1482, 20364: 82085, 20365: 65341, 20366: 90927, 20367: 1391, 20368: 1617, 20369: 70171, 20370: 70373, 20371: 57070, 20372: 70342, 20373: 48266, 20378: 1291, 20379: 1583, 20380: 1489, 20381: 58096, 20383: 75421, 20384: 57257, 20385: 69990, 20386: 57257, 20387: 1482, 20388: 13699, 20389: 13699, 20392: 48266, 20393: 69242, 20394: 69990, 20395: 57455, 20396: 395, 20397: 57455, 20398: 765, 20399: 57290, 20400: 1617, 20401: 46793, 20402: 46793, 20403: 765, 20404: 1188, 20405: 46494, 20406: 68173, 20407: 519, 20408: 57455, 20409: 1617, 20410: 67720, 20411: 743, 20412: 54448, 20413: 57070, 20414: 690, 20415: 82080, 20416: 1259, 20417: 683, 20418: 728, 20419: 395, 20421: 1347, 20422: 58096, 20423: 82080, 20427: 46494, 20428: 1259, 20429: 1543, 20432: 72051, 20433: 68173, 20434: 1014, 20436: 69985, 20437: 1543, 20438: 68173, 20439: 1107, 20440: 46494, 20441: 48922, 20442: 683, 20443: 1014, 20444: 743, 20445: 1107, 20446: 1347, 20447: 182, 20449: 35245, 20450: 226, 20451: 75379, 20452: 226, 20453: 1012, 20454: 57455, 20455: 70342, 20456: 50588, 20457: 65161, 20458: 46793, 20459: 1161, 20460: 70342, 20461: 1585, 20462: 67720, 20463: 58096, 20465: 1291, 20466: 35245, 20467: 184, 20468: 69985, 20469: 1502, 20471: 44206, 20472: 805, 20473: 69242, 20475: 72051, 20476: 69990, 20481: 57381, 20482: 46793, 20484: 63270, 20485: 52945, 20486: 52945, 20487: 1502, 20488: 82080, 20489: 519, 20490: 68173, 20491: 690, 20492: 1014, 20493: 59008, 20494: 67720, 20495: 1188, 20496: 849, 20497: 50588, 20499: 58096, 20501: 78631, 20503: 69995, 20504: 1107, 20505: 88486, 20506: 1502, 20507: 1012, 20508: 63270, 20509: 52945, 20510: 54448, 20511: 75379, 20512: 913, 20513: 1583, 20514: 1223, 20515: 54448, 20517: 57455, 20518: 70342, 20519: 85646, 20520: 913, 20521: 913, 20522: 52945, 20523: 68173, 20524: 57381, 20525: 690, 20527: 70342, 20528: 1014, 20530: 71117, 20531: 1259, 20532: 1107, 20533: 69990, 20534: 913, 20535: 35259, 20536: 44206, 20537: 75958, 20538: 35259, 20539: 70342, 20540: 67720, 20541: 1014, 20542: 48922, 20543: 59008, 20544: 1014, 20545: 449, 20546: 1585, 20547: 69995, 20549: 913, 20550: 1161, 20552: 1502, 20553: 728, 20554: 1188, 20555: 85710, 20556: 1182, 20557: 849, 20558: 1399, 20559: 1391, 20560: 1116, 20561: 57070, 20563: 78631, 20564: 44206, 20565: 1167, 20567: 1457, 20569: 63756, 20570: 59008, 20571: 743, 20572: 68173, 20573: 728, 20574: 70342, 20575: 1347, 20576: 44206, 20577: 690, 20578: 91896, 20579: 75958, 20580: 449, 20581: 69990, 20582: 35259, 20583: 69985, 20584: 91896, 20585: 75379, 20587: 63756, 20588: 85646, 20589: 913, 20590: 46494, 20591: 1259, 20592: 57290, 20593: 69985, 20594: 70342, 20595: 1502, 20596: 67720, 20597: 69985, 20599: 1585, 20600: 75379, 20601: 1161, 20602: 226, 20605: 35245, 20606: 64727, 20607: 1585, 20608: 1223, 20609: 64727, 20610: 1482, 20611: 65877, 20612: 69995, 20613: 1457, 20614: 69995, 20615: 686, 20616: 69990, 20617: 1540, 20618: 1116, 20619: 85710, 20620: 1107, 20621: 1107, 20622: 75453, 20624: 75453, 20625: 686, 20626: 953, 20628: 953, 20630: 66626, 20631: 1543, 20633: 46494, 20634: 690, 20635: 68182, 20636: 54448, 20637: 75421, 20638: 1288, 20639: 1391, 20640: 85669, 20641: 57639, 20642: 1193, 20643: 62344, 20645: 52945, 20646: 52945, 20647: 1193, 20648: 58096, 20650: 953, 20651: 85669, 20652: 1391, 20653: 57639, 20654: 686, 20655: 1583, 20656: 70342, 20659: 1173, 20661: 75379, 20662: 75453, 20663: 913, 20669: 69985, 20670: 35259, 20671: 57639, 20672: 65877, 20673: 73235, 20675: 61726, 20676: 75453, 20677: 1540, 20678: 78631, 20680: 1543, 20681: 728, 20684: 743, 20688: 82080, 20689: 1161, 20690: 66626, 20692: 57257, 20693: 58543, 20694: 913, 20695: 1489, 20696: 1161, 20697: 184, 20698: 62344, 20699: 50588, 20700: 1173, 20701: 63756, 20702: 1182, 20703: 54448, 20704: 63756, 20705: 64727, 20706: 69242, 20707: 63756, 20708: 1054, 20709: 1161, 20710: 1161, 20711: 68173, 20712: 0, 20713: 75421, 20714: 52945, 20715: 73383, 20716: 70342, 20717: 58543, 20719: 52945, 20720: 46793, 20721: 1012, 20722: 46494, 20723: 184, 20724: 46793, 20725: 78631, 20726: 80479, 20727: 1347, 20729: 1412, 20730: 57972, 20731: 1014, 20732: 83288, 20734: 57455, 20735: 62344, 20736: 73383, 20737: 59008, 20739: 75379, 20740: 1543, 20741: 85710, 20742: 75379, 20743: 686, 20744: 395, 20746: 1457, 20747: 49332, 20748: 1357, 20749: 63756, 20750: 1012, 20751: 85710, 20752: 46494, 20754: 1259, 20757: 1012, 20758: 35245, 20759: 58096, 20761: 63099, 20762: 75453, 20763: 1084, 20764: 1617, 20765: 1482, 20766: 75453, 20768: 0, 20769: 449, 20770: 77145, 20773: 63270, 20774: 1300, 20775: 57070, 20777: 57070, 20778: 146, 20779: 1347, 20781: 1543, 20782: 1223, 20784: 146, 20785: 146, 20786: 1154, 20789: 690, 20790: 58543, 20791: 1583, 20792: 49332, 20793: 728, 20794: 48266, 20795: 44206, 20796: 78631, 20797: 69242, 20798: 75421, 20799: 2048, 20800: 13699, 20802: 13828, 20803: 1288, 20804: 1154, 20805: 13699, 20806: 1391, 20807: 522, 20808: 85687, 20809: 1347, 20810: 46793, 20811: 70342, 20813: 70373, 20814: 2048, 20815: 85687, 20816: 184, 20817: 85687, 20818: 1347, 20819: 1502, 20820: 62344, 20821: 62344, 20822: 849, 20823: 805, 20824: 57309, 20825: 78631, 20826: 184, 20827: 69990, 20828: 70500, 20829: 1347, 20831: 57290, 20832: 1182, 20833: 1294, 20834: 72051, 20835: 1399, 20836: 58096, 20837: 70373, 20838: 1502, 20840: 49332, 20841: 1182, 20842: 58096, 20843: 1223, 20844: 82085, 20845: 85669, 20846: 1300, 20850: 72039, 20852: 1391, 20853: 1167, 20854: 82080, 20856: 46793, 20858: 70373, 20859: 82070, 20860: 82070, 20861: 63882, 20862: 63882, 20863: 82070, 20864: 395, 20872: 953, 20873: 35245, 20874: 0, 20875: 91053, 20876: 13828, 20877: 57972, 20881: 57417, 20883: 57639, 20884: 83288, 20885: 57417, 20886: 78631, 20887: 71117, 20888: 63882, 20889: 57381, 20890: 59008, 20891: 70500, 20892: 82070, 20894: 69990, 20895: 63270, 20897: 226, 20900: 953, 20901: 1223, 20902: 72039, 20904: 1300, 20905: 44206, 20906: 75453, 20907: 65941, 20909: 65877, 20910: 70342, 20911: 69995, 20913: 73383, 20916: 57309, 20917: 63882, 20918: 57290, 20919: 87001, 20921: 72051, 20922: 84328, 20923: 690, 20925: 1294, 20926: 65941, 20928: 72051, 20929: 85710, 20930: 61726, 20931: 64790, 20932: 69995, 20933: 805, 20934: 63099, 20935: 63882, 20936: 58543, 20937: 146, 20938: 1193, 20939: 35259, 20940: 72051, 20941: 82070, 20942: 67720, 20943: 48922, 20944: 64790, 20948: 63882, 20949: 57639, 20950: 72039, 20951: 64790, 20953: 63099, 20954: 48922, 20955: 1457, 20956: 63099, 20958: 1188, 20959: 87001, 20960: 64790, 20961: 1054, 20962: 51797, 20963: 1193, 20964: 83288, 20965: 57639, 20966: 1399, 20967: 85710, 20968: 59008, 20969: 70500, 20970: 65877, 20971: 52945, 20973: 1116, 20974: 57639, 20975: 63270, 20977: 57070, 20978: 57972, 20979: 1288, 20980: 64727, 20981: 57309, 20982: 72039, 20983: 1502, 20985: 65877, 20986: 1399, 20987: 1399, 20988: 1502, 20990: 1116, 20992: 70500, 20993: 72039, 20995: 63756, 20997: 87001, 20998: 63882, 20999: 87001, 21000: 82070, 21001: 48266, 21002: 1357, 21003: 83288, 21005: 65877, 21006: 57290, 21007: 1288, 21008: 686, 21009: 63882, 21011: 84328, 21012: 87001, 21013: 57417, 21014: 57972, 21015: 85700, 21016: 64790, 21017: 70500, 21018: 35245, 21019: 91053, 21020: 1347, 21021: 44206, 21022: 52945, 21023: 63270, 21028: 85700, 21030: 86055, 21032: 57417, 21033: 85710, 21034: 2048, 21035: 226, 21036: 67720, 21037: 68650, 21038: 395, 21039: 67720, 21041: 1193, 21043: 75379, 21045: 1300, 21047: 52945, 21050: 83288, 21053: 1294, 21055: 82080, 21056: 57381, 21057: 0, 21058: 1161, 21059: 395, 21060: 395, 21061: 78645, 21062: 78645, 21063: 1543, 21064: 46494, 21065: 68173, 21066: 44206, 21067: 1259, 21068: 46494, 21069: 48922, 21070: 1107, 21072: 69990, 21073: 1167, 21074: 67720, 21075: 78645, 21077: 1540, 21084: 1617, 21085: 87984, 21086: 80140, 21087: 90998, 21091: 1357, 21092: 1457, 21093: 85646, 21096: 57649, 21097: 57649, 21098: 63099, 21099: 2114, 21100: 74355, 21101: 2114, 21102: 56939, 21103: 1107, 21104: 91053, 21105: 2076, 21106: 57649, 21107: 57972, 21108: 74355, 21109: 53429, 21110: 80140, 21112: 1540, 21113: 57649, 21115: 89226, 21116: 57649, 21117: 74355, 21118: 58096, 21119: 80140, 21120: 80140, 21121: 56939, 21123: 56939, 21124: 2076, 21125: 53429, 21126: 53429, 21127: 88653, 21128: 74355, 21129: 2114, 21130: 74355, 21132: 57649, 21133: 90998, 21134: 57649, 21135: 80140, 21136: 57649, 21138: 53429, 21139: 89226, 21140: 57649, 21141: 87984, 21142: 80140, 21143: 74355, 21144: 2114, 21145: 2346, 21146: 89226, 21147: 2076, 21148: 53429, 21149: 56939, 21150: 86157, 21151: 2076, 21153: 74355, 21154: 146, 21155: 86213, 21156: 86157, 21157: 1188, 21159: 89226, 21163: 1288, 21164: 86157, 21165: 87984, 21166: 86213, 21167: 87984, 21168: 87984, 21170: 2346, 21171: 56939, 21172: 56939, 21173: 86213, 21174: 2076, 21175: 1188, 21176: 86213, 21177: 56939, 21178: 57649, 21179: 86213, 21180: 90998, 21181: 2114, 21182: 0, 21184: 86157, 21185: 0, 21186: 2076, 21187: 0, 21188: 1223, 21189: 0, 21190: 1457, 21191: 184, 21192: 65941, 21193: 1193, 21194: 0, 21195: 57290, 21196: 849, 21197: 53429, 21198: 74355, 21199: 2076, 21203: 86213, 21205: 2346, 21206: 90998, 21208: 87984, 21209: 89226, 21223: 743, 21226: 683, 21227: 449, 21228: 57290, 21229: 519, 21230: 57290, 21231: 1107, 21232: 57381, 21233: 82080, 21234: 82080, 21235: 522, 21236: 82080, 21237: 57290, 21238: 71117, 21239: 0, 21240: 805, 21241: 46494, 21244: 1173, 21249: 80479, 21262: 1391, 21265: 75421, 21271: 75453, 21279: 91053, 21280: 57639, 21288: 1188, 21290: 65941, 21298: 52945, 21303: 57455, 21304: 226, 21305: 88486, 21306: 1457, 21307: 226, 21308: 765, 21311: 46494, 21312: 63756, 21313: 35259, 21314: 88486, 21315: 64790, 21316: 63756, 21317: 1113, 21318: 64790, 21319: 1347, 21322: 82080, 21324: 395, 21325: 78626, 21326: 13828, 21327: 395, 21328: 13828, 21329: 550, 21331: 65877, 21333: 51797, 21334: 57455, 21335: 1113, 21336: 85669, 21338: 226, 21339: 71117, 21340: 1457, 21341: 1294, 21344: 51797, 21345: 0, 21346: 70500, 21348: 1193, 21349: 0, 21351: 72051, 21354: 13828, 21356: 57309, 21357: 64727, 21358: 226, 21363: 1412, 21366: 51797, 21369: 1347, 21370: 1357, 21378: 1014, 21384: 46494, 21398: 550, 21445: 53429, 21446: 57070, 21447: 1399, 21448: 69990, 21450: 78645, 21454: 48922, 21455: 1014, 21460: 1482, 21462: 1585, 21463: 75453, 21465: 0, 21468: 1391, 21470: 226, 21474: 686, 21475: 1012, 21477: 91896, 21478: 61726, 21479: 1107, 21480: 519, 21481: 1161, 21482: 1161, 21483: 70373, 21484: 69995, 21487: 51797, 21488: 65161, 21489: 91053, 21490: 1259, 21491: 1113, 21492: 1161, 21493: 50453, 21494: 342}",0.0,invalido
622814.6308683339,Cruzamento,1733628262.1123984,7,"{20331: 57309, 20332: 65341, 20333: 82085, 20334: 57070, 20335: 1182, 20336: 1489, 20337: 1291, 20338: 1084, 20339: 184, 20340: 57309, 20341: 65341, 20342: 1182, 20343: 1489, 20344: 1489, 20345: 68182, 20346: 70373, 20347: 70342, 20348: 1084, 20349: 63099, 20350: 57309, 20351: 51797, 20352: 58096, 20353: 46793, 20354: 849, 20355: 48266, 20356: 1291, 20357: 58096, 20358: 1084, 20359: 46793, 20360: 69990, 20361: 1412, 20362: 765, 20363: 57455, 20364: 1291, 20365: 82085, 20366: 75453, 20367: 90927, 20368: 1617, 20369: 65341, 20370: 70342, 20371: 57070, 20372: 48266, 20373: 1412, 20378: 82085, 20379: 57455, 20380: 1391, 20381: 686, 20383: 13699, 20384: 686, 20385: 69990, 20386: 57257, 20387: 13699, 20388: 75421, 20389: 68182, 20392: 63099, 20393: 58096, 20394: 51797, 20395: 184, 20396: 1347, 20397: 65341, 20398: 2048, 20399: 805, 20400: 1084, 20401: 1482, 20402: 46793, 20403: 1482, 20404: 67720, 20405: 1107, 20406: 57381, 20407: 1502, 20408: 743, 20409: 743, 20410: 1347, 20411: 395, 20412: 1585, 20413: 1489, 20414: 449, 20415: 1188, 20416: 67720, 20417: 519, 20418: 46494, 20419: 71117, 20421: 1347, 20422: 1617, 20423: 1585, 20427: 72051, 20428: 48922, 20429: 44206, 20432: 683, 20433: 1502, 20434: 690, 20436: 1259, 20437: 57381, 20438: 48922, 20439: 683, 20440: 69985, 20441: 690, 20442: 69242, 20443: 46494, 20444: 522, 20445: 522, 20446: 69242, 20447: 69242, 20449: 69995, 20450: 57455, 20451: 1012, 20452: 54448, 20453: 1585, 20454: 50588, 20455: 52945, 20456: 50588, 20457: 63756, 20458: 65161, 20459: 1585, 20460: 1161, 20461: 80479, 20462: 57290, 20463: 1412, 20465: 69990, 20466: 1012, 20467: 57257, 20468: 67720, 20469: 743, 20471: 1014, 20472: 71117, 20473: 1107, 20475: 805, 20476: 690, 20481: 1107, 20482: 35245, 20484: 75379, 20485: 69995, 20486: 54448, 20487: 1502, 20488: 1188, 20489: 728, 20490: 71117, 20491: 57381, 20492: 44206, 20493: 1014, 20494: 91896, 20495: 72051, 20496: 849, 20497: 69995, 20499: 88486, 20501: 71117, 20503: 1357, 20504: 765, 20505: 1167, 20506: 1294, 20507: 65877, 20508: 54448, 20509: 46793, 20510: 52945, 20511: 75379, 20512: 52945, 20513: 1291, 20514: 69995, 20515: 70342, 20517: 63270, 20518: 913, 20519: 1012, 20520: 54448, 20521: 63270, 20522: 913, 20523: 519, 20524: 70342, 20525: 1259, 20527: 68173, 20528: 57381, 20530: 91896, 20531: 182, 20532: 71117, 20533: 75421, 20534: 35245, 20535: 71117, 20536: 1347, 20537: 1585, 20538: 743, 20539: 728, 20540: 69990, 20541: 69985, 20542: 449, 20543: 71117, 20544: 67720, 20545: 728, 20546: 91896, 20547: 35245, 20549: 75379, 20550: 63270, 20552: 1502, 20553: 690, 20554: 1014, 20555: 1391, 20556: 46494, 20557: 61726, 20558: 75379, 20559: 1167, 20560: 78631, 20561: 57639, 20563: 83288, 20564: 69990, 20565: 57070, 20567: 1182, 20569: 65161, 20570: 690, 20571: 1585, 20572: 67720, 20573: 48922, 20574: 59008, 20575: 1288, 20576: 44206, 20577: 1347, 20578: 71117, 20579: 1585, 20580: 59008, 20581: 71117, 20582: 35259, 20583: 70342, 20584: 449, 20585: 1167, 20587: 65161, 20588: 70342, 20589: 51797, 20590: 1188, 20591: 57290, 20592: 449, 20593: 1014, 20594: 73383, 20595: 69990, 20596: 13828, 20597: 73383, 20599: 51797, 20600: 75379, 20601: 52945, 20602: 35245, 20605: 35245, 20606: 1585, 20607: 69995, 20608: 57455, 20609: 66626, 20610: 1412, 20611: 85669, 20612: 1107, 20613: 57309, 20614: 1107, 20615: 1116, 20616: 1182, 20617: 71117, 20618: 1457, 20619: 69995, 20620: 953, 20621: 226, 20622: 686, 20624: 686, 20625: 71117, 20626: 85669, 20628: 953, 20630: 52945, 20631: 805, 20633: 82080, 20634: 805, 20635: 70373, 20636: 63756, 20637: 75421, 20638: 49332, 20639: 57639, 20640: 953, 20641: 52945, 20642: 57639, 20643: 58096, 20645: 1193, 20646: 686, 20647: 953, 20648: 1391, 20650: 62344, 20651: 57639, 20652: 85669, 20653: 62344, 20654: 1391, 20655: 1583, 20656: 69242, 20659: 63756, 20661: 64727, 20662: 51797, 20663: 63756, 20669: 78645, 20670: 57309, 20671: 35259, 20672: 1391, 20673: 75453, 20675: 1540, 20676: 57639, 20677: 73235, 20678: 65877, 20680: 728, 20681: 44206, 20684: 1543, 20688: 57290, 20689: 75379, 20690: 64727, 20692: 57257, 20693: 85669, 20694: 66626, 20695: 75421, 20696: 54448, 20697: 51797, 20698: 1167, 20699: 54448, 20700: 1161, 20701: 66626, 20702: 62344, 20703: 913, 20704: 1173, 20705: 75379, 20706: 1182, 20707: 1161, 20708: 78631, 20709: 1161, 20710: 1161, 20711: 82080, 20712: 0, 20713: 184, 20714: 52945, 20715: 743, 20716: 913, 20717: 85669, 20719: 70342, 20720: 51797, 20721: 46793, 20722: 69985, 20723: 57309, 20724: 80479, 20725: 58543, 20726: 0, 20727: 65877, 20729: 765, 20730: 57309, 20731: 805, 20732: 57070, 20734: 1288, 20735: 73235, 20736: 71117, 20737: 13828, 20739: 61726, 20740: 1617, 20741: 75453, 20742: 849, 20743: 190, 20744: 85710, 20746: 78631, 20747: 58543, 20748: 1182, 20749: 46494, 20750: 85669, 20751: 190, 20752: 46494, 20754: 67720, 20757: 52945, 20758: 69995, 20759: 1193, 20761: 1084, 20762: 63099, 20763: 63099, 20764: 1084, 20765: 75453, 20766: 63099, 20768: 184, 20769: 449, 20770: 77145, 20773: 91053, 20774: 57417, 20775: 1391, 20777: 1347, 20778: 58543, 20779: 57417, 20781: 70500, 20782: 1457, 20784: 1167, 20785: 2048, 20786: 64790, 20789: 71117, 20790: 1540, 20791: 57070, 20792: 849, 20793: 395, 20794: 48266, 20795: 72051, 20796: 70500, 20797: 1084, 20798: 13699, 20799: 1482, 20800: 70373, 20802: 182, 20803: 728, 20804: 64790, 20805: 75421, 20806: 686, 20807: 78645, 20808: 82067, 20809: 1294, 20810: 63099, 20811: 57070, 20813: 1347, 20814: 1489, 20815: 82067, 20816: 1294, 20817: 85687, 20818: 1502, 20819: 57290, 20820: 0, 20821: 63756, 20822: 61726, 20823: 44206, 20824: 1223, 20825: 69990, 20826: 48266, 20827: 61726, 20828: 57070, 20829: 82080, 20831: 52945, 20832: 69990, 20833: 1489, 20834: 58543, 20835: 65877, 20836: 82085, 20837: 0, 20838: 686, 20840: 2048, 20841: 849, 20842: 190, 20843: 1300, 20844: 1412, 20845: 63756, 20846: 69995, 20850: 72039, 20852: 1391, 20853: 1543, 20854: 69985, 20856: 46793, 20858: 49332, 20859: 63882, 20860: 63882, 20861: 82070, 20862: 82070, 20863: 63882, 20864: 1457, 20872: 953, 20873: 226, 20874: 0, 20875: 59008, 20876: 59008, 20877: 63882, 20881: 1391, 20883: 67720, 20884: 83288, 20885: 57639, 20886: 75379, 20887: 226, 20888: 83288, 20889: 1543, 20890: 75453, 20891: 75379, 20892: 65877, 20894: 1182, 20895: 57639, 20897: 765, 20900: 1107, 20901: 75379, 20902: 65877, 20904: 65941, 20905: 13828, 20906: 85710, 20907: 1300, 20909: 0, 20910: 69242, 20911: 1457, 20913: 1502, 20916: 1054, 20917: 84328, 20918: 805, 20919: 84328, 20921: 58543, 20922: 84328, 20923: 728, 20925: 1294, 20926: 64790, 20928: 65941, 20929: 64727, 20930: 0, 20931: 184, 20932: 1288, 20933: 690, 20934: 1193, 20935: 72039, 20936: 85700, 20937: 1193, 20938: 1193, 20939: 1617, 20940: 35245, 20941: 82070, 20942: 64727, 20943: 743, 20944: 75453, 20948: 83288, 20949: 146, 20950: 84328, 20951: 65941, 20953: 1399, 20954: 69985, 20955: 1116, 20956: 58096, 20958: 65161, 20959: 72039, 20960: 52945, 20961: 1012, 20962: 91053, 20963: 54448, 20964: 57972, 20965: 184, 20966: 146, 20967: 1054, 20968: 0, 20969: 65941, 20970: 87001, 20971: 1288, 20973: 1054, 20974: 0, 20975: 1399, 20977: 1543, 20978: 57972, 20979: 0, 20980: 51797, 20981: 57290, 20982: 57972, 20983: 85710, 20985: 57972, 20986: 395, 20987: 64790, 20988: 1116, 20990: 1012, 20992: 1223, 20993: 72039, 20995: 1012, 20997: 57972, 20998: 63882, 20999: 87001, 21000: 82070, 21001: 57417, 21002: 85687, 21003: 87001, 21005: 65877, 21006: 57417, 21007: 69995, 21008: 71117, 21009: 65877, 21011: 72039, 21012: 84328, 21013: 70500, 21014: 72039, 21015: 1223, 21016: 63099, 21017: 65161, 21018: 65941, 21019: 1193, 21020: 68173, 21021: 85646, 21022: 75453, 21023: 63270, 21028: 85700, 21030: 86055, 21032: 395, 21033: 44206, 21034: 1154, 21035: 64790, 21036: 35259, 21037: 63270, 21038: 54448, 21039: 85710, 21041: 72051, 21043: 1300, 21045: 67720, 21047: 86055, 21050: 58096, 21053: 0, 21055: 57381, 21056: 1502, 21057: 519, 21058: 1161, 21059: 449, 21060: 1107, 21061: 1188, 21062: 1188, 21063: 57290, 21064: 1347, 21065: 44206, 21066: 1543, 21067: 72051, 21068: 46494, 21069: 70342, 21070: 1288, 21072: 0, 21073: 57309, 21074: 59008, 21075: 1259, 21077: 1193, 21084: 1617, 21085: 87984, 21086: 80140, 21087: 86213, 21091: 1012, 21092: 1399, 21093: 1167, 21096: 88653, 21097: 80140, 21098: 146, 21099: 87984, 21100: 53429, 21101: 80140, 21102: 89226, 21103: 1107, 21104: 70500, 21105: 56939, 21106: 89226, 21107: 35259, 21108: 89226, 21109: 88653, 21110: 80140, 21112: 78631, 21113: 2346, 21115: 2076, 21116: 2346, 21117: 74355, 21118: 69995, 21119: 2114, 21120: 86213, 21121: 89226, 21123: 56939, 21124: 57649, 21125: 56939, 21126: 53429, 21127: 74355, 21128: 74355, 21129: 53429, 21130: 57649, 21132: 74355, 21133: 87984, 21134: 57649, 21135: 2346, 21136: 53429, 21138: 2114, 21139: 2346, 21140: 74355, 21141: 56939, 21142: 2114, 21143: 57649, 21144: 2114, 21145: 56939, 21146: 89226, 21147: 53429, 21148: 80140, 21149: 2076, 21150: 80140, 21151: 87984, 21153: 2114, 21154: 1223, 21155: 86213, 21156: 80140, 21157: 57417, 21159: 2346, 21163: 146, 21164: 86157, 21165: 2346, 21166: 2114, 21167: 80140, 21168: 90998, 21170: 80140, 21171: 53429, 21172: 86213, 21173: 86213, 21174: 88653, 21175: 0, 21176: 2076, 21177: 80140, 21178: 57649, 21179: 56939, 21180: 2114, 21181: 87984, 21182: 86157, 21184: 86157, 21185: 56939, 21186: 2076, 21187: 0, 21188: 0, 21189: 0, 21190: 226, 21191: 184, 21192: 63099, 21193: 75453, 21194: 0, 21195: 1457, 21196: 849, 21197: 74355, 21198: 53429, 21199: 2076, 21203: 86213, 21205: 53429, 21206: 90998, 21208: 87984, 21209: 90942, 21223: 1585, 21226: 46494, 21227: 1288, 21228: 1259, 21229: 519, 21230: 57381, 21231: 519, 21232: 72051, 21233: 683, 21234: 1585, 21235: 73383, 21236: 1259, 21237: 69990, 21238: 0, 21239: 72051, 21240: 1188, 21241: 1543, 21244: 913, 21249: 80479, 21262: 1489, 21265: 1084, 21271: 85700, 21279: 67720, 21280: 70500, 21288: 85646, 21290: 85700, 21298: 1457, 21303: 395, 21304: 226, 21305: 226, 21306: 1113, 21307: 57455, 21308: 1054, 21311: 1113, 21312: 88486, 21313: 63756, 21314: 46494, 21315: 64790, 21316: 71117, 21317: 46494, 21318: 63756, 21319: 765, 21322: 690, 21324: 1502, 21325: 550, 21326: 728, 21327: 519, 21328: 805, 21329: 13828, 21331: 57972, 21333: 51797, 21334: 0, 21335: 1357, 21336: 1540, 21338: 71117, 21339: 88486, 21340: 1457, 21341: 1294, 21344: 69995, 21345: 82070, 21346: 91053, 21348: 63099, 21349: 0, 21351: 69242, 21354: 78626, 21356: 65341, 21357: 64727, 21358: 226, 21363: 1617, 21366: 57309, 21369: 1054, 21370: 1347, 21378: 683, 21384: 1347, 21398: 13828, 21445: 2114, 21446: 44206, 21447: 78631, 21448: 449, 21450: 68173, 21454: 1502, 21455: 69242, 21460: 1482, 21462: 82080, 21463: 75453, 21465: 0, 21468: 63756, 21470: 1054, 21474: 1107, 21475: 0, 21477: 75958, 21478: 46494, 21479: 1502, 21480: 78626, 21481: 57639, 21482: 1107, 21483: 686, 21484: 1540, 21487: 51797, 21488: 46793, 21489: 91053, 21490: 743, 21491: 1113, 21492: 85669, 21493: 50453, 21494: 342}",0.0,invalido
641097.6751986666,Cruzamento,1733628264.9331381,8,"{20331: 57070, 20332: 1182, 20333: 57309, 20334: 65341, 20335: 1412, 20336: 1412, 20337: 1084, 20338: 1482, 20339: 1617, 20340: 49332, 20341: 1583, 20342: 69242, 20343: 69990, 20344: 1182, 20345: 70342, 20346: 1583, 20347: 1084, 20348: 69242, 20349: 1291, 20350: 1291, 20351: 46793, 20352: 46793, 20353: 1084, 20354: 75421, 20355: 51797, 20356: 1412, 20357: 1291, 20358: 2048, 20359: 765, 20360: 48266, 20361: 1583, 20362: 1617, 20363: 1583, 20364: 65341, 20365: 65341, 20366: 90927, 20367: 57309, 20368: 82085, 20369: 70171, 20370: 49332, 20371: 70373, 20372: 48266, 20373: 57455, 20378: 49332, 20379: 48266, 20380: 69242, 20381: 849, 20383: 63099, 20384: 68182, 20385: 57257, 20386: 1412, 20387: 70373, 20388: 1482, 20389: 63099, 20392: 57309, 20393: 69242, 20394: 686, 20395: 1294, 20396: 67720, 20397: 57257, 20398: 58096, 20399: 1585, 20400: 75421, 20401: 48266, 20402: 184, 20403: 75421, 20404: 35259, 20405: 67720, 20406: 728, 20407: 44206, 20408: 71117, 20409: 683, 20410: 743, 20411: 683, 20412: 75379, 20413: 1347, 20414: 71117, 20415: 57381, 20416: 35259, 20417: 82080, 20418: 70342, 20419: 67720, 20421: 57070, 20422: 57257, 20423: 1502, 20427: 1188, 20428: 72051, 20429: 70342, 20432: 1347, 20433: 70342, 20434: 57290, 20436: 46494, 20437: 57290, 20438: 1347, 20439: 68173, 20440: 1014, 20441: 57290, 20442: 743, 20443: 13828, 20444: 91896, 20445: 683, 20446: 57381, 20447: 805, 20449: 35245, 20450: 50588, 20451: 57455, 20452: 75379, 20453: 69995, 20454: 63270, 20455: 913, 20456: 35245, 20457: 63270, 20458: 1585, 20459: 63756, 20460: 63756, 20461: 1161, 20462: 64790, 20463: 69990, 20465: 1294, 20466: 1012, 20467: 184, 20468: 1502, 20469: 182, 20471: 46494, 20472: 69985, 20473: 67720, 20475: 73383, 20476: 728, 20481: 1288, 20482: 52945, 20484: 63270, 20485: 913, 20486: 52945, 20487: 69990, 20488: 1259, 20489: 743, 20490: 1502, 20491: 71117, 20492: 72051, 20493: 46494, 20494: 1502, 20495: 690, 20496: 1182, 20497: 80479, 20499: 78631, 20501: 71117, 20503: 57639, 20504: 1347, 20505: 1347, 20506: 1502, 20507: 765, 20508: 913, 20509: 1161, 20510: 913, 20511: 85646, 20512: 52945, 20513: 68182, 20514: 68650, 20515: 70342, 20517: 52945, 20518: 57455, 20519: 63756, 20520: 46793, 20521: 46793, 20522: 1012, 20523: 1543, 20524: 71117, 20525: 1259, 20527: 70342, 20528: 519, 20530: 1014, 20531: 690, 20532: 1288, 20533: 1291, 20534: 63756, 20535: 69985, 20536: 1014, 20537: 48922, 20538: 68173, 20539: 91896, 20540: 67720, 20541: 70342, 20542: 69990, 20543: 68173, 20544: 35259, 20545: 69985, 20546: 690, 20547: 2048, 20549: 75379, 20550: 35245, 20552: 1288, 20553: 57290, 20554: 395, 20555: 1391, 20556: 57070, 20557: 44206, 20558: 85687, 20559: 686, 20560: 1357, 20561: 69990, 20563: 78631, 20564: 1502, 20565: 85710, 20567: 57070, 20569: 1585, 20570: 1288, 20571: 1585, 20572: 71117, 20573: 91896, 20574: 91896, 20575: 1288, 20576: 68173, 20577: 1347, 20578: 449, 20579: 75958, 20580: 449, 20581: 69990, 20582: 35259, 20583: 69985, 20584: 91896, 20585: 75379, 20587: 63756, 20588: 85646, 20589: 913, 20590: 46494, 20591: 1259, 20592: 57290, 20593: 69985, 20594: 70342, 20595: 1502, 20596: 67720, 20597: 69985, 20599: 1585, 20600: 75379, 20601: 1161, 20602: 226, 20605: 35245, 20606: 64727, 20607: 1585, 20608: 1223, 20609: 64727, 20610: 1482, 20611: 65877, 20612: 69995, 20613: 1457, 20614: 69995, 20615: 686, 20616: 69990, 20617: 1540, 20618: 1116, 20619: 85710, 20620: 1107, 20621: 1107, 20622: 75453, 20624: 75453, 20625: 686, 20626: 953, 20628: 953, 20630: 66626, 20631: 1543, 20633: 46494, 20634: 690, 20635: 68182, 20636: 54448, 20637: 75421, 20638: 1288, 20639: 1391, 20640: 85669, 20641: 57639, 20642: 1193, 20643: 62344, 20645: 52945, 20646: 52945, 20647: 1193, 20648: 58096, 20650: 953, 20651: 85669, 20652: 1391, 20653: 57639, 20654: 686, 20655: 1583, 20656: 70342, 20659: 1173, 20661: 75379, 20662: 75453, 20663: 913, 20669: 69985, 20670: 35259, 20671: 57639, 20672: 65877, 20673: 73235, 20675: 61726, 20676: 75453, 20677: 1540, 20678: 78631, 20680: 1543, 20681: 728, 20684: 743, 20688: 82080, 20689: 1161, 20690: 66626, 20692: 57257, 20693: 58543, 20694: 913, 20695: 1489, 20696: 1161, 20697: 184, 20698: 62344, 20699: 50588, 20700: 1173, 20701: 63756, 20702: 1182, 20703: 54448, 20704: 63756, 20705: 64727, 20706: 69242, 20707: 63756, 20708: 1054, 20709: 1161, 20710: 1161, 20711: 68173, 20712: 0, 20713: 75421, 20714: 52945, 20715: 73383, 20716: 70342, 20717: 58543, 20719: 52945, 20720: 46793, 20721: 1012, 20722: 46494, 20723: 184, 20724: 46793, 20725: 78631, 20726: 80479, 20727: 1347, 20729: 1412, 20730: 57972, 20731: 1014, 20732: 83288, 20734: 57455, 20735: 62344, 20736: 73383, 20737: 59008, 20739: 75379, 20740: 1543, 20741: 85710, 20742: 75379, 20743: 686, 20744: 395, 20746: 1457, 20747: 49332, 20748: 1357, 20749: 63756, 20750: 1012, 20751: 85710, 20752: 46494, 20754: 1259, 20757: 1012, 20758: 35245, 20759: 58096, 20761: 63099, 20762: 75453, 20763: 1084, 20764: 1617, 20765: 1482, 20766: 75453, 20768: 0, 20769: 449, 20770: 77145, 20773: 63270, 20774: 1300, 20775: 57070, 20777: 57070, 20778: 146, 20779: 1347, 20781: 1543, 20782: 1223, 20784: 146, 20785: 146, 20786: 1154, 20789: 690, 20790: 58543, 20791: 1583, 20792: 49332, 20793: 728, 20794: 48266, 20795: 44206, 20796: 78631, 20797: 69242, 20798: 75421, 20799: 2048, 20800: 13699, 20802: 13828, 20803: 1288, 20804: 1154, 20805: 13699, 20806: 1391, 20807: 522, 20808: 85687, 20809: 1347, 20810: 46793, 20811: 70342, 20813: 70373, 20814: 2048, 20815: 85687, 20816: 184, 20817: 85687, 20818: 1347, 20819: 1502, 20820: 62344, 20821: 62344, 20822: 849, 20823: 805, 20824: 57309, 20825: 78631, 20826: 184, 20827: 69990, 20828: 70500, 20829: 1347, 20831: 57290, 20832: 1182, 20833: 1294, 20834: 72051, 20835: 1399, 20836: 58096, 20837: 70373, 20838: 1502, 20840: 49332, 20841: 1182, 20842: 58096, 20843: 1223, 20844: 82085, 20845: 85669, 20846: 1300, 20850: 72039, 20852: 1391, 20853: 1167, 20854: 82080, 20856: 46793, 20858: 70373, 20859: 82070, 20860: 82070, 20861: 63882, 20862: 63882, 20863: 82070, 20864: 395, 20872: 953, 20873: 35245, 20874: 0, 20875: 91053, 20876: 13828, 20877: 57972, 20881: 57417, 20883: 57639, 20884: 83288, 20885: 57417, 20886: 78631, 20887: 71117, 20888: 63882, 20889: 57381, 20890: 59008, 20891: 70500, 20892: 82070, 20894: 69990, 20895: 63270, 20897: 226, 20900: 953, 20901: 1223, 20902: 72039, 20904: 1300, 20905: 44206, 20906: 75453, 20907: 65941, 20909: 65877, 20910: 70342, 20911: 69995, 20913: 73383, 20916: 57309, 20917: 63882, 20918: 57290, 20919: 87001, 20921: 72051, 20922: 84328, 20923: 690, 20925: 1294, 20926: 65941, 20928: 72051, 20929: 85710, 20930: 61726, 20931: 64790, 20932: 69995, 20933: 805, 20934: 63099, 20935: 63882, 20936: 58543, 20937: 146, 20938: 1193, 20939: 35259, 20940: 72051, 20941: 82070, 20942: 67720, 20943: 48922, 20944: 64790, 20948: 63882, 20949: 57639, 20950: 72039, 20951: 64790, 20953: 63099, 20954: 48922, 20955: 1457, 20956: 63099, 20958: 1188, 20959: 87001, 20960: 64790, 20961: 1054, 20962: 51797, 20963: 1193, 20964: 83288, 20965: 57639, 20966: 1399, 20967: 85710, 20968: 59008, 20969: 70500, 20970: 65877, 20971: 52945, 20973: 1116, 20974: 57639, 20975: 63270, 20977: 57070, 20978: 57972, 20979: 1288, 20980: 64727, 20981: 57309, 20982: 72039, 20983: 1502, 20985: 65877, 20986: 1399, 20987: 1399, 20988: 1502, 20990: 1116, 20992: 70500, 20993: 72039, 20995: 63756, 20997: 87001, 20998: 63882, 20999: 87001, 21000: 82070, 21001: 48266, 21002: 1357, 21003: 83288, 21005: 65877, 21006: 57290, 21007: 1288, 21008: 686, 21009: 63882, 21011: 84328, 21012: 87001, 21013: 57417, 21014: 57972, 21015: 85700, 21016: 64790, 21017: 70500, 21018: 35245, 21019: 91053, 21020: 1347, 21021: 44206, 21022: 52945, 21023: 63270, 21028: 85700, 21030: 86055, 21032: 57417, 21033: 85710, 21034: 2048, 21035: 226, 21036: 67720, 21037: 68650, 21038: 395, 21039: 67720, 21041: 1193, 21043: 75379, 21045: 1300, 21047: 52945, 21050: 83288, 21053: 1294, 21055: 82080, 21056: 57381, 21057: 0, 21058: 1161, 21059: 395, 21060: 395, 21061: 78645, 21062: 78645, 21063: 1543, 21064: 46494, 21065: 68173, 21066: 44206, 21067: 1259, 21068: 46494, 21069: 48922, 21070: 1107, 21072: 69990, 21073: 1167, 21074: 67720, 21075: 78645, 21077: 1540, 21084: 1617, 21085: 87984, 21086: 80140, 21087: 90998, 21091: 1357, 21092: 1457, 21093: 85646, 21096: 57649, 21097: 57649, 21098: 63099, 21099: 2114, 21100: 74355, 21101: 2114, 21102: 56939, 21103: 1107, 21104: 91053, 21105: 2076, 21106: 57649, 21107: 57972, 21108: 74355, 21109: 53429, 21110: 80140, 21112: 1540, 21113: 57649, 21115: 89226, 21116: 57649, 21117: 74355, 21118: 58096, 21119: 80140, 21120: 80140, 21121: 56939, 21123: 56939, 21124: 2076, 21125: 53429, 21126: 53429, 21127: 88653, 21128: 74355, 21129: 2114, 21130: 74355, 21132: 57649, 21133: 90998, 21134: 57649, 21135: 80140, 21136: 57649, 21138: 53429, 21139: 89226, 21140: 57649, 21141: 87984, 21142: 80140, 21143: 74355, 21144: 2114, 21145: 2346, 21146: 89226, 21147: 2076, 21148: 53429, 21149: 56939, 21150: 86157, 21151: 2076, 21153: 74355, 21154: 146, 21155: 86213, 21156: 86157, 21157: 1188, 21159: 89226, 21163: 1288, 21164: 86157, 21165: 87984, 21166: 86213, 21167: 87984, 21168: 87984, 21170: 2346, 21171: 56939, 21172: 56939, 21173: 86213, 21174: 2076, 21175: 1188, 21176: 86213, 21177: 56939, 21178: 57649, 21179: 86213, 21180: 90998, 21181: 2114, 21182: 0, 21184: 86157, 21185: 0, 21186: 2076, 21187: 0, 21188: 1223, 21189: 0, 21190: 1457, 21191: 184, 21192: 65941, 21193: 1193, 21194: 0, 21195: 57290, 21196: 849, 21197: 53429, 21198: 74355, 21199: 2076, 21203: 86213, 21205: 2346, 21206: 90998, 21208: 87984, 21209: 89226, 21223: 743, 21226: 683, 21227: 449, 21228: 57290, 21229: 519, 21230: 57290, 21231: 1107, 21232: 57381, 21233: 82080, 21234: 82080, 21235: 522, 21236: 82080, 21237: 57290, 21238: 71117, 21239: 0, 21240: 805, 21241: 46494, 21244: 1173, 21249: 80479, 21262: 1391, 21265: 75421, 21271: 75453, 21279: 91053, 21280: 57639, 21288: 1188, 21290: 65941, 21298: 52945, 21303: 57455, 21304: 226, 21305: 88486, 21306: 1457, 21307: 226, 21308: 765, 21311: 46494, 21312: 63756, 21313: 35259, 21314: 88486, 21315: 64790, 21316: 63756, 21317: 1113, 21318: 64790, 21319: 1347, 21322: 82080, 21324: 395, 21325: 78626, 21326: 13828, 21327: 395, 21328: 13828, 21329: 550, 21331: 65877, 21333: 51797, 21334: 57455, 21335: 1113, 21336: 85669, 21338: 226, 21339: 71117, 21340: 1457, 21341: 1294, 21344: 51797, 21345: 0, 21346: 70500, 21348: 1193, 21349: 0, 21351: 72051, 21354: 13828, 21356: 57309, 21357: 64727, 21358: 226, 21363: 1412, 21366: 51797, 21369: 1347, 21370: 1357, 21378: 1014, 21384: 46494, 21398: 550, 21445: 53429, 21446: 57070, 21447: 1399, 21448: 69990, 21450: 78645, 21454: 48922, 21455: 1014, 21460: 1482, 21462: 1585, 21463: 75453, 21465: 0, 21468: 1391, 21470: 226, 21474: 686, 21475: 1012, 21477: 91896, 21478: 61726, 21479: 1107, 21480: 519, 21481: 1161, 21482: 1161, 21483: 70373, 21484: 69995, 21487: 51797, 21488: 65161, 21489: 91053, 21490: 1259, 21491: 1113, 21492: 1161, 21493: 50453, 21494: 342}",0.0,invalido
636908.607050332,Cruzamento,1733628264.9331381,8,"{20331: 57309, 20332: 65341, 20333: 82085, 20334: 57070, 20335: 1182, 20336: 1489, 20337: 1291, 20338: 1084, 20339: 184, 20340: 57309, 20341: 65341, 20342: 1182, 20343: 1489, 20344: 1489, 20345: 68182, 20346: 70373, 20347: 70342, 20348: 1084, 20349: 63099, 20350: 57309, 20351: 51797, 20352: 58096, 20353: 46793, 20354: 849, 20355: 48266, 20356: 1291, 20357: 58096, 20358: 1084, 20359: 46793, 20360: 69990, 20361: 1412, 20362: 765, 20363: 57455, 20364: 1291, 20365: 82085, 20366: 75453, 20367: 90927, 20368: 1617, 20369: 65341, 20370: 70342, 20371: 57070, 20372: 48266, 20373: 1412, 20378: 82085, 20379: 57455, 20380: 1391, 20381: 686, 20383: 13699, 20384: 686, 20385: 69990, 20386: 57257, 20387: 13699, 20388: 75421, 20389: 68182, 20392: 63099, 20393: 58096, 20394: 51797, 20395: 184, 20396: 1347, 20397: 65341, 20398: 2048, 20399: 805, 20400: 1084, 20401: 1482, 20402: 46793, 20403: 1482, 20404: 67720, 20405: 1107, 20406: 57381, 20407: 1502, 20408: 743, 20409: 743, 20410: 1347, 20411: 395, 20412: 1585, 20413: 1489, 20414: 449, 20415: 1188, 20416: 67720, 20417: 519, 20418: 46494, 20419: 71117, 20421: 1347, 20422: 1617, 20423: 1585, 20427: 72051, 20428: 48922, 20429: 44206, 20432: 683, 20433: 1502, 20434: 690, 20436: 1259, 20437: 57381, 20438: 48922, 20439: 683, 20440: 69985, 20441: 690, 20442: 69242, 20443: 46494, 20444: 522, 20445: 522, 20446: 69242, 20447: 69242, 20449: 69995, 20450: 57455, 20451: 1012, 20452: 54448, 20453: 1585, 20454: 50588, 20455: 52945, 20456: 50588, 20457: 63756, 20458: 65161, 20459: 1585, 20460: 1161, 20461: 80479, 20462: 57290, 20463: 1412, 20465: 69990, 20466: 1012, 20467: 57257, 20468: 67720, 20469: 743, 20471: 1014, 20472: 71117, 20473: 1107, 20475: 805, 20476: 690, 20481: 1107, 20482: 35245, 20484: 75379, 20485: 69995, 20486: 54448, 20487: 1502, 20488: 1188, 20489: 728, 20490: 71117, 20491: 57381, 20492: 44206, 20493: 1014, 20494: 91896, 20495: 72051, 20496: 849, 20497: 69995, 20499: 88486, 20501: 71117, 20503: 1357, 20504: 765, 20505: 1167, 20506: 1294, 20507: 65877, 20508: 54448, 20509: 46793, 20510: 52945, 20511: 75379, 20512: 52945, 20513: 1291, 20514: 69995, 20515: 70342, 20517: 63270, 20518: 913, 20519: 1012, 20520: 54448, 20521: 63270, 20522: 913, 20523: 519, 20524: 70342, 20525: 1259, 20527: 68173, 20528: 57381, 20530: 91896, 20531: 182, 20532: 71117, 20533: 75421, 20534: 35245, 20535: 71117, 20536: 44206, 20537: 75958, 20538: 35259, 20539: 70342, 20540: 67720, 20541: 1014, 20542: 48922, 20543: 59008, 20544: 1014, 20545: 449, 20546: 1585, 20547: 69995, 20549: 913, 20550: 1161, 20552: 1502, 20553: 728, 20554: 1188, 20555: 85710, 20556: 1182, 20557: 849, 20558: 1399, 20559: 1391, 20560: 1116, 20561: 57070, 20563: 78631, 20564: 44206, 20565: 1167, 20567: 1457, 20569: 63756, 20570: 59008, 20571: 743, 20572: 68173, 20573: 728, 20574: 70342, 20575: 1347, 20576: 44206, 20577: 690, 20578: 91896, 20579: 67720, 20580: 70342, 20581: 743, 20582: 70342, 20583: 690, 20584: 44206, 20585: 1300, 20587: 52945, 20588: 63756, 20589: 1161, 20590: 1014, 20591: 82080, 20592: 57290, 20593: 805, 20594: 743, 20595: 805, 20596: 57381, 20597: 72051, 20599: 51797, 20600: 68650, 20601: 75379, 20602: 226, 20605: 35245, 20606: 1161, 20607: 66626, 20608: 1223, 20609: 75379, 20610: 1084, 20611: 226, 20612: 1288, 20613: 85669, 20614: 1116, 20615: 69995, 20616: 71117, 20617: 1540, 20618: 75453, 20619: 57309, 20620: 61726, 20621: 1540, 20622: 69995, 20624: 69995, 20625: 65877, 20626: 849, 20628: 1107, 20630: 1585, 20631: 728, 20633: 82080, 20634: 73383, 20635: 63099, 20636: 52945, 20637: 1583, 20638: 728, 20639: 58096, 20640: 58096, 20641: 57639, 20642: 62344, 20643: 57639, 20645: 1193, 20646: 1391, 20647: 686, 20648: 62344, 20650: 953, 20651: 686, 20652: 85669, 20653: 85669, 20654: 686, 20655: 68182, 20656: 69242, 20659: 1173, 20661: 66626, 20662: 69990, 20663: 913, 20669: 46494, 20670: 1540, 20671: 73235, 20672: 57639, 20673: 1391, 20675: 65877, 20676: 61726, 20677: 73235, 20678: 35259, 20680: 1107, 20681: 805, 20684: 70342, 20688: 1188, 20689: 69995, 20690: 1585, 20692: 57309, 20693: 1167, 20694: 913, 20695: 1347, 20696: 63756, 20697: 1489, 20698: 58096, 20699: 1173, 20700: 1161, 20701: 69995, 20702: 62344, 20703: 54448, 20704: 50588, 20705: 52945, 20706: 75453, 20707: 75379, 20708: 57309, 20709: 1161, 20710: 0, 20711: 35259, 20712: 52945, 20713: 849, 20714: 52945, 20715: 46494, 20716: 913, 20717: 58096, 20719: 63270, 20720: 75453, 20721: 1012, 20722: 728, 20723: 70373, 20724: 46793, 20725: 62344, 20726: 80479, 20727: 75379, 20729: 69990, 20730: 1054, 20731: 69985, 20732: 1457, 20734: 57290, 20735: 62344, 20736: 73383, 20737: 805, 20739: 75453, 20740: 1259, 20741: 75379, 20742: 85669, 20743: 83288, 20744: 1457, 20746: 85687, 20747: 1347, 20748: 1357, 20749: 1116, 20750: 1357, 20751: 1107, 20752: 61726, 20754: 46494, 20757: 50588, 20758: 57455, 20759: 1193, 20761: 1617, 20762: 1617, 20763: 0, 20764: 75453, 20765: 70373, 20766: 1482, 20768: 184, 20769: 519, 20770: 77145, 20773: 70500, 20774: 75379, 20775: 1489, 20777: 1391, 20778: 70500, 20779: 1457, 20781: 57070, 20782: 1154, 20784: 1288, 20785: 395, 20786: 68650, 20789: 44206, 20790: 58543, 20791: 2048, 20792: 57309, 20793: 1154, 20794: 57070, 20795: 182, 20796: 57070, 20797: 70373, 20798: 2048, 20799: 13699, 20800: 1482, 20802: 82080, 20803: 1543, 20804: 1399, 20805: 70373, 20806: 58543, 20807: 1107, 20808: 82067, 20809: 1182, 20810: 46793, 20811: 49332, 20813: 1347, 20814: 1482, 20815: 82067, 20816: 184, 20817: 85687, 20818: 85710, 20819: 690, 20820: 78631, 20821: 46494, 20822: 75379, 20823: 82080, 20824: 57455, 20825: 83288, 20826: 1188, 20827: 85710, 20828: 1399, 20829: 59008, 20831: 72051, 20832: 1357, 20833: 57257, 20834: 58543, 20835: 44206, 20836: 1182, 20837: 0, 20838: 78631, 20840: 57257, 20841: 765, 20842: 190, 20843: 1543, 20844: 82085, 20845: 190, 20846: 1167, 20850: 72039, 20852: 1391, 20853: 85710, 20854: 1014, 20856: 0, 20858: 48266, 20859: 82070, 20860: 63882, 20861: 63882, 20862: 82070, 20863: 82070, 20864: 395, 20872: 953, 20873: 35245, 20874: 184, 20875: 70500, 20876: 59008, 20877: 82070, 20881: 57417, 20883: 75379, 20884: 65877, 20885: 85646, 20886: 78631, 20887: 61726, 20888: 65877, 20889: 805, 20890: 57639, 20891: 64727, 20892: 65877, 20894: 1457, 20895: 1300, 20897: 71117, 20900: 61726, 20901: 75379, 20902: 72039, 20904: 184, 20905: 44206, 20906: 57309, 20907: 64790, 20909: 0, 20910: 67720, 20911: 69990, 20913: 522, 20916: 1457, 20917: 82070, 20918: 73383, 20919: 72039, 20921: 72051, 20922: 84328, 20923: 68173, 20925: 1294, 20926: 1188, 20928: 48266, 20929: 51797, 20930: 61726, 20931: 51797, 20932: 59008, 20933: 72051, 20934: 63099, 20935: 84328, 20936: 57639, 20937: 54448, 20938: 63099, 20939: 1107, 20940: 1347, 20941: 63882, 20942: 63756, 20943: 728, 20944: 1391, 20948: 57972, 20949: 64727, 20950: 72039, 20951: 1223, 20953: 59008, 20954: 1585, 20955: 1116, 20956: 1399, 20958: 65161, 20959: 57972, 20960: 146, 20961: 1502, 20962: 1223, 20963: 69995, 20964: 83288, 20965: 57639, 20966: 63099, 20967: 1054, 20968: 64727, 20969: 91053, 20970: 83288, 20971: 1193, 20973: 1054, 20974: 146, 20975: 1188, 20977: 78631, 20978: 57972, 20979: 64790, 20980: 64727, 20981: 67720, 20982: 83288, 20983: 1502, 20985: 87001, 20986: 91053, 20987: 59008, 20988: 85710, 20990: 63756, 20992: 64790, 20993: 87001, 20995: 1012, 20997: 83288, 20998: 82070, 20999: 83288, 21000: 63882, 21001: 1188, 21002: 1167, 21003: 57972, 21005: 72039, 21006: 57417, 21007: 54448, 21008: 953, 21009: 57972, 21011: 72039, 21012: 63882, 21013: 2048, 21014: 87001, 21015: 184, 21016: 65941, 21017: 58543, 21018: 85700, 21019: 75453, 21020: 1617, 21021: 63756, 21022: 2048, 21023: 1167, 21028: 86055, 21030: 85700, 21032: 1543, 21033: 146, 21034: 1167, 21035: 54448, 21036: 449, 21037: 1154, 21038: 85710, 21039: 226, 21041: 52945, 21043: 57417, 21045: 57639, 21047: 86055, 21050: 1182, 21053: 1294, 21055: 1585, 21056: 57381, 21057: 1107, 21058: 58096, 21059: 395, 21060: 1107, 21061: 72051, 21062: 683, 21063: 449, 21064: 1107, 21065: 44206, 21066: 57381, 21067: 1014, 21068: 72051, 21069: 72051, 21070: 57290, 21072: 57381, 21073: 849, 21074: 35259, 21075: 48922, 21077: 1540, 21084: 82080, 21085: 56939, 21086: 90942, 21087: 56939, 21091: 190, 21092: 1399, 21093: 2048, 21096: 2114, 21097: 2114, 21098: 51797, 21099: 87984, 21100: 74355, 21101: 80140, 21102: 56939, 21103: 1116, 21104: 1193, 21105: 88653, 21106: 74355, 21107: 61726, 21108: 53429, 21109: 2114, 21110: 89226, 21112: 75453, 21113: 2346, 21115: 89226, 21116: 53429, 21117: 74355, 21118: 35259, 21119: 74355, 21120: 2076, 21121: 88653, 21123: 80140, 21124: 88653, 21125: 2114, 21126: 2114, 21127: 74355, 21128: 53429, 21129: 57649, 21130: 74355, 21132: 53429, 21133: 90998, 21134: 53429, 21135: 89226, 21136: 2114, 21138: 57649, 21139: 88653, 21140: 74355, 21141: 56939, 21142: 89226, 21143: 53429, 21144: 2114, 21145: 2346, 21146: 89226, 21147: 88653, 21148: 53429, 21149: 86213, 21150: 80140, 21151: 87984, 21153: 80140, 21154: 146, 21155: 86213, 21156: 56939, 21157: 1188, 21159: 2076, 21163: 1223, 21164: 2076, 21165: 90998, 21166: 2346, 21167: 56939, 21168: 88653, 21170: 80140, 21171: 2076, 21172: 87984, 21173: 2076, 21174: 90998, 21175: 57417, 21176: 57649, 21177: 86157, 21178: 86213, 21179: 80140, 21180: 2346, 21181: 86213, 21182: 86157, 21184: 86157, 21185: 80140, 21186: 86213, 21187: 0, 21188: 0, 21189: 0, 21190: 91053, 21191: 184, 21192: 65941, 21193: 146, 21194: 0, 21195: 1300, 21196: 58096, 21197: 53429, 21198: 2114, 21199: 2076, 21203: 80140, 21205: 80140, 21206: 90998, 21208: 87984, 21209: 80140, 21223: 44206, 21226: 69990, 21227: 75958, 21228: 449, 21229: 519, 21230: 1014, 21231: 449, 21232: 78645, 21233: 69242, 21234: 78645, 21235: 78645, 21236: 1288, 21237: 1107, 21238: 1288, 21239: 1014, 21240: 1617, 21241: 395, 21244: 1173, 21249: 1012, 21262: 1489, 21265: 1412, 21271: 70500, 21279: 57417, 21280: 1391, 21288: 57070, 21290: 63270, 21298: 63270, 21303: 57455, 21304: 226, 21305: 1167, 21306: 1347, 21307: 1347, 21308: 1294, 21311: 1294, 21312: 46494, 21313: 765, 21314: 1113, 21315: 226, 21316: 1054, 21317: 46494, 21318: 64790, 21319: 765, 21322: 522, 21324: 1347, 21325: 78626, 21326: 805, 21327: 46494, 21328: 78626, 21329: 805, 21331: 65877, 21333: 51797, 21334: 57455, 21335: 71117, 21336: 1457, 21338: 1457, 21339: 1113, 21340: 63756, 21341: 51797, 21344: 1300, 21345: 65877, 21346: 1391, 21348: 63099, 21349: 0, 21351: 1259, 21354: 395, 21356: 77145, 21357: 85646, 21358: 226, 21363: 1294, 21366: 1223, 21369: 226, 21370: 1357, 21378: 1543, 21384: 57381, 21398: 13828, 21445: 57649, 21446: 65877, 21447: 44206, 21448: 1617, 21450: 1014, 21454: 72051, 21455: 1259, 21460: 69242, 21462: 1585, 21463: 65877, 21465: 0, 21468: 46494, 21470: 1294, 21474: 1399, 21475: 85710, 21477: 75958, 21478: 75379, 21479: 226, 21480: 805, 21481: 63756, 21482: 1161, 21483: 0, 21484: 953, 21487: 63756, 21488: 1585, 21489: 51797, 21490: 67720, 21491: 245, 21492: 78631, 21493: 342, 21494: 50453}",0.0,filho
633920.4421103331,Cruzamento,1733628268.868144,9,"{20331: 1182, 20332: 1412, 20333: 1583, 20334: 49332, 20335: 49332, 20336: 82085, 20337: 75421, 20338: 57455, 20339: 49332, 20340: 849, 20341: 57309, 20342: 69242, 20343: 70342, 20344: 2048, 20345: 1291, 20346: 63099, 20347: 48266, 20348: 70373, 20349: 70342, 20350: 70373, 20351: 849, 20352: 63099, 20353: 184, 20354: 51797, 20355: 75421, 20356: 48266, 20357: 46793, 20358: 48266, 20359: 82085, 20360: 48266, 20361: 58096, 20362: 57070, 20363: 75421, 20364: 57070, 20365: 82085, 20366: 82085, 20367: 90927, 20368: 77145, 20369: 65341, 20370: 49332, 20371: 48266, 20372: 46793, 20373: 1347, 20378: 1347, 20379: 65341, 20380: 75453, 20381: 69242, 20383: 1391, 20384: 1391, 20385: 75421, 20386: 686, 20387: 686, 20388: 69990, 20389: 686, 20392: 48266, 20393: 57257, 20394: 849, 20395: 1583, 20396: 395, 20397: 1182, 20398: 1489, 20399: 1107, 20400: 65341, 20401: 1489, 20402: 1482, 20403: 58096, 20404: 44206, 20405: 57290, 20406: 57455, 20407: 71117, 20408: 1585, 20409: 69990, 20410: 1585, 20411: 68173, 20412: 75379, 20413: 1583, 20414: 68173, 20415: 395, 20416: 1014, 20417: 728, 20418: 1188, 20419: 71117, 20421: 2048, 20422: 1294, 20423: 82080, 20427: 46494, 20428: 78645, 20429: 78645, 20432: 449, 20433: 48922, 20434: 690, 20436: 59008, 20437: 1347, 20438: 70342, 20439: 57381, 20440: 690, 20441: 70342, 20442: 1585, 20443: 522, 20444: 522, 20445: 91896, 20446: 13828, 20447: 44206, 20449: 69995, 20450: 226, 20451: 52945, 20452: 1585, 20453: 63270, 20454: 57455, 20455: 70342, 20456: 63270, 20457: 50588, 20458: 63756, 20459: 63270, 20460: 1161, 20461: 75379, 20462: 1154, 20463: 1482, 20465: 2048, 20466: 65161, 20467: 1583, 20468: 1014, 20469: 57381, 20471: 72051, 20472: 1259, 20473: 1107, 20475: 743, 20476: 46494, 20481: 1543, 20482: 70342, 20484: 70342, 20485: 50588, 20486: 913, 20487: 1347, 20488: 1617, 20489: 71117, 20490: 1502, 20491: 82080, 20492: 67720, 20493: 46494, 20494: 522, 20495: 91896, 20496: 686, 20497: 226, 20499: 1457, 20501: 65877, 20503: 85710, 20504: 1167, 20505: 765, 20506: 57309, 20507: 57070, 20508: 1161, 20509: 50588, 20510: 70342, 20511: 85646, 20512: 54448, 20513: 69990, 20514: 35245, 20515: 913, 20517: 35245, 20518: 35245, 20519: 80479, 20520: 1012, 20521: 63756, 20522: 85646, 20523: 1288, 20524: 35259, 20525: 1502, 20527: 1543, 20528: 519, 20530: 67720, 20531: 1188, 20532: 690, 20533: 1084, 20534: 1161, 20535: 67720, 20536: 59008, 20537: 68173, 20538: 68173, 20539: 1585, 20540: 1347, 20541: 69990, 20542: 1617, 20543: 71117, 20544: 69985, 20545: 48922, 20546: 743, 20547: 91053, 20549: 913, 20550: 51797, 20552: 57381, 20553: 1347, 20554: 35259, 20555: 85687, 20556: 83288, 20557: 1116, 20558: 1167, 20559: 46494, 20560: 1457, 20561: 65877, 20563: 65877, 20564: 1391, 20565: 849, 20567: 1161, 20569: 51797, 20570: 728, 20571: 69985, 20572: 728, 20573: 75958, 20574: 44206, 20575: 91896, 20576: 1014, 20577: 1617, 20578: 71117, 20579: 69985, 20580: 743, 20581: 690, 20582: 35259, 20583: 71117, 20584: 1347, 20585: 184, 20587: 65161, 20588: 63270, 20589: 1161, 20590: 68173, 20591: 57455, 20592: 1288, 20593: 46494, 20594: 70342, 20595: 73383, 20596: 743, 20597: 44206, 20599: 51797, 20600: 54448, 20601: 80479, 20602: 226, 20605: 35245, 20606: 66626, 20607: 66626, 20608: 57417, 20609: 69995, 20610: 1084, 20611: 1054, 20612: 85710, 20613: 85669, 20614: 953, 20615: 226, 20616: 71117, 20617: 765, 20618: 1054, 20619: 75453, 20620: 61726, 20621: 765, 20622: 65877, 20624: 69990, 20625: 1116, 20626: 1288, 20628: 1540, 20630: 52945, 20631: 57381, 20633: 743, 20634: 182, 20635: 1084, 20636: 54448, 20637: 686, 20638: 54448, 20639: 85669, 20640: 1193, 20641: 52945, 20642: 57639, 20643: 62344, 20645: 58096, 20646: 953, 20647: 62344, 20648: 1391, 20650: 686, 20651: 57639, 20652: 1391, 20653: 1193, 20654: 58096, 20655: 70373, 20656: 1291, 20659: 66626, 20661: 54448, 20662: 46793, 20663: 54448, 20669: 683, 20670: 35259, 20671: 78631, 20672: 61726, 20673: 57309, 20675: 57972, 20676: 57972, 20677: 73235, 20678: 65877, 20680: 1585, 20681: 805, 20684: 805, 20688: 67720, 20689: 913, 20690: 52945, 20692: 58096, 20693: 85669, 20694: 1161, 20695: 58096, 20696: 70342, 20697: 70373, 20698: 62344, 20699: 75379, 20700: 63756, 20701: 1173, 20702: 85710, 20703: 1173, 20704: 1173, 20705: 50588, 20706: 63099, 20707: 75379, 20708: 1457, 20709: 1161, 20710: 0, 20711: 1259, 20712: 0, 20713: 1489, 20714: 52945, 20715: 46494, 20716: 1012, 20717: 85669, 20719: 75379, 20720: 57257, 20721: 70342, 20722: 57290, 20723: 1291, 20724: 46793, 20725: 1167, 20726: 0, 20727: 1457, 20729: 69990, 20730: 83288, 20731: 57290, 20732: 1054, 20734: 690, 20735: 57309, 20736: 522, 20737: 72051, 20739: 1540, 20740: 1617, 20741: 190, 20742: 1182, 20743: 1502, 20744: 146, 20746: 190, 20747: 58543, 20748: 1502, 20749: 85710, 20750: 1540, 20751: 63756, 20752: 46494, 20754: 71117, 20757: 46793, 20758: 913, 20759: 85669, 20761: 58096, 20762: 75453, 20763: 1482, 20764: 69990, 20765: 70373, 20766: 75453, 20768: 184, 20769: 395, 20770: 77145, 20773: 1188, 20774: 1347, 20775: 69242, 20777: 686, 20778: 57070, 20779: 1399, 20781: 57639, 20782: 78631, 20784: 52945, 20785: 35245, 20786: 2048, 20789: 1014, 20790: 1540, 20791: 1412, 20792: 65341, 20793: 1300, 20794: 70342, 20795: 73383, 20796: 1223, 20797: 1084, 20798: 70373, 20799: 13699, 20800: 2048, 20802: 82080, 20803: 75379, 20804: 395, 20805: 70373, 20806: 52945, 20807: 805, 20808: 82067, 20809: 1291, 20810: 46793, 20811: 49332, 20813: 48266, 20814: 1489, 20815: 82067, 20816: 82085, 20817: 82067, 20818: 85669, 20819: 67720, 20820: 78631, 20821: 1167, 20822: 62344, 20823: 1014, 20824: 57070, 20825: 69990, 20826: 67720, 20827: 190, 20828: 1154, 20829: 44206, 20831: 1391, 20832: 190, 20833: 184, 20834: 58543, 20835: 1107, 20836: 57309, 20837: 0, 20838: 75453, 20840: 57257, 20841: 1291, 20842: 190, 20843: 1167, 20844: 69990, 20845: 57639, 20846: 1223, 20850: 87001, 20852: 75453, 20853: 1457, 20854: 67720, 20856: 0, 20858: 46793, 20859: 82070, 20860: 82070, 20861: 63882, 20862: 63882, 20863: 63882, 20864: 35245, 20872: 953, 20873: 184, 20874: 0, 20875: 75453, 20876: 1107, 20877: 57972, 20881: 78631, 20883: 91053, 20884: 82070, 20885: 64727, 20886: 67720, 20887: 85710, 20888: 65877, 20889: 1259, 20890: 75453, 20891: 64727, 20892: 82070, 20894: 849, 20895: 65941, 20897: 1288, 20900: 686, 20901: 57417, 20902: 72039, 20904: 58096, 20905: 73383, 20906: 61726, 20907: 72051, 20909: 0, 20910: 44206, 20911: 1182, 20913: 73383, 20916: 57309, 20917: 63882, 20918: 46494, 20919: 87001, 20921: 72051, 20922: 63882, 20923: 519, 20925: 1294, 20926: 1300, 20928: 65941, 20929: 51797, 20930: 61726, 20931: 51797, 20932: 1399, 20933: 728, 20934: 1193, 20935: 84328, 20936: 1188, 20937: 64790, 20938: 1193, 20939: 44206, 20940: 57639, 20941: 84328, 20942: 1288, 20943: 72051, 20944: 44206, 20948: 57972, 20949: 63756, 20950: 63882, 20951: 58543, 20953: 1399, 20954: 449, 20955: 1116, 20956: 64790, 20958: 1300, 20959: 87001, 20960: 1288, 20961: 1116, 20962: 1223, 20963: 1399, 20964: 83288, 20965: 75453, 20966: 63099, 20967: 1012, 20968: 64727, 20969: 91053, 20970: 57972, 20971: 1193, 20973: 1012, 20974: 146, 20975: 68650, 20977: 78631, 20978: 63756, 20979: 64790, 20980: 63756, 20981: 226, 20982: 87001, 20983: 85710, 20985: 72039, 20986: 57417, 20987: 69995, 20988: 57972, 20990: 1012, 20992: 58543, 20993: 72039, 20995: 1502, 20997: 72039, 20998: 63882, 20999: 0, 21000: 82070, 21001: 1457, 21002: 1457, 21003: 57972, 21005: 72039, 21006: 63270, 21007: 91053, 21008: 1457, 21009: 65877, 21011: 84328, 21012: 72039, 21013: 146, 21014: 83288, 21015: 70500, 21016: 85700, 21017: 59008, 21018: 64790, 21019: 57639, 21020: 449, 21021: 57639, 21022: 52945, 21023: 85710, 21028: 86055, 21030: 85700, 21032: 1223, 21033: 68650, 21034: 2048, 21035: 69995, 21036: 48922, 21037: 91053, 21038: 1288, 21039: 1457, 21041: 65941, 21043: 1154, 21045: 64790, 21047: 728, 21050: 190, 21053: 1294, 21055: 82080, 21056: 1585, 21057: 519, 21058: 75379, 21059: 1107, 21060: 449, 21061: 1259, 21062: 72051, 21063: 48922, 21064: 1014, 21065: 44206, 21066: 1502, 21067: 1543, 21068: 69985, 21069: 72051, 21070: 69990, 21072: 57290, 21073: 85669, 21074: 67720, 21075: 1188, 21077: 1193, 21084: 59008, 21085: 57649, 21086: 89226, 21087: 57649, 21091: 1116, 21092: 1161, 21093: 57417, 21096: 74355, 21097: 74355, 21098: 146, 21099: 90998, 21100: 2076, 21101: 2346, 21102: 2346, 21103: 1107, 21104: 64790, 21105: 80140, 21106: 2076, 21107: 35259, 21108: 56939, 21109: 2114, 21110: 89226, 21112: 1391, 21113: 2076, 21115: 57649, 21116: 89226, 21117: 88653, 21118: 62344, 21119: 2114, 21120: 86213, 21121: 88653, 21123: 2076, 21124: 80140, 21125: 74355, 21126: 2114, 21127: 89226, 21128: 2114, 21129: 53429, 21130: 57649, 21132: 53429, 21133: 87984, 21134: 2114, 21135: 88653, 21136: 53429, 21138: 74355, 21139: 88653, 21140: 74355, 21141: 86157, 21142: 53429, 21143: 2114, 21144: 2114, 21145: 74355, 21146: 89226, 21147: 74355, 21148: 56939, 21149: 87984, 21150: 86157, 21151: 2076, 21153: 88653, 21154: 1188, 21155: 80140, 21156: 80140, 21157: 44206, 21159: 89226, 21163: 146, 21164: 86157, 21165: 90998, 21166: 2114, 21167: 80140, 21168: 86213, 21170: 88653, 21171: 80140, 21172: 88653, 21173: 86157, 21174: 2346, 21175: 57417, 21176: 86213, 21177: 2076, 21178: 87984, 21179: 80140, 21180: 2346, 21181: 56939, 21182: 56939, 21184: 53429, 21185: 0, 21186: 86213, 21187: 0, 21188: 0, 21189: 0, 21190: 1457, 21191: 184, 21192: 70500, 21193: 1193, 21194: 0, 21195: 91053, 21196: 69990, 21197: 53429, 21198: 2114, 21199: 2076, 21203: 2076, 21205: 53429, 21206: 90998, 21208: 90998, 21209: 80140, 21223: 1107, 21226: 728, 21227: 449, 21228: 69990, 21229: 395, 21230: 1502, 21231: 449, 21232: 1107, 21233: 805, 21234: 78645, 21235: 182, 21236: 743, 21237: 71117, 21238: 1107, 21239: 73383, 21240: 57455, 21241: 690, 21244: 1161, 21249: 80479, 21262: 1489, 21265: 1412, 21271: 65161, 21279: 91053, 21280: 75453, 21288: 57070, 21290: 72051, 21298: 63270, 21303: 395, 21304: 1540, 21305: 226, 21306: 1347, 21307: 1347, 21308: 46494, 21311: 1357, 21312: 88486, 21313: 71117, 21314: 1540, 21315: 395, 21316: 88486, 21317: 226, 21318: 63756, 21319: 51797, 21322: 805, 21324: 57455, 21325: 78626, 21326: 550, 21327: 550, 21328: 57455, 21329: 519, 21331: 87001, 21333: 226, 21334: 57455, 21335: 765, 21336: 1113, 21338: 765, 21339: 71117, 21340: 1294, 21341: 765, 21344: 69995, 21345: 0, 21346: 70500, 21348: 1193, 21349: 0, 21351: 69990, 21354: 13828, 21356: 77145, 21357: 64727, 21358: 1457, 21363: 765, 21366: 58543, 21369: 1054, 21370: 1457, 21378: 72051, 21384: 69242, 21398: 550, 21445: 57649, 21446: 57639, 21447: 46494, 21448: 728, 21450: 69242, 21454: 57290, 21455: 449, 21460: 13699, 21462: 1502, 21463: 65877, 21465: 0, 21468: 1167, 21470: 1502, 21474: 1161, 21475: 63756, 21477: 75958, 21478: 1357, 21479: 46494, 21480: 805, 21481: 1116, 21482: 78631, 21483: 0, 21484: 69995, 21487: 63756, 21488: 51797, 21489: 85700, 21490: 1259, 21491: 245, 21492: 62344, 21493: 342, 21494: 50453}",0.0,filho
631686.9815696654,Cruzamento,1733628268.868144,9,"{20331: 184, 20332: 58096, 20333: 57455, 20334: 1084, 20335: 70342, 20336: 57257, 20337: 1294, 20338: 49332, 20339: 48266, 20340: 57070, 20341: 1489, 20342: 849, 20343: 1347, 20344: 1347, 20345: 1412, 20346: 1291, 20347: 69242, 20348: 51797, 20349: 75453, 20350: 57309, 20351: 1084, 20352: 184, 20353: 70342, 20354: 184, 20355: 184, 20356: 849, 20357: 57309, 20358: 765, 20359: 82085, 20360: 1489, 20361: 69990, 20362: 1347, 20363: 1482, 20364: 1291, 20365: 77145, 20366: 90927, 20367: 1391, 20368: 65341, 20369: 70171, 20370: 48266, 20371: 57070, 20372: 70342, 20373: 57257, 20378: 2048, 20379: 1489, 20380: 849, 20381: 2048, 20383: 75421, 20384: 13699, 20385: 1482, 20386: 63099, 20387: 13699, 20388: 686, 20389: 70373, 20392: 51797, 20393: 1291, 20394: 75453, 20395: 57455, 20396: 68173, 20397: 1412, 20398: 82085, 20399: 69990, 20400: 1583, 20401: 1347, 20402: 1347, 20403: 65341, 20404: 449, 20405: 44206, 20406: 1502, 20407: 1543, 20408: 1188, 20409: 1502, 20410: 395, 20411: 1502, 20412: 1012, 20413: 849, 20414: 67720, 20415: 519, 20416: 67720, 20417: 82080, 20418: 805, 20419: 743, 20421: 75421, 20422: 1347, 20423: 1585, 20427: 1188, 20428: 46494, 20429: 1259, 20432: 69990, 20433: 69990, 20434: 73383, 20436: 1585, 20437: 1107, 20438: 1502, 20439: 57381, 20440: 69985, 20441: 743, 20442: 78645, 20443: 13828, 20444: 72051, 20445: 71117, 20446: 690, 20447: 13828, 20449: 50588, 20450: 35245, 20451: 1585, 20452: 80479, 20453: 226, 20454: 52945, 20455: 54448, 20456: 35245, 20457: 63270, 20458: 51797, 20459: 51797, 20460: 63270, 20461: 1161, 20462: 67720, 20463: 58096, 20465: 69990, 20466: 913, 20467: 49332, 20468: 1347, 20469: 59008, 20471: 69985, 20472: 69242, 20473: 182, 20475: 1259, 20476: 46494, 20481: 57381, 20482: 1585, 20484: 52945, 20485: 50588, 20486: 52945, 20487: 71117, 20488: 1502, 20489: 35259, 20490: 395, 20491: 44206, 20492: 1188, 20493: 522, 20494: 69990, 20495: 1259, 20496: 75453, 20497: 35245, 20499: 1294, 20501: 1161, 20503: 69995, 20504: 1012, 20505: 226, 20506: 57639, 20507: 85710, 20508: 69995, 20509: 54448, 20510: 913, 20511: 64727, 20512: 54448, 20513: 1084, 20514: 1288, 20515: 0, 20517: 75379, 20518: 57455, 20519: 1012, 20520: 52945, 20521: 1161, 20522: 75379, 20523: 71117, 20524: 683, 20525: 70342, 20527: 1188, 20528: 1259, 20530: 1347, 20531: 1014, 20532: 57381, 20533: 70373, 20534: 63270, 20535: 1288, 20536: 48922, 20537: 68173, 20538: 70342, 20539: 1585, 20540: 75958, 20541: 48922, 20542: 44206, 20543: 69985, 20544: 1288, 20545: 1014, 20546: 59008, 20547: 63270, 20549: 75379, 20550: 46793, 20552: 743, 20553: 44206, 20554: 519, 20555: 75453, 20556: 62344, 20557: 1182, 20558: 190, 20559: 1161, 20560: 1502, 20561: 57639, 20563: 85669, 20564: 1540, 20565: 1357, 20567: 1167, 20569: 46793, 20570: 1347, 20571: 1014, 20572: 91896, 20573: 690, 20574: 728, 20575: 67720, 20576: 75958, 20577: 35259, 20578: 728, 20579: 68173, 20580: 1617, 20581: 69990, 20582: 91896, 20583: 69985, 20584: 71117, 20585: 57639, 20587: 46793, 20588: 52945, 20589: 63756, 20590: 519, 20591: 82080, 20592: 683, 20593: 1014, 20594: 73383, 20595: 71117, 20596: 71117, 20597: 805, 20599: 51797, 20600: 54448, 20601: 85646, 20602: 226, 20605: 0, 20606: 50588, 20607: 70342, 20608: 49332, 20609: 1173, 20610: 1084, 20611: 1182, 20612: 1457, 20613: 85710, 20614: 85710, 20615: 1288, 20616: 1116, 20617: 85710, 20618: 69995, 20619: 1116, 20620: 1182, 20621: 1054, 20622: 61726, 20624: 75453, 20625: 1107, 20626: 57309, 20628: 953, 20630: 1161, 20631: 67720, 20633: 1014, 20634: 182, 20635: 70373, 20636: 54448, 20637: 69990, 20638: 58543, 20639: 686, 20640: 85669, 20641: 58096, 20642: 1193, 20643: 1391, 20645: 57639, 20646: 953, 20647: 85669, 20648: 1391, 20650: 58096, 20651: 1391, 20652: 686, 20653: 686, 20654: 62344, 20655: 13699, 20656: 57309, 20659: 913, 20661: 50588, 20662: 70373, 20663: 63756, 20669: 82080, 20670: 73235, 20671: 73235, 20672: 78631, 20673: 61726, 20675: 57972, 20676: 65877, 20677: 62344, 20678: 75453, 20680: 68173, 20681: 1107, 20684: 1014, 20688: 35259, 20689: 50588, 20690: 1173, 20692: 1489, 20693: 85669, 20694: 63756, 20695: 51797, 20696: 1161, 20697: 46793, 20698: 58543, 20699: 52945, 20700: 54448, 20701: 1173, 20702: 226, 20703: 64727, 20704: 66626, 20705: 64727, 20706: 1182, 20707: 54448, 20708: 1182, 20709: 1161, 20710: 0, 20711: 82080, 20712: 52945, 20713: 1084, 20714: 52945, 20715: 690, 20716: 913, 20717: 62344, 20719: 50588, 20720: 70373, 20721: 46793, 20722: 46494, 20723: 48266, 20724: 80479, 20725: 85669, 20726: 0, 20727: 78631, 20729: 58096, 20730: 65877, 20731: 1014, 20732: 1012, 20734: 683, 20735: 57639, 20736: 59008, 20737: 13828, 20739: 1391, 20740: 1502, 20741: 62344, 20742: 58096, 20743: 1182, 20744: 91053, 20746: 85710, 20747: 1223, 20748: 1116, 20749: 1502, 20750: 1107, 20751: 849, 20752: 62344, 20754: 728, 20757: 1012, 20758: 57455, 20759: 0, 20761: 58096, 20762: 1084, 20763: 70373, 20764: 1482, 20765: 63099, 20766: 1617, 20768: 184, 20769: 395, 20770: 77145, 20773: 1300, 20774: 35245, 20775: 849, 20777: 2048, 20778: 57417, 20779: 75379, 20781: 728, 20782: 78631, 20784: 57290, 20785: 35245, 20786: 68650, 20789: 1543, 20790: 1540, 20791: 65341, 20792: 57257, 20793: 91053, 20794: 46793, 20795: 46494, 20796: 395, 20797: 75421, 20798: 2048, 20799: 69242, 20800: 70373, 20802: 82080, 20803: 58543, 20804: 1154, 20805: 1482, 20806: 686, 20807: 69242, 20808: 82067, 20809: 1182, 20810: 63099, 20811: 70342, 20813: 49332, 20814: 1294, 20815: 85687, 20816: 765, 20817: 85687, 20818: 1540, 20819: 683, 20820: 57639, 20821: 46494, 20822: 61726, 20823: 1014, 20824: 1399, 20825: 83288, 20826: 2048, 20827: 63756, 20828: 70500, 20829: 91896, 20831: 86055, 20832: 1391, 20833: 75421, 20834: 72051, 20835: 190, 20836: 1412, 20837: 49332, 20838: 58096, 20840: 1294, 20841: 57455, 20842: 1182, 20843: 1167, 20844: 1291, 20845: 1161, 20846: 57309, 20850: 72039, 20852: 1617, 20853: 1167, 20854: 70342, 20856: 0, 20858: 49332, 20859: 63882, 20860: 63882, 20861: 82070, 20862: 82070, 20863: 82070, 20864: 226, 20872: 953, 20873: 1457, 20874: 0, 20875: 59008, 20876: 13828, 20877: 82070, 20881: 91053, 20883: 67720, 20884: 82070, 20885: 85646, 20886: 57639, 20887: 1457, 20888: 82070, 20889: 57455, 20890: 57639, 20891: 57417, 20892: 72039, 20894: 57309, 20895: 64790, 20897: 1182, 20900: 1457, 20901: 728, 20902: 65877, 20904: 51797, 20905: 1107, 20906: 61726, 20907: 65161, 20909: 65877, 20910: 59008, 20911: 1116, 20913: 57381, 20916: 1107, 20917: 63882, 20918: 46494, 20919: 82070, 20921: 58543, 20922: 84328, 20923: 805, 20925: 1294, 20926: 72051, 20928: 59008, 20929: 63756, 20930: 0, 20931: 184, 20932: 146, 20933: 72051, 20934: 1193, 20935: 72039, 20936: 85700, 20937: 1399, 20938: 1193, 20939: 1288, 20940: 70500, 20941: 63882, 20942: 75453, 20943: 48922, 20944: 52945, 20948: 63882, 20949: 64727, 20950: 72039, 20951: 63099, 20953: 69995, 20954: 35259, 20955: 1116, 20956: 44206, 20958: 57639, 20959: 57972, 20960: 64790, 20961: 1012, 20962: 48266, 20963: 146, 20964: 72039, 20965: 44206, 20966: 146, 20967: 1054, 20968: 64790, 20969: 63270, 20970: 87001, 20971: 1193, 20973: 57972, 20974: 75379, 20975: 1543, 20977: 63270, 20978: 1502, 20979: 0, 20980: 51797, 20981: 1223, 20982: 57972, 20983: 1054, 20985: 87001, 20986: 1300, 20987: 63756, 20988: 63756, 20990: 1012, 20992: 1457, 20993: 83288, 20995: 63756, 20997: 87001, 20998: 63882, 20999: 83288, 21000: 82070, 21001: 184, 21002: 85669, 21003: 83288, 21005: 65877, 21006: 57290, 21007: 57309, 21008: 57309, 21009: 63882, 21011: 72039, 21012: 84328, 21013: 395, 21014: 65877, 21015: 75453, 21016: 67720, 21017: 58096, 21018: 65941, 21019: 85700, 21020: 69990, 21021: 75379, 21022: 1347, 21023: 1167, 21028: 85700, 21030: 86055, 21032: 57417, 21033: 1543, 21034: 48266, 21035: 1167, 21036: 68173, 21037: 1154, 21038: 1223, 21039: 54448, 21041: 67720, 21043: 63270, 21045: 85700, 21047: 86055, 21050: 85710, 21053: 1294, 21055: 82080, 21056: 1585, 21057: 449, 21058: 58096, 21059: 519, 21060: 519, 21061: 683, 21062: 1543, 21063: 78645, 21064: 72051, 21065: 46494, 21066: 683, 21067: 449, 21068: 743, 21069: 73383, 21070: 1288, 21072: 1107, 21073: 1457, 21074: 35259, 21075: 78645, 21077: 1540, 21084: 35259, 21085: 2114, 21086: 90942, 21087: 2346, 21091: 61726, 21092: 1347, 21093: 1167, 21096: 2114, 21097: 80140, 21098: 63270, 21099: 90998, 21100: 80140, 21101: 53429, 21102: 74355, 21103: 1107, 21104: 146, 21105: 2076, 21106: 57649, 21107: 62344, 21108: 88653, 21109: 89226, 21110: 89226, 21112: 35259, 21113: 88653, 21115: 53429, 21116: 88653, 21117: 57649, 21118: 1107, 21119: 89226, 21120: 87984, 21121: 2114, 21123: 74355, 21124: 80140, 21125: 74355, 21126: 57649, 21127: 57649, 21128: 53429, 21129: 2114, 21130: 53429, 21132: 2114, 21133: 87984, 21134: 2114, 21135: 2076, 21136: 57649, 21138: 2114, 21139: 2076, 21140: 53429, 21141: 53429, 21142: 57649, 21143: 57649, 21144: 2114, 21145: 2076, 21146: 89226, 21147: 53429, 21148: 2076, 21149: 86157, 21150: 80140, 21151: 86213, 21153: 2346, 21154: 146, 21155: 86213, 21156: 87984, 21157: 57417, 21159: 2346, 21163: 1223, 21164: 87984, 21165: 90998, 21166: 90998, 21167: 87984, 21168: 90998, 21170: 90998, 21171: 86213, 21172: 87984, 21173: 56939, 21174: 56939, 21175: 1188, 21176: 90998, 21177: 56939, 21178: 86213, 21179: 86213, 21180: 80140, 21181: 87984, 21182: 0, 21184: 80140, 21185: 0, 21186: 80140, 21187: 0, 21188: 0, 21189: 0, 21190: 1300, 21191: 184, 21192: 85700, 21193: 70500, 21194: 0, 21195: 85710, 21196: 58096, 21197: 74355, 21198: 2114, 21199: 2076, 21203: 80140, 21205: 53429, 21206: 86213, 21208: 90998, 21209: 80140, 21223: 519, 21226: 1014, 21227: 75958, 21228: 48922, 21229: 519, 21230: 68173, 21231: 1107, 21232: 69242, 21233: 78645, 21234: 743, 21235: 683, 21236: 683, 21237: 1288, 21238: 57290, 21239: 805, 21240: 683, 21241: 1259, 21244: 1161, 21249: 1012, 21262: 1391, 21265: 1391, 21271: 63756, 21279: 91053, 21280: 85646, 21288: 57290, 21290: 85700, 21298: 1188, 21303: 728, 21304: 765, 21305: 63756, 21306: 1113, 21307: 1347, 21308: 1113, 21311: 1540, 21312: 1167, 21313: 1357, 21314: 71117, 21315: 1457, 21316: 88486, 21317: 226, 21318: 728, 21319: 57455, 21322: 13828, 21324: 78626, 21325: 805, 21326: 71117, 21327: 728, 21328: 805, 21329: 46494, 21331: 83288, 21333: 226, 21334: 57455, 21335: 1357, 21336: 1054, 21338: 1113, 21339: 1457, 21340: 88486, 21341: 765, 21344: 1543, 21345: 82070, 21346: 59008, 21348: 63099, 21349: 0, 21351: 449, 21354: 1502, 21356: 70171, 21357: 0, 21358: 395, 21363: 184, 21366: 57309, 21369: 1347, 21370: 71117, 21378: 683, 21384: 449, 21398: 395, 21445: 74355, 21446: 46494, 21447: 1161, 21448: 1014, 21450: 1014, 21454: 69242, 21455: 48922, 21460: 13699, 21462: 82080, 21463: 57639, 21465: 0, 21468: 1107, 21470: 63756, 21474: 83288, 21475: 1054, 21477: 68173, 21478: 1399, 21479: 1540, 21480: 13828, 21481: 1012, 21482: 83288, 21483: 0, 21484: 765, 21487: 65161, 21488: 1161, 21489: 70500, 21490: 1107, 21491: 1113, 21492: 85710, 21493: 342, 21494: 50453}",0.0,filho
641511.9073893332,Cruzamento,1733628271.9613447,10,"{20331: 1084, 20332: 46793, 20333: 1489, 20334: 1412, 20335: 1294, 20336: 82085, 20337: 65341, 20338: 48266, 20339: 46793, 20340: 1412, 20341: 1294, 20342: 1182, 20343: 70342, 20344: 849, 20345: 57257, 20346: 1412, 20347: 63099, 20348: 1084, 20349: 75453, 20350: 63099, 20351: 75453, 20352: 69242, 20353: 70342, 20354: 849, 20355: 1489, 20356: 1489, 20357: 849, 20358: 70342, 20359: 57257, 20360: 2048, 20361: 58096, 20362: 1412, 20363: 1489, 20364: 184, 20365: 1617, 20366: 70171, 20367: 57309, 20368: 90927, 20369: 1617, 20370: 48266, 20371: 70373, 20372: 49332, 20373: 1291, 20378: 1182, 20379: 69990, 20380: 70342, 20381: 57070, 20383: 1583, 20384: 686, 20385: 75421, 20386: 68182, 20387: 75421, 20388: 13699, 20389: 68182, 20392: 1291, 20393: 63099, 20394: 75453, 20395: 48266, 20396: 1543, 20397: 849, 20398: 75421, 20399: 70342, 20400: 58096, 20401: 57455, 20402: 1489, 20403: 1084, 20404: 57455, 20405: 1288, 20406: 519, 20407: 743, 20408: 71117, 20409: 1288, 20410: 57381, 20411: 449, 20412: 226, 20413: 58096, 20414: 1014, 20415: 46494, 20416: 805, 20417: 57290, 20418: 683, 20419: 1617, 20421: 65341, 20422: 82085, 20423: 1585, 20427: 68173, 20428: 78645, 20429: 48922, 20432: 44206, 20433: 1502, 20434: 57290, 20436: 182, 20437: 1188, 20438: 1502, 20439: 57381, 20440: 73383, 20441: 70342, 20442: 57381, 20443: 13828, 20444: 71117, 20445: 683, 20446: 1502, 20447: 71117, 20449: 50588, 20450: 913, 20451: 80479, 20452: 80479, 20453: 35245, 20454: 69995, 20455: 52945, 20456: 70342, 20457: 46793, 20458: 1012, 20459: 51797, 20460: 63756, 20461: 35245, 20462: 64790, 20463: 57257, 20465: 57070, 20466: 63756, 20467: 849, 20468: 743, 20469: 67720, 20471: 1014, 20472: 13828, 20473: 1188, 20475: 67720, 20476: 1259, 20481: 71117, 20482: 35245, 20484: 85646, 20485: 46793, 20486: 913, 20487: 743, 20488: 44206, 20489: 683, 20490: 519, 20491: 78645, 20492: 57381, 20493: 82080, 20494: 91896, 20495: 1585, 20496: 58096, 20497: 54448, 20499: 1054, 20501: 1347, 20503: 35259, 20504: 57070, 20505: 83288, 20506: 1012, 20507: 46494, 20508: 69995, 20509: 1012, 20510: 52945, 20511: 64727, 20512: 54448, 20513: 1291, 20514: 146, 20515: 52945, 20517: 35245, 20518: 226, 20519: 75379, 20520: 69995, 20521: 50588, 20522: 52945, 20523: 1543, 20524: 449, 20525: 728, 20527: 1617, 20528: 44206, 20530: 72051, 20531: 13828, 20532: 1259, 20533: 69990, 20534: 46793, 20535: 75958, 20536: 68173, 20537: 1617, 20538: 690, 20539: 69990, 20540: 1617, 20541: 71117, 20542: 1288, 20543: 449, 20544: 1014, 20545: 1585, 20546: 91896, 20547: 57070, 20549: 80479, 20550: 63270, 20552: 46494, 20553: 71117, 20554: 1288, 20555: 61726, 20556: 78631, 20557: 1391, 20558: 1502, 20559: 1399, 20560: 686, 20561: 46494, 20563: 65877, 20564: 1167, 20565: 85710, 20567: 69990, 20569: 51797, 20570: 743, 20571: 68173, 20572: 1347, 20573: 690, 20574: 67720, 20575: 449, 20576: 728, 20577: 48922, 20578: 1014, 20579: 1347, 20580: 35259, 20581: 75958, 20582: 48922, 20583: 743, 20584: 1347, 20585: 1543, 20587: 1161, 20588: 1012, 20589: 65161, 20590: 395, 20591: 449, 20592: 1188, 20593: 57290, 20594: 690, 20595: 522, 20596: 73383, 20597: 805, 20599: 1012, 20600: 63270, 20601: 63270, 20602: 35245, 20605: 226, 20606: 1161, 20607: 52945, 20608: 58096, 20609: 1173, 20610: 1084, 20611: 65877, 20612: 75453, 20613: 1457, 20614: 57309, 20615: 69995, 20616: 849, 20617: 1167, 20618: 1540, 20619: 765, 20620: 1457, 20621: 1167, 20622: 686, 20624: 1457, 20625: 65877, 20626: 686, 20628: 686, 20630: 66626, 20631: 519, 20633: 1107, 20634: 72051, 20635: 1084, 20636: 913, 20637: 1391, 20638: 146, 20639: 85669, 20640: 57639, 20641: 52945, 20642: 1391, 20643: 1193, 20645: 1391, 20646: 953, 20647: 686, 20648: 58096, 20650: 58096, 20651: 62344, 20652: 686, 20653: 1193, 20654: 85669, 20655: 1412, 20656: 184, 20659: 1585, 20661: 69995, 20662: 70373, 20663: 913, 20669: 522, 20670: 78631, 20671: 57639, 20672: 35259, 20673: 57972, 20675: 61726, 20676: 57972, 20677: 73235, 20678: 62344, 20680: 68173, 20681: 449, 20684: 1347, 20688: 1617, 20689: 69995, 20690: 52945, 20692: 57257, 20693: 85669, 20694: 66626, 20695: 1489, 20696: 1173, 20697: 1182, 20698: 58543, 20699: 63756, 20700: 50588, 20701: 913, 20702: 1167, 20703: 54448, 20704: 66626, 20705: 75379, 20706: 1182, 20707: 70342, 20708: 46494, 20709: 1161, 20710: 1161, 20711: 1543, 20712: 0, 20713: 75421, 20714: 52945, 20715: 690, 20716: 70342, 20717: 57639, 20719: 1585, 20720: 75453, 20721: 913, 20722: 805, 20723: 51797, 20724: 80479, 20725: 85669, 20726: 46793, 20727: 78631, 20729: 1617, 20730: 88486, 20731: 48922, 20732: 1054, 20734: 1288, 20735: 57309, 20736: 1014, 20737: 73383, 20739: 35259, 20740: 57455, 20741: 686, 20742: 1167, 20743: 1116, 20744: 68650, 20746: 69990, 20747: 91053, 20748: 58096, 20749: 69990, 20750: 686, 20751: 1399, 20752: 1502, 20754: 44206, 20757: 1161, 20758: 1012, 20759: 62344, 20761: 1482, 20762: 75453, 20763: 63099, 20764: 1084, 20765: 63099, 20766: 63099, 20768: 184, 20769: 395, 20770: 77145, 20773: 70500, 20774: 1154, 20775: 69990, 20777: 1391, 20778: 70500, 20779: 1399, 20781: 1457, 20782: 49332, 20784: 57290, 20785: 2048, 20786: 70500, 20789: 1347, 20790: 58543, 20791: 70342, 20792: 46793, 20793: 146, 20794: 49332, 20795: 59008, 20796: 1188, 20797: 75421, 20798: 13699, 20799: 70373, 20800: 1482, 20802: 69242, 20803: 85710, 20804: 57309, 20805: 69242, 20806: 1391, 20807: 72051, 20808: 82067, 20809: 1291, 20810: 63099, 20811: 57070, 20813: 48266, 20814: 1482, 20815: 85687, 20816: 57455, 20817: 85687, 20818: 1391, 20819: 1502, 20820: 1167, 20821: 1116, 20822: 85687, 20823: 46494, 20824: 57417, 20825: 75453, 20826: 75379, 20827: 46494, 20828: 184, 20829: 67720, 20831: 57290, 20832: 57639, 20833: 1291, 20834: 728, 20835: 1502, 20836: 1583, 20837: 57070, 20838: 57070, 20840: 2048, 20841: 1412, 20842: 1357, 20843: 226, 20844: 57455, 20845: 65877, 20846: 1300, 20850: 65877, 20852: 90927, 20853: 51797, 20854: 72051, 20856: 46793, 20858: 48266, 20859: 82070, 20860: 63882, 20861: 63882, 20862: 82070, 20863: 82070, 20864: 395, 20872: 953, 20873: 395, 20874: 0, 20875: 91053, 20876: 683, 20877: 83288, 20881: 75379, 20883: 75453, 20884: 57972, 20885: 59008, 20886: 64727, 20887: 1540, 20888: 82070, 20889: 683, 20890: 64727, 20891: 1391, 20892: 82070, 20894: 85669, 20895: 64790, 20897: 1540, 20900: 1457, 20901: 75379, 20902: 72039, 20904: 63099, 20905: 522, 20906: 765, 20907: 1188, 20909: 65877, 20910: 182, 20911: 849, 20913: 72051, 20916: 85669, 20917: 87001, 20918: 73383, 20919: 63882, 20921: 58543, 20922: 82070, 20923: 690, 20925: 1294, 20926: 85700, 20928: 1300, 20929: 51797, 20930: 61726, 20931: 51797, 20932: 1288, 20933: 57290, 20934: 63099, 20935: 82070, 20936: 91053, 20937: 1399, 20938: 1193, 20939: 1502, 20940: 1223, 20941: 72039, 20942: 1399, 20943: 69985, 20944: 1193, 20948: 83288, 20949: 1193, 20950: 87001, 20951: 1300, 20953: 64727, 20954: 68173, 20955: 1457, 20956: 57639, 20958: 57639, 20959: 65877, 20960: 54448, 20961: 1012, 20962: 1300, 20963: 69995, 20964: 72039, 20965: 91053, 20966: 64790, 20967: 1054, 20968: 44206, 20969: 85700, 20970: 57972, 20971: 63756, 20973: 85710, 20974: 59008, 20975: 1154, 20977: 85710, 20978: 63756, 20979: 0, 20980: 63756, 20981: 49332, 20982: 72039, 20983: 1054, 20985: 72039, 20986: 728, 20987: 64790, 20988: 1054, 20990: 85710, 20992: 68650, 20993: 72039, 20995: 1012, 20997: 83288, 20998: 82070, 20999: 87001, 21000: 63882, 21001: 70500, 21002: 57639, 21003: 57972, 21005: 83288, 21006: 72051, 21007: 2048, 21008: 69995, 21009: 65877, 21011: 72039, 21012: 87001, 21013: 57290, 21014: 65877, 21015: 91053, 21016: 72051, 21017: 64790, 21018: 1193, 21019: 184, 21020: 69985, 21021: 1543, 21022: 75379, 21023: 63270, 21028: 86055, 21030: 85700, 21032: 52945, 21033: 35245, 21034: 1154, 21035: 58543, 21036: 35259, 21037: 1223, 21038: 728, 21039: 63270, 21041: 85700, 21043: 67720, 21045: 1188, 21047: 86055, 21050: 83288, 21053: 1294, 21055: 82080, 21056: 1585, 21057: 1107, 21058: 1107, 21059: 395, 21060: 1107, 21061: 46494, 21062: 1502, 21063: 1014, 21064: 57381, 21065: 1543, 21066: 1188, 21067: 683, 21068: 73383, 21069: 46494, 21070: 69990, 21072: 1107, 21073: 1182, 21074: 67720, 21075: 78645, 21077: 1540, 21084: 1617, 21085: 2114, 21086: 89226, 21087: 87984, 21091: 1012, 21092: 78631, 21093: 63270, 21096: 2114, 21097: 53429, 21098: 65941, 21099: 2114, 21100: 2076, 21101: 57649, 21102: 80140, 21103: 1457, 21104: 51797, 21105: 88653, 21106: 2346, 21107: 62344, 21108: 2346, 21109: 2114, 21110: 90942, 21112: 75379, 21113: 88653, 21115: 2346, 21116: 80140, 21117: 57649, 21118: 88486, 21119: 2076, 21120: 2076, 21121: 74355, 21123: 57649, 21124: 2076, 21125: 53429, 21126: 57649, 21127: 74355, 21128: 57649, 21129: 2114, 21130: 74355, 21132: 53429, 21133: 87984, 21134: 57649, 21135: 88653, 21136: 74355, 21138: 53429, 21139: 88653, 21140: 53429, 21141: 80140, 21142: 2346, 21143: 57649, 21144: 2114, 21145: 88653, 21146: 89226, 21147: 53429, 21148: 2114, 21149: 2076, 21150: 86213, 21151: 87984, 21153: 2114, 21154: 44206, 21155: 86157, 21156: 80140, 21157: 1188, 21159: 89226, 21163: 146, 21164: 86157, 21165: 88653, 21166: 88653, 21167: 80140, 21168: 2114, 21170: 88653, 21171: 53429, 21172: 57649, 21173: 56939, 21174: 90998, 21175: 1223, 21176: 56939, 21177: 56939, 21178: 57649, 21179: 86213, 21180: 90998, 21181: 86213, 21182: 86157, 21184: 56939, 21185: 86213, 21186: 86213, 21187: 0, 21188: 0, 21189: 0, 21190: 78631, 21191: 184, 21192: 59008, 21193: 57639, 21194: 0, 21195: 395, 21196: 1489, 21197: 57649, 21198: 74355, 21199: 2076, 21203: 90998, 21205: 74355, 21206: 86213, 21208: 87984, 21209: 89226, 21223: 683, 21226: 683, 21227: 1585, 21228: 68173, 21229: 0, 21230: 69990, 21231: 519, 21232: 57381, 21233: 1259, 21234: 805, 21235: 690, 21236: 71117, 21237: 71117, 21238: 1288, 21239: 805, 21240: 82080, 21241: 395, 21244: 64727, 21249: 0, 21262: 1489, 21265: 68182, 21271: 65161, 21279: 91053, 21280: 57639, 21288: 63756, 21290: 59008, 21298: 72051, 21303: 1457, 21304: 46494, 21305: 1294, 21306: 1167, 21307: 728, 21308: 1294, 21311: 1347, 21312: 88486, 21313: 1054, 21314: 1540, 21315: 1347, 21316: 71117, 21317: 765, 21318: 395, 21319: 1294, 21322: 69985, 21324: 71117, 21325: 550, 21326: 57455, 21327: 519, 21328: 35259, 21329: 805, 21331: 57972, 21333: 51797, 21334: 57455, 21335: 1357, 21336: 765, 21338: 1054, 21339: 1457, 21340: 1294, 21341: 765, 21344: 1288, 21345: 0, 21346: 57309, 21348: 63099, 21349: 0, 21351: 1259, 21354: 78626, 21356: 77145, 21357: 85646, 21358: 35245, 21363: 1347, 21366: 65941, 21369: 88486, 21370: 1054, 21378: 70342, 21384: 1188, 21398: 805, 21445: 2114, 21446: 58096, 21447: 1357, 21448: 35259, 21450: 69990, 21454: 48922, 21455: 1014, 21460: 13699, 21462: 1585, 21463: 57972, 21465: 0, 21468: 1347, 21470: 226, 21474: 1182, 21475: 1116, 21477: 48922, 21478: 44206, 21479: 1113, 21480: 13828, 21481: 75453, 21482: 1161, 21483: 0, 21484: 1182, 21487: 75453, 21488: 50588, 21489: 48266, 21490: 743, 21491: 245, 21492: 85687, 21493: 50453, 21494: 342}",0.0,filho
645612.4763539999,Cruzamento,1733628271.9613447,10,"{20331: 1294, 20332: 70342, 20333: 1482, 20334: 82085, 20335: 1294, 20336: 57257, 20337: 65341, 20338: 1182, 20339: 1084, 20340: 57309, 20341: 765, 20342: 2048, 20343: 69242, 20344: 849, 20345: 63099, 20346: 1084, 20347: 1489, 20348: 48266, 20349: 1347, 20350: 69990, 20351: 1347, 20352: 57309, 20353: 57257, 20354: 46793, 20355: 1347, 20356: 849, 20357: 1583, 20358: 2048, 20359: 1291, 20360: 765, 20361: 75421, 20362: 1489, 20363: 1412, 20364: 70342, 20365: 70171, 20366: 70171, 20367: 77145, 20368: 65341, 20369: 75453, 20370: 48266, 20371: 1347, 20372: 46793, 20373: 1617, 20378: 65341, 20379: 75421, 20380: 1489, 20381: 1182, 20383: 57257, 20384: 63099, 20385: 57257, 20386: 13699, 20387: 70342, 20388: 1084, 20389: 75421, 20392: 849, 20393: 69242, 20394: 51797, 20395: 48266, 20396: 449, 20397: 1583, 20398: 765, 20399: 44206, 20400: 46793, 20401: 1412, 20402: 48266, 20403: 184, 20404: 743, 20405: 82080, 20406: 728, 20407: 395, 20408: 449, 20409: 35259, 20410: 690, 20411: 67720, 20412: 75379, 20413: 1482, 20414: 67720, 20415: 71117, 20416: 70342, 20417: 57381, 20418: 82080, 20419: 519, 20421: 1294, 20422: 1489, 20423: 1585, 20427: 44206, 20428: 57381, 20429: 449, 20432: 1543, 20433: 449, 20434: 46494, 20436: 805, 20437: 69242, 20438: 69990, 20439: 1259, 20440: 743, 20441: 46494, 20442: 69985, 20443: 690, 20444: 82080, 20445: 805, 20446: 67720, 20447: 78645, 20449: 1012, 20450: 69995, 20451: 80479, 20452: 57455, 20453: 57455, 20454: 52945, 20455: 913, 20456: 50588, 20457: 51797, 20458: 913, 20459: 1161, 20460: 1585, 20461: 63270, 20462: 69995, 20463: 49332, 20465: 65341, 20466: 1012, 20467: 1291, 20468: 1107, 20469: 1259, 20471: 57381, 20472: 57381, 20473: 743, 20475: 72051, 20476: 1617, 20481: 1107, 20482: 75379, 20484: 52945, 20485: 75379, 20486: 54448, 20487: 449, 20488: 1188, 20489: 69990, 20490: 70342, 20491: 67720, 20492: 805, 20493: 1107, 20494: 46494, 20495: 683, 20496: 75453, 20497: 50588, 20499: 65877, 20501: 44206, 20503: 57639, 20504: 69990, 20505: 62344, 20506: 85710, 20507: 1357, 20508: 1161, 20509: 50588, 20510: 913, 20511: 85646, 20512: 70342, 20513: 1291, 20514: 64790, 20515: 913, 20517: 69995, 20518: 69995, 20519: 63270, 20520: 52945, 20521: 65161, 20522: 1161, 20523: 1259, 20524: 68173, 20525: 519, 20527: 82080, 20528: 1502, 20530: 46494, 20531: 59008, 20532: 805, 20533: 75421, 20534: 65161, 20535: 48922, 20536: 44206, 20537: 69985, 20538: 69990, 20539: 449, 20540: 690, 20541: 1617, 20542: 75958, 20543: 48922, 20544: 728, 20545: 91896, 20546: 71117, 20547: 64790, 20549: 80479, 20550: 51797, 20552: 1288, 20553: 1502, 20554: 57290, 20555: 62344, 20556: 65877, 20557: 75379, 20558: 1107, 20559: 1391, 20560: 65877, 20561: 85710, 20563: 1167, 20564: 57070, 20565: 69990, 20567: 849, 20569: 52945, 20570: 91896, 20571: 1585, 20572: 1288, 20573: 35259, 20574: 48922, 20575: 44206, 20576: 75958, 20577: 69985, 20578: 1347, 20579: 71117, 20580: 68173, 20581: 1014, 20582: 35259, 20583: 1288, 20584: 71117, 20585: 2048, 20587: 1012, 20588: 63270, 20589: 52945, 20590: 82080, 20591: 57455, 20592: 683, 20593: 805, 20594: 72051, 20595: 59008, 20596: 1347, 20597: 1585, 20599: 64727, 20600: 49332, 20601: 75379, 20602: 35245, 20605: 35245, 20606: 50588, 20607: 913, 20608: 57417, 20609: 1585, 20610: 1482, 20611: 1107, 20612: 686, 20613: 57309, 20614: 1167, 20615: 75453, 20616: 953, 20617: 61726, 20618: 85669, 20619: 1182, 20620: 1054, 20621: 1457, 20622: 849, 20624: 226, 20625: 1457, 20626: 69995, 20628: 1540, 20630: 69995, 20631: 449, 20633: 69242, 20634: 73383, 20635: 1583, 20636: 54448, 20637: 1583, 20638: 226, 20639: 1391, 20640: 52945, 20641: 85669, 20642: 62344, 20643: 1391, 20645: 52945, 20646: 85669, 20647: 57639, 20648: 686, 20650: 686, 20651: 1193, 20652: 58096, 20653: 1391, 20654: 953, 20655: 1482, 20656: 1084, 20659: 70342, 20661: 64727, 20662: 57309, 20663: 1161, 20669: 69242, 20670: 65877, 20671: 1540, 20672: 57972, 20673: 57639, 20675: 78631, 20676: 78631, 20677: 61726, 20678: 75379, 20680: 69990, 20681: 1188, 20684: 1543, 20688: 805, 20689: 50588, 20690: 64727, 20692: 1182, 20693: 58096, 20694: 913, 20695: 75453, 20696: 75379, 20697: 184, 20698: 85669, 20699: 70342, 20700: 54448, 20701: 54448, 20702: 1288, 20703: 66626, 20704: 1173, 20705: 50588, 20706: 57309, 20707: 54448, 20708: 1399, 20709: 1161, 20710: 1161, 20711: 1014, 20712: 0, 20713: 57257, 20714: 52945, 20715: 57290, 20716: 913, 20717: 58543, 20719: 54448, 20720: 75453, 20721: 1012, 20722: 46494, 20723: 1489, 20724: 80479, 20725: 78631, 20726: 46793, 20727: 62344, 20729: 48266, 20730: 1113, 20731: 743, 20732: 765, 20734: 690, 20735: 65877, 20736: 522, 20737: 44206, 20739: 65877, 20740: 1188, 20741: 1357, 20742: 1116, 20743: 78631, 20744: 69995, 20746: 69990, 20747: 57309, 20748: 1107, 20749: 57639, 20750: 849, 20751: 1012, 20752: 190, 20754: 743, 20757: 1585, 20758: 54448, 20759: 57639, 20761: 70373, 20762: 1084, 20763: 63099, 20764: 1617, 20765: 1347, 20766: 70373, 20768: 0, 20769: 519, 20770: 77145, 20773: 1347, 20774: 57290, 20775: 58096, 20777: 1182, 20778: 2048, 20779: 70500, 20781: 57290, 20782: 67720, 20784: 57070, 20785: 57070, 20786: 1167, 20789: 728, 20790: 58543, 20791: 184, 20792: 82085, 20793: 70500, 20794: 49332, 20795: 69242, 20796: 68650, 20797: 2048, 20798: 70373, 20799: 69242, 20800: 1482, 20802: 57381, 20803: 68650, 20804: 68650, 20805: 13699, 20806: 58543, 20807: 57381, 20808: 85687, 20809: 58096, 20810: 46793, 20811: 48266, 20813: 49332, 20814: 49332, 20815: 82067, 20816: 57309, 20817: 82067, 20818: 58096, 20819: 1502, 20820: 85669, 20821: 78631, 20822: 1399, 20823: 1014, 20824: 226, 20825: 849, 20826: 85710, 20827: 62344, 20828: 63270, 20829: 1259, 20831: 1391, 20832: 1399, 20833: 1617, 20834: 86055, 20835: 62344, 20836: 849, 20837: 0, 20838: 1347, 20840: 1583, 20841: 57455, 20842: 83288, 20843: 57290, 20844: 1482, 20845: 57639, 20846: 1223, 20850: 87001, 20852: 57309, 20853: 1457, 20854: 1585, 20856: 686, 20858: 70373, 20859: 82070, 20860: 63882, 20861: 63882, 20862: 82070, 20863: 82070, 20864: 395, 20872: 953, 20873: 226, 20874: 0, 20875: 64727, 20876: 805, 20877: 63882, 20881: 64727, 20883: 70500, 20884: 82070, 20885: 1391, 20886: 67720, 20887: 1457, 20888: 82070, 20889: 1502, 20890: 91053, 20891: 1391, 20892: 72039, 20894: 765, 20895: 44206, 20897: 85669, 20900: 1167, 20901: 68650, 20902: 83288, 20904: 1188, 20905: 73383, 20906: 849, 20907: 1188, 20909: 65877, 20910: 72051, 20911: 1107, 20913: 73383, 20916: 1116, 20917: 84328, 20918: 69990, 20919: 84328, 20921: 63099, 20922: 82070, 20923: 57381, 20925: 1294, 20926: 65941, 20928: 1300, 20929: 51797, 20930: 0, 20931: 1223, 20932: 64790, 20933: 743, 20934: 1193, 20935: 63882, 20936: 65941, 20937: 67720, 20938: 1193, 20939: 395, 20940: 65161, 20941: 87001, 20942: 75379, 20943: 57290, 20944: 59008, 20948: 65877, 20949: 1193, 20950: 63882, 20951: 64790, 20953: 64727, 20954: 48922, 20955: 1116, 20956: 58096, 20958: 63756, 20959: 87001, 20960: 1399, 20961: 1502, 20962: 184, 20963: 146, 20964: 72039, 20965: 65941, 20966: 59008, 20967: 85710, 20968: 75453, 20969: 1300, 20970: 72039, 20971: 59008, 20973: 1054, 20974: 63756, 20975: 58096, 20977: 1399, 20978: 1502, 20979: 1193, 20980: 63756, 20981: 57070, 20982: 83288, 20983: 57972, 20985: 83288, 20986: 1167, 20987: 0, 20988: 63756, 20990: 57972, 20992: 57417, 20993: 83288, 20995: 85710, 20997: 72039, 20998: 63882, 20999: 57972, 21000: 82070, 21001: 78631, 21002: 1167, 21003: 57972, 21005: 83288, 21006: 57070, 21007: 1300, 21008: 69995, 21009: 57972, 21011: 87001, 21012: 84328, 21013: 57639, 21014: 65877, 21015: 91053, 21016: 146, 21017: 85700, 21018: 35245, 21019: 63756, 21020: 68173, 21021: 1188, 21022: 63270, 21023: 1457, 21028: 86055, 21030: 85700, 21032: 54448, 21033: 728, 21034: 57417, 21035: 1399, 21036: 91896, 21037: 2048, 21038: 1457, 21039: 1300, 21041: 72051, 21043: 146, 21045: 75453, 21047: 57290, 21050: 57639, 21053: 1294, 21055: 82080, 21056: 57381, 21057: 449, 21058: 63756, 21059: 1107, 21060: 1107, 21061: 78645, 21062: 1014, 21063: 46494, 21064: 1014, 21065: 1188, 21066: 1259, 21067: 683, 21068: 72051, 21069: 72051, 21070: 57290, 21072: 71117, 21073: 69995, 21074: 1617, 21075: 78645, 21077: 1540, 21084: 67720, 21085: 88653, 21086: 90942, 21087: 57649, 21091: 85710, 21092: 58096, 21093: 85646, 21096: 2346, 21097: 74355, 21098: 63756, 21099: 2114, 21100: 2076, 21101: 2346, 21102: 2114, 21103: 1116, 21104: 59008, 21105: 80140, 21106: 2114, 21107: 73235, 21108: 56939, 21109: 56939, 21110: 80140, 21112: 1391, 21113: 89226, 21115: 2114, 21116: 89226, 21117: 80140, 21118: 83288, 21119: 89226, 21120: 2076, 21121: 74355, 21123: 80140, 21124: 88653, 21125: 88653, 21126: 74355, 21127: 56939, 21128: 74355, 21129: 74355, 21130: 53429, 21132: 57649, 21133: 87984, 21134: 53429, 21135: 56939, 21136: 53429, 21138: 57649, 21139: 56939, 21140: 57649, 21141: 86157, 21142: 80140, 21143: 53429, 21144: 2114, 21145: 53429, 21146: 89226, 21147: 88653, 21148: 53429, 21149: 80140, 21150: 80140, 21151: 86213, 21153: 53429, 21154: 1223, 21155: 86157, 21156: 87984, 21157: 1288, 21159: 2346, 21163: 146, 21164: 86157, 21165: 80140, 21166: 90998, 21167: 87984, 21168: 90998, 21170: 90998, 21171: 86213, 21172: 57649, 21173: 2076, 21174: 2114, 21175: 0, 21176: 2076, 21177: 87984, 21178: 88653, 21179: 56939, 21180: 2346, 21181: 57649, 21182: 86157, 21184: 87984, 21185: 0, 21186: 2076, 21187: 0, 21188: 0, 21189: 0, 21190: 63270, 21191: 184, 21192: 1223, 21193: 70500, 21194: 0, 21195: 1167, 21196: 70342, 21197: 74355, 21198: 2114, 21199: 86213, 21203: 2076, 21205: 53429, 21206: 86213, 21208: 87984, 21209: 89226, 21223: 1585, 21226: 1014, 21227: 69985, 21228: 46494, 21229: 395, 21230: 78645, 21231: 395, 21232: 1259, 21233: 683, 21234: 70342, 21235: 1259, 21236: 57381, 21237: 71117, 21238: 1543, 21239: 72051, 21240: 1107, 21241: 1347, 21244: 66626, 21249: 1012, 21262: 57070, 21265: 13699, 21271: 91053, 21279: 59008, 21280: 59008, 21288: 57290, 21290: 51797, 21298: 57639, 21303: 1347, 21304: 35259, 21305: 35259, 21306: 226, 21307: 64790, 21308: 1113, 21311: 1540, 21312: 1294, 21313: 35259, 21314: 88486, 21315: 57417, 21316: 1054, 21317: 1347, 21318: 57455, 21319: 51797, 21322: 690, 21324: 13828, 21325: 13828, 21326: 35259, 21327: 1347, 21328: 519, 21329: 78626, 21331: 72039, 21333: 57455, 21334: 57455, 21335: 226, 21336: 765, 21338: 1502, 21339: 1054, 21340: 1107, 21341: 1294, 21344: 1300, 21345: 72039, 21346: 91053, 21348: 63099, 21349: 0, 21351: 69990, 21354: 519, 21356: 90927, 21357: 75379, 21358: 184, 21363: 57257, 21366: 65941, 21369: 765, 21370: 63756, 21378: 68173, 21384: 44206, 21398: 78626, 21445: 74355, 21446: 62344, 21447: 1347, 21448: 67720, 21450: 1014, 21454: 68173, 21455: 683, 21460: 0, 21462: 82080, 21463: 61726, 21465: 0, 21468: 85669, 21470: 63756, 21474: 46494, 21475: 1012, 21477: 91896, 21478: 69990, 21479: 71117, 21480: 805, 21481: 85687, 21482: 1391, 21483: 0, 21484: 1167, 21487: 65941, 21488: 65161, 21489: 65161, 21490: 0, 21491: 1113, 21492: 1116, 21493: 50453, 21494: 342}",0.0,filho
635606.7527336658,Cruzamento,1733628275.0945668,11,"{20331: 57309, 20332: 65341, 20333: 82085, 20334: 57070, 20335: 1182, 20336: 1489, 20337: 1291, 20338: 1084, 20339: 184, 20340: 57309, 20341: 65341, 20342: 1182, 20343: 1489, 20344: 1489, 20345: 68182, 20346: 70373, 20347: 70342, 20348: 1084, 20349: 63099, 20350: 57309, 20351: 51797, 20352: 58096, 20353: 46793, 20354: 849, 20355: 48266, 20356: 1291, 20357: 58096, 20358: 1084, 20359: 46793, 20360: 69990, 20361: 1412, 20362: 765, 20363: 57455, 20364: 1291, 20365: 82085, 20366: 75453, 20367: 90927, 20368: 1617, 20369: 65341, 20370: 70342, 20371: 57070, 20372: 48266, 20373: 1412, 20378: 82085, 20379: 57455, 20380: 1391, 20381: 686, 20383: 13699, 20384: 686, 20385: 69990, 20386: 57257, 20387: 13699, 20388: 75421, 20389: 68182, 20392: 63099, 20393: 58096, 20394: 51797, 20395: 184, 20396: 1347, 20397: 65341, 20398: 2048, 20399: 805, 20400: 1084, 20401: 1482, 20402: 46793, 20403: 1482, 20404: 67720, 20405: 1107, 20406: 57381, 20407: 1502, 20408: 743, 20409: 743, 20410: 1347, 20411: 395, 20412: 1585, 20413: 1489, 20414: 449, 20415: 1188, 20416: 67720, 20417: 519, 20418: 46494, 20419: 71117, 20421: 1347, 20422: 1617, 20423: 1585, 20427: 72051, 20428: 48922, 20429: 44206, 20432: 683, 20433: 1502, 20434: 690, 20436: 1259, 20437: 57381, 20438: 48922, 20439: 683, 20440: 69985, 20441: 690, 20442: 69242, 20443: 46494, 20444: 522, 20445: 522, 20446: 69242, 20447: 69242, 20449: 69995, 20450: 57455, 20451: 1012, 20452: 54448, 20453: 1585, 20454: 50588, 20455: 52945, 20456: 50588, 20457: 63756, 20458: 65161, 20459: 1585, 20460: 1161, 20461: 80479, 20462: 57290, 20463: 1412, 20465: 69990, 20466: 1012, 20467: 57257, 20468: 67720, 20469: 743, 20471: 1014, 20472: 71117, 20473: 1107, 20475: 805, 20476: 690, 20481: 1107, 20482: 35245, 20484: 75379, 20485: 69995, 20486: 54448, 20487: 1502, 20488: 1188, 20489: 728, 20490: 71117, 20491: 57381, 20492: 44206, 20493: 1014, 20494: 91896, 20495: 72051, 20496: 849, 20497: 69995, 20499: 88486, 20501: 71117, 20503: 1357, 20504: 765, 20505: 1167, 20506: 1294, 20507: 65877, 20508: 54448, 20509: 46793, 20510: 52945, 20511: 75379, 20512: 52945, 20513: 1291, 20514: 69995, 20515: 70342, 20517: 63270, 20518: 913, 20519: 1012, 20520: 54448, 20521: 63270, 20522: 913, 20523: 519, 20524: 70342, 20525: 1259, 20527: 68173, 20528: 57381, 20530: 91896, 20531: 182, 20532: 71117, 20533: 75421, 20534: 35245, 20535: 71117, 20536: 44206, 20537: 75958, 20538: 35259, 20539: 70342, 20540: 67720, 20541: 1014, 20542: 48922, 20543: 59008, 20544: 1014, 20545: 449, 20546: 1585, 20547: 69995, 20549: 913, 20550: 1161, 20552: 1502, 20553: 728, 20554: 1188, 20555: 85710, 20556: 1182, 20557: 849, 20558: 1399, 20559: 1391, 20560: 1116, 20561: 57070, 20563: 78631, 20564: 44206, 20565: 1167, 20567: 1457, 20569: 63756, 20570: 59008, 20571: 743, 20572: 68173, 20573: 728, 20574: 70342, 20575: 1347, 20576: 44206, 20577: 690, 20578: 91896, 20579: 67720, 20580: 70342, 20581: 743, 20582: 70342, 20583: 690, 20584: 44206, 20585: 1300, 20587: 52945, 20588: 63756, 20589: 1161, 20590: 1014, 20591: 82080, 20592: 57290, 20593: 805, 20594: 743, 20595: 805, 20596: 57381, 20597: 72051, 20599: 51797, 20600: 68650, 20601: 75379, 20602: 226, 20605: 35245, 20606: 1161, 20607: 66626, 20608: 1223, 20609: 75379, 20610: 1084, 20611: 226, 20612: 1288, 20613: 85669, 20614: 1116, 20615: 69995, 20616: 71117, 20617: 1540, 20618: 75453, 20619: 57309, 20620: 61726, 20621: 1540, 20622: 69995, 20624: 69995, 20625: 65877, 20626: 849, 20628: 1107, 20630: 1585, 20631: 728, 20633: 82080, 20634: 73383, 20635: 63099, 20636: 52945, 20637: 1583, 20638: 728, 20639: 58096, 20640: 58096, 20641: 57639, 20642: 62344, 20643: 57639, 20645: 1193, 20646: 1391, 20647: 686, 20648: 62344, 20650: 953, 20651: 686, 20652: 85669, 20653: 85669, 20654: 686, 20655: 68182, 20656: 69242, 20659: 1173, 20661: 66626, 20662: 69990, 20663: 913, 20669: 46494, 20670: 1540, 20671: 73235, 20672: 57639, 20673: 1391, 20675: 65877, 20676: 61726, 20677: 73235, 20678: 35259, 20680: 1107, 20681: 805, 20684: 70342, 20688: 1188, 20689: 69995, 20690: 1585, 20692: 57309, 20693: 1167, 20694: 913, 20695: 1347, 20696: 63756, 20697: 1489, 20698: 58096, 20699: 1173, 20700: 1161, 20701: 69995, 20702: 62344, 20703: 54448, 20704: 50588, 20705: 52945, 20706: 75453, 20707: 75379, 20708: 57309, 20709: 1161, 20710: 0, 20711: 35259, 20712: 52945, 20713: 849, 20714: 52945, 20715: 46494, 20716: 913, 20717: 58096, 20719: 63270, 20720: 75453, 20721: 1012, 20722: 728, 20723: 70373, 20724: 46793, 20725: 62344, 20726: 80479, 20727: 75379, 20729: 69990, 20730: 1054, 20731: 69985, 20732: 1457, 20734: 57290, 20735: 62344, 20736: 73383, 20737: 805, 20739: 75453, 20740: 1259, 20741: 75379, 20742: 85669, 20743: 83288, 20744: 1457, 20746: 85687, 20747: 1347, 20748: 1357, 20749: 1116, 20750: 1357, 20751: 1107, 20752: 61726, 20754: 46494, 20757: 50588, 20758: 57455, 20759: 1193, 20761: 1617, 20762: 1617, 20763: 0, 20764: 75453, 20765: 70373, 20766: 1482, 20768: 184, 20769: 519, 20770: 77145, 20773: 70500, 20774: 75379, 20775: 1489, 20777: 1391, 20778: 70500, 20779: 1457, 20781: 57070, 20782: 1154, 20784: 1288, 20785: 395, 20786: 68650, 20789: 44206, 20790: 58543, 20791: 2048, 20792: 57309, 20793: 1154, 20794: 57070, 20795: 182, 20796: 57070, 20797: 70373, 20798: 2048, 20799: 13699, 20800: 1482, 20802: 82080, 20803: 1543, 20804: 1399, 20805: 70373, 20806: 58543, 20807: 1107, 20808: 82067, 20809: 1182, 20810: 46793, 20811: 49332, 20813: 1347, 20814: 1482, 20815: 82067, 20816: 184, 20817: 85687, 20818: 85710, 20819: 690, 20820: 78631, 20821: 46494, 20822: 75379, 20823: 82080, 20824: 57455, 20825: 83288, 20826: 1188, 20827: 85710, 20828: 1399, 20829: 59008, 20831: 72051, 20832: 1357, 20833: 57257, 20834: 58543, 20835: 44206, 20836: 1182, 20837: 0, 20838: 78631, 20840: 57257, 20841: 765, 20842: 190, 20843: 1543, 20844: 82085, 20845: 190, 20846: 1167, 20850: 72039, 20852: 1391, 20853: 85710, 20854: 1014, 20856: 0, 20858: 48266, 20859: 82070, 20860: 63882, 20861: 63882, 20862: 82070, 20863: 82070, 20864: 395, 20872: 953, 20873: 35245, 20874: 184, 20875: 70500, 20876: 59008, 20877: 82070, 20881: 57417, 20883: 75379, 20884: 65877, 20885: 85646, 20886: 78631, 20887: 61726, 20888: 65877, 20889: 805, 20890: 57639, 20891: 64727, 20892: 65877, 20894: 1457, 20895: 1300, 20897: 71117, 20900: 61726, 20901: 75379, 20902: 72039, 20904: 184, 20905: 44206, 20906: 57309, 20907: 64790, 20909: 0, 20910: 67720, 20911: 69990, 20913: 522, 20916: 1457, 20917: 82070, 20918: 73383, 20919: 72039, 20921: 72051, 20922: 84328, 20923: 68173, 20925: 1294, 20926: 1188, 20928: 48266, 20929: 51797, 20930: 61726, 20931: 51797, 20932: 59008, 20933: 72051, 20934: 63099, 20935: 84328, 20936: 57639, 20937: 54448, 20938: 63099, 20939: 1107, 20940: 1347, 20941: 63882, 20942: 63756, 20943: 728, 20944: 1391, 20948: 57972, 20949: 64727, 20950: 72039, 20951: 1223, 20953: 59008, 20954: 1585, 20955: 1116, 20956: 1399, 20958: 65161, 20959: 57972, 20960: 146, 20961: 1502, 20962: 1223, 20963: 69995, 20964: 83288, 20965: 57639, 20966: 63099, 20967: 1054, 20968: 64727, 20969: 91053, 20970: 83288, 20971: 1193, 20973: 1054, 20974: 146, 20975: 1188, 20977: 78631, 20978: 57972, 20979: 64790, 20980: 64727, 20981: 67720, 20982: 83288, 20983: 1502, 20985: 87001, 20986: 91053, 20987: 59008, 20988: 85710, 20990: 63756, 20992: 64790, 20993: 87001, 20995: 1012, 20997: 83288, 20998: 82070, 20999: 83288, 21000: 63882, 21001: 1188, 21002: 1167, 21003: 57972, 21005: 72039, 21006: 57417, 21007: 54448, 21008: 953, 21009: 57972, 21011: 72039, 21012: 63882, 21013: 2048, 21014: 87001, 21015: 184, 21016: 65941, 21017: 58543, 21018: 85700, 21019: 75453, 21020: 1617, 21021: 63756, 21022: 2048, 21023: 1167, 21028: 86055, 21030: 85700, 21032: 1543, 21033: 146, 21034: 1167, 21035: 54448, 21036: 449, 21037: 1154, 21038: 85710, 21039: 226, 21041: 52945, 21043: 57417, 21045: 57639, 21047: 86055, 21050: 1182, 21053: 1294, 21055: 1585, 21056: 57381, 21057: 1107, 21058: 58096, 21059: 395, 21060: 1107, 21061: 72051, 21062: 683, 21063: 449, 21064: 1107, 21065: 44206, 21066: 57381, 21067: 1014, 21068: 72051, 21069: 72051, 21070: 57290, 21072: 57381, 21073: 849, 21074: 35259, 21075: 48922, 21077: 1540, 21084: 82080, 21085: 56939, 21086: 90942, 21087: 56939, 21091: 190, 21092: 1399, 21093: 2048, 21096: 2114, 21097: 2114, 21098: 51797, 21099: 87984, 21100: 74355, 21101: 80140, 21102: 56939, 21103: 1116, 21104: 1193, 21105: 88653, 21106: 74355, 21107: 61726, 21108: 53429, 21109: 2114, 21110: 89226, 21112: 75453, 21113: 2346, 21115: 89226, 21116: 53429, 21117: 74355, 21118: 35259, 21119: 74355, 21120: 2076, 21121: 88653, 21123: 80140, 21124: 88653, 21125: 2114, 21126: 2114, 21127: 74355, 21128: 53429, 21129: 57649, 21130: 74355, 21132: 53429, 21133: 90998, 21134: 53429, 21135: 89226, 21136: 2114, 21138: 57649, 21139: 88653, 21140: 74355, 21141: 56939, 21142: 89226, 21143: 53429, 21144: 2114, 21145: 2346, 21146: 89226, 21147: 88653, 21148: 53429, 21149: 86213, 21150: 80140, 21151: 87984, 21153: 80140, 21154: 146, 21155: 86213, 21156: 56939, 21157: 1188, 21159: 2076, 21163: 1223, 21164: 2076, 21165: 90998, 21166: 2346, 21167: 56939, 21168: 88653, 21170: 80140, 21171: 2076, 21172: 87984, 21173: 2076, 21174: 90998, 21175: 57417, 21176: 57649, 21177: 86157, 21178: 86213, 21179: 80140, 21180: 2346, 21181: 86213, 21182: 86157, 21184: 86157, 21185: 80140, 21186: 86213, 21187: 0, 21188: 0, 21189: 0, 21190: 91053, 21191: 184, 21192: 65941, 21193: 146, 21194: 0, 21195: 1300, 21196: 58096, 21197: 53429, 21198: 2114, 21199: 2076, 21203: 80140, 21205: 80140, 21206: 90998, 21208: 87984, 21209: 80140, 21223: 44206, 21226: 69990, 21227: 75958, 21228: 449, 21229: 519, 21230: 1014, 21231: 449, 21232: 78645, 21233: 69242, 21234: 78645, 21235: 78645, 21236: 1288, 21237: 1107, 21238: 1288, 21239: 1014, 21240: 1617, 21241: 395, 21244: 1173, 21249: 1012, 21262: 1489, 21265: 1412, 21271: 70500, 21279: 57417, 21280: 1391, 21288: 57070, 21290: 63270, 21298: 63270, 21303: 57455, 21304: 226, 21305: 1167, 21306: 1347, 21307: 1347, 21308: 1294, 21311: 1294, 21312: 46494, 21313: 765, 21314: 1113, 21315: 226, 21316: 1054, 21317: 46494, 21318: 64790, 21319: 765, 21322: 522, 21324: 1347, 21325: 78626, 21326: 805, 21327: 46494, 21328: 78626, 21329: 805, 21331: 65877, 21333: 51797, 21334: 57455, 21335: 71117, 21336: 1457, 21338: 1457, 21339: 1113, 21340: 63756, 21341: 51797, 21344: 1300, 21345: 65877, 21346: 1391, 21348: 63099, 21349: 0, 21351: 1259, 21354: 395, 21356: 77145, 21357: 85646, 21358: 226, 21363: 1294, 21366: 1223, 21369: 226, 21370: 1357, 21378: 1543, 21384: 69242, 21398: 550, 21445: 57649, 21446: 57639, 21447: 46494, 21448: 728, 21450: 69242, 21454: 57290, 21455: 449, 21460: 13699, 21462: 1502, 21463: 65877, 21465: 0, 21468: 1167, 21470: 1502, 21474: 1161, 21475: 63756, 21477: 75958, 21478: 1357, 21479: 46494, 21480: 805, 21481: 1116, 21482: 78631, 21483: 0, 21484: 69995, 21487: 63756, 21488: 51797, 21489: 85700, 21490: 1259, 21491: 245, 21492: 62344, 21493: 342, 21494: 50453}",0.0,filho
642211.9232333323,Cruzamento,1733628275.0945668,11,"{20331: 57309, 20332: 65341, 20333: 82085, 20334: 57070, 20335: 1182, 20336: 1489, 20337: 1291, 20338: 1084, 20339: 184, 20340: 57309, 20341: 65341, 20342: 1182, 20343: 1489, 20344: 1489, 20345: 68182, 20346: 70373, 20347: 70342, 20348: 1084, 20349: 63099, 20350: 57309, 20351: 51797, 20352: 58096, 20353: 46793, 20354: 849, 20355: 48266, 20356: 1291, 20357: 58096, 20358: 1084, 20359: 46793, 20360: 69990, 20361: 1412, 20362: 765, 20363: 57455, 20364: 1291, 20365: 82085, 20366: 75453, 20367: 90927, 20368: 1617, 20369: 65341, 20370: 70342, 20371: 57070, 20372: 48266, 20373: 1412, 20378: 82085, 20379: 57455, 20380: 1391, 20381: 686, 20383: 13699, 20384: 686, 20385: 69990, 20386: 57257, 20387: 13699, 20388: 75421, 20389: 68182, 20392: 63099, 20393: 58096, 20394: 51797, 20395: 184, 20396: 1347, 20397: 65341, 20398: 2048, 20399: 805, 20400: 1084, 20401: 1482, 20402: 46793, 20403: 1482, 20404: 67720, 20405: 1107, 20406: 57381, 20407: 1502, 20408: 743, 20409: 743, 20410: 1347, 20411: 395, 20412: 1585, 20413: 1489, 20414: 449, 20415: 1188, 20416: 67720, 20417: 519, 20418: 46494, 20419: 71117, 20421: 1347, 20422: 1617, 20423: 1585, 20427: 72051, 20428: 48922, 20429: 44206, 20432: 683, 20433: 1502, 20434: 690, 20436: 1259, 20437: 57381, 20438: 48922, 20439: 683, 20440: 69985, 20441: 690, 20442: 69242, 20443: 46494, 20444: 522, 20445: 522, 20446: 69242, 20447: 69242, 20449: 69995, 20450: 57455, 20451: 1012, 20452: 54448, 20453: 1585, 20454: 50588, 20455: 52945, 20456: 50588, 20457: 63756, 20458: 65161, 20459: 1585, 20460: 1161, 20461: 80479, 20462: 57290, 20463: 1412, 20465: 69990, 20466: 1012, 20467: 57257, 20468: 67720, 20469: 743, 20471: 1014, 20472: 71117, 20473: 1107, 20475: 805, 20476: 690, 20481: 1107, 20482: 35245, 20484: 75379, 20485: 69995, 20486: 54448, 20487: 1502, 20488: 1188, 20489: 728, 20490: 71117, 20491: 57381, 20492: 44206, 20493: 1014, 20494: 91896, 20495: 72051, 20496: 849, 20497: 69995, 20499: 88486, 20501: 71117, 20503: 1357, 20504: 765, 20505: 1167, 20506: 1294, 20507: 65877, 20508: 54448, 20509: 46793, 20510: 52945, 20511: 75379, 20512: 52945, 20513: 1291, 20514: 69995, 20515: 70342, 20517: 63270, 20518: 913, 20519: 1012, 20520: 54448, 20521: 63270, 20522: 913, 20523: 519, 20524: 70342, 20525: 1259, 20527: 68173, 20528: 57381, 20530: 91896, 20531: 182, 20532: 71117, 20533: 75421, 20534: 35245, 20535: 71117, 20536: 44206, 20537: 75958, 20538: 35259, 20539: 70342, 20540: 67720, 20541: 1014, 20542: 48922, 20543: 59008, 20544: 1014, 20545: 449, 20546: 1585, 20547: 69995, 20549: 913, 20550: 1161, 20552: 1502, 20553: 728, 20554: 1188, 20555: 85710, 20556: 1182, 20557: 849, 20558: 1399, 20559: 1391, 20560: 1116, 20561: 57070, 20563: 78631, 20564: 44206, 20565: 1167, 20567: 1457, 20569: 63756, 20570: 59008, 20571: 743, 20572: 68173, 20573: 728, 20574: 70342, 20575: 1347, 20576: 44206, 20577: 690, 20578: 91896, 20579: 75958, 20580: 449, 20581: 69990, 20582: 35259, 20583: 69985, 20584: 91896, 20585: 75379, 20587: 63756, 20588: 85646, 20589: 913, 20590: 46494, 20591: 1259, 20592: 57290, 20593: 69985, 20594: 70342, 20595: 1502, 20596: 67720, 20597: 69985, 20599: 1585, 20600: 75379, 20601: 1161, 20602: 226, 20605: 35245, 20606: 64727, 20607: 1585, 20608: 1223, 20609: 64727, 20610: 1482, 20611: 65877, 20612: 69995, 20613: 1457, 20614: 69995, 20615: 686, 20616: 69990, 20617: 1540, 20618: 1116, 20619: 85710, 20620: 1107, 20621: 1107, 20622: 75453, 20624: 75453, 20625: 686, 20626: 953, 20628: 953, 20630: 66626, 20631: 1543, 20633: 46494, 20634: 690, 20635: 68182, 20636: 54448, 20637: 75421, 20638: 1288, 20639: 1391, 20640: 85669, 20641: 57639, 20642: 1193, 20643: 62344, 20645: 52945, 20646: 52945, 20647: 1193, 20648: 58096, 20650: 953, 20651: 85669, 20652: 1391, 20653: 57639, 20654: 686, 20655: 1583, 20656: 70342, 20659: 1173, 20661: 75379, 20662: 75453, 20663: 913, 20669: 69985, 20670: 35259, 20671: 57639, 20672: 65877, 20673: 73235, 20675: 61726, 20676: 75453, 20677: 1540, 20678: 78631, 20680: 1543, 20681: 728, 20684: 743, 20688: 82080, 20689: 1161, 20690: 66626, 20692: 57257, 20693: 58543, 20694: 913, 20695: 1489, 20696: 1161, 20697: 184, 20698: 62344, 20699: 50588, 20700: 1173, 20701: 63756, 20702: 1182, 20703: 54448, 20704: 63756, 20705: 64727, 20706: 69242, 20707: 63756, 20708: 1054, 20709: 1161, 20710: 1161, 20711: 68173, 20712: 0, 20713: 75421, 20714: 52945, 20715: 73383, 20716: 70342, 20717: 58543, 20719: 52945, 20720: 46793, 20721: 1012, 20722: 46494, 20723: 184, 20724: 46793, 20725: 78631, 20726: 80479, 20727: 1347, 20729: 1412, 20730: 57972, 20731: 1014, 20732: 83288, 20734: 57455, 20735: 62344, 20736: 73383, 20737: 59008, 20739: 75379, 20740: 1543, 20741: 85710, 20742: 75379, 20743: 686, 20744: 395, 20746: 1457, 20747: 49332, 20748: 1357, 20749: 63756, 20750: 1012, 20751: 85710, 20752: 46494, 20754: 1259, 20757: 1012, 20758: 35245, 20759: 58096, 20761: 63099, 20762: 75453, 20763: 1084, 20764: 1617, 20765: 1482, 20766: 75453, 20768: 0, 20769: 449, 20770: 77145, 20773: 63270, 20774: 1300, 20775: 57070, 20777: 57070, 20778: 146, 20779: 1347, 20781: 1543, 20782: 1223, 20784: 146, 20785: 146, 20786: 1154, 20789: 690, 20790: 58543, 20791: 1583, 20792: 49332, 20793: 728, 20794: 48266, 20795: 44206, 20796: 78631, 20797: 69242, 20798: 75421, 20799: 2048, 20800: 13699, 20802: 13828, 20803: 1288, 20804: 1154, 20805: 13699, 20806: 1391, 20807: 522, 20808: 85687, 20809: 1347, 20810: 46793, 20811: 70342, 20813: 70373, 20814: 2048, 20815: 85687, 20816: 184, 20817: 85687, 20818: 1347, 20819: 690, 20820: 78631, 20821: 46494, 20822: 75379, 20823: 82080, 20824: 57455, 20825: 83288, 20826: 1188, 20827: 85710, 20828: 1399, 20829: 59008, 20831: 72051, 20832: 1357, 20833: 57257, 20834: 58543, 20835: 44206, 20836: 1182, 20837: 0, 20838: 78631, 20840: 57257, 20841: 765, 20842: 190, 20843: 1543, 20844: 82085, 20845: 190, 20846: 1167, 20850: 72039, 20852: 1391, 20853: 85710, 20854: 1014, 20856: 0, 20858: 48266, 20859: 82070, 20860: 63882, 20861: 63882, 20862: 82070, 20863: 82070, 20864: 395, 20872: 953, 20873: 35245, 20874: 184, 20875: 70500, 20876: 59008, 20877: 82070, 20881: 57417, 20883: 75379, 20884: 65877, 20885: 85646, 20886: 78631, 20887: 61726, 20888: 65877, 20889: 805, 20890: 57639, 20891: 64727, 20892: 65877, 20894: 1457, 20895: 1300, 20897: 71117, 20900: 61726, 20901: 75379, 20902: 72039, 20904: 184, 20905: 44206, 20906: 57309, 20907: 64790, 20909: 0, 20910: 67720, 20911: 69990, 20913: 522, 20916: 1457, 20917: 82070, 20918: 73383, 20919: 72039, 20921: 72051, 20922: 84328, 20923: 68173, 20925: 1294, 20926: 1188, 20928: 48266, 20929: 51797, 20930: 61726, 20931: 51797, 20932: 59008, 20933: 72051, 20934: 63099, 20935: 84328, 20936: 57639, 20937: 54448, 20938: 63099, 20939: 1107, 20940: 1347, 20941: 63882, 20942: 63756, 20943: 728, 20944: 1391, 20948: 57972, 20949: 64727, 20950: 72039, 20951: 1223, 20953: 59008, 20954: 1585, 20955: 1116, 20956: 1399, 20958: 65161, 20959: 57972, 20960: 146, 20961: 1502, 20962: 1223, 20963: 69995, 20964: 83288, 20965: 57639, 20966: 63099, 20967: 1054, 20968: 64727, 20969: 91053, 20970: 83288, 20971: 1193, 20973: 1054, 20974: 146, 20975: 1188, 20977: 78631, 20978: 57972, 20979: 64790, 20980: 64727, 20981: 67720, 20982: 83288, 20983: 1502, 20985: 87001, 20986: 91053, 20987: 59008, 20988: 85710, 20990: 63756, 20992: 64790, 20993: 87001, 20995: 1012, 20997: 83288, 20998: 82070, 20999: 83288, 21000: 63882, 21001: 1188, 21002: 1167, 21003: 57972, 21005: 72039, 21006: 57417, 21007: 54448, 21008: 953, 21009: 57972, 21011: 72039, 21012: 63882, 21013: 2048, 21014: 87001, 21015: 184, 21016: 65941, 21017: 58543, 21018: 85700, 21019: 75453, 21020: 1617, 21021: 63756, 21022: 2048, 21023: 1167, 21028: 86055, 21030: 85700, 21032: 1543, 21033: 146, 21034: 1167, 21035: 54448, 21036: 449, 21037: 1154, 21038: 85710, 21039: 226, 21041: 52945, 21043: 57417, 21045: 57639, 21047: 86055, 21050: 1182, 21053: 1294, 21055: 1585, 21056: 57381, 21057: 1107, 21058: 58096, 21059: 395, 21060: 1107, 21061: 72051, 21062: 683, 21063: 449, 21064: 1107, 21065: 44206, 21066: 57381, 21067: 1014, 21068: 72051, 21069: 72051, 21070: 57290, 21072: 57381, 21073: 849, 21074: 35259, 21075: 48922, 21077: 1540, 21084: 82080, 21085: 56939, 21086: 90942, 21087: 56939, 21091: 190, 21092: 1399, 21093: 2048, 21096: 2114, 21097: 2114, 21098: 51797, 21099: 87984, 21100: 74355, 21101: 80140, 21102: 56939, 21103: 1116, 21104: 1193, 21105: 88653, 21106: 74355, 21107: 61726, 21108: 53429, 21109: 2114, 21110: 89226, 21112: 75453, 21113: 2346, 21115: 89226, 21116: 53429, 21117: 74355, 21118: 35259, 21119: 74355, 21120: 2076, 21121: 88653, 21123: 80140, 21124: 88653, 21125: 2114, 21126: 2114, 21127: 74355, 21128: 53429, 21129: 57649, 21130: 74355, 21132: 53429, 21133: 90998, 21134: 53429, 21135: 89226, 21136: 2114, 21138: 57649, 21139: 88653, 21140: 74355, 21141: 56939, 21142: 89226, 21143: 53429, 21144: 2114, 21145: 2346, 21146: 89226, 21147: 88653, 21148: 53429, 21149: 86213, 21150: 80140, 21151: 87984, 21153: 80140, 21154: 146, 21155: 86213, 21156: 56939, 21157: 1188, 21159: 2076, 21163: 1223, 21164: 2076, 21165: 90998, 21166: 2346, 21167: 56939, 21168: 88653, 21170: 80140, 21171: 2076, 21172: 87984, 21173: 2076, 21174: 90998, 21175: 57417, 21176: 57649, 21177: 86157, 21178: 86213, 21179: 80140, 21180: 2346, 21181: 86213, 21182: 86157, 21184: 86157, 21185: 80140, 21186: 86213, 21187: 0, 21188: 0, 21189: 0, 21190: 91053, 21191: 184, 21192: 65941, 21193: 146, 21194: 0, 21195: 1300, 21196: 58096, 21197: 53429, 21198: 2114, 21199: 2076, 21203: 80140, 21205: 80140, 21206: 90998, 21208: 87984, 21209: 80140, 21223: 44206, 21226: 69990, 21227: 75958, 21228: 449, 21229: 519, 21230: 1014, 21231: 449, 21232: 78645, 21233: 69242, 21234: 78645, 21235: 78645, 21236: 1288, 21237: 1107, 21238: 1288, 21239: 1014, 21240: 1617, 21241: 395, 21244: 1173, 21249: 1012, 21262: 1489, 21265: 1412, 21271: 70500, 21279: 57417, 21280: 1391, 21288: 57070, 21290: 63270, 21298: 63270, 21303: 57455, 21304: 226, 21305: 1167, 21306: 1347, 21307: 1347, 21308: 1294, 21311: 1294, 21312: 46494, 21313: 765, 21314: 1113, 21315: 226, 21316: 1054, 21317: 46494, 21318: 64790, 21319: 765, 21322: 522, 21324: 1347, 21325: 78626, 21326: 805, 21327: 46494, 21328: 78626, 21329: 805, 21331: 65877, 21333: 51797, 21334: 57455, 21335: 71117, 21336: 1457, 21338: 1457, 21339: 1113, 21340: 63756, 21341: 51797, 21344: 1300, 21345: 65877, 21346: 1391, 21348: 63099, 21349: 0, 21351: 1259, 21354: 395, 21356: 77145, 21357: 85646, 21358: 226, 21363: 1294, 21366: 1223, 21369: 226, 21370: 1357, 21378: 1543, 21384: 57381, 21398: 13828, 21445: 57649, 21446: 65877, 21447: 44206, 21448: 1617, 21450: 1014, 21454: 72051, 21455: 1259, 21460: 69242, 21462: 1585, 21463: 65877, 21465: 0, 21468: 46494, 21470: 1294, 21474: 1399, 21475: 85710, 21477: 75958, 21478: 75379, 21479: 226, 21480: 805, 21481: 63756, 21482: 1161, 21483: 0, 21484: 953, 21487: 63756, 21488: 1585, 21489: 51797, 21490: 67720, 21491: 245, 21492: 78631, 21493: 342, 21494: 50453}",0.0,filho
636952.518057668,Cruzamento,1733628278.21603,12,"{20331: 1347, 20332: 70342, 20333: 75421, 20334: 1182, 20335: 1291, 20336: 69990, 20337: 1347, 20338: 184, 20339: 69990, 20340: 75421, 20341: 48266, 20342: 58096, 20343: 2048, 20344: 69990, 20345: 63099, 20346: 1291, 20347: 75453, 20348: 46793, 20349: 1291, 20350: 849, 20351: 70342, 20352: 63099, 20353: 57257, 20354: 849, 20355: 57309, 20356: 75421, 20357: 58096, 20358: 1583, 20359: 1482, 20360: 1294, 20361: 1617, 20362: 2048, 20363: 765, 20364: 1182, 20365: 1617, 20366: 57309, 20367: 77145, 20368: 82085, 20369: 1617, 20370: 48266, 20371: 70342, 20372: 49332, 20373: 1294, 20378: 1347, 20379: 1617, 20380: 1391, 20381: 69242, 20383: 1084, 20384: 1583, 20385: 70373, 20386: 1291, 20387: 69990, 20388: 1412, 20389: 1412, 20392: 57309, 20393: 58096, 20394: 51797, 20395: 49332, 20396: 57290, 20397: 1084, 20398: 57070, 20399: 44206, 20400: 57070, 20401: 49332, 20402: 1347, 20403: 48266, 20404: 1543, 20405: 1617, 20406: 71117, 20407: 519, 20408: 1585, 20409: 395, 20410: 690, 20411: 71117, 20412: 1161, 20413: 1583, 20414: 805, 20415: 1543, 20416: 35259, 20417: 67720, 20418: 1543, 20419: 69990, 20421: 184, 20422: 1294, 20423: 1502, 20427: 57290, 20428: 57381, 20429: 70342, 20432: 46494, 20433: 1188, 20434: 805, 20436: 71117, 20437: 72051, 20438: 57381, 20439: 683, 20440: 48922, 20441: 70342, 20442: 91896, 20443: 1014, 20444: 522, 20445: 1347, 20446: 805, 20447: 522, 20449: 50588, 20450: 57455, 20451: 69995, 20452: 913, 20453: 75379, 20454: 54448, 20455: 70342, 20456: 46793, 20457: 63270, 20458: 65161, 20459: 65161, 20460: 913, 20461: 75379, 20462: 63270, 20463: 1482, 20465: 765, 20466: 46793, 20467: 1347, 20468: 1585, 20469: 67720, 20471: 44206, 20472: 73383, 20473: 1014, 20475: 1188, 20476: 1543, 20481: 1107, 20482: 1585, 20484: 63270, 20485: 35245, 20486: 54448, 20487: 71117, 20488: 44206, 20489: 68173, 20490: 690, 20491: 57381, 20492: 522, 20493: 743, 20494: 69242, 20495: 69985, 20496: 1347, 20497: 50588, 20499: 1012, 20501: 1113, 20503: 1012, 20504: 1107, 20505: 1054, 20506: 88486, 20507: 1161, 20508: 1161, 20509: 1161, 20510: 54448, 20511: 64727, 20512: 70342, 20513: 70342, 20514: 1188, 20515: 52945, 20517: 63270, 20518: 1012, 20519: 1012, 20520: 63270, 20521: 50588, 20522: 1161, 20523: 449, 20524: 1188, 20525: 35259, 20527: 1107, 20528: 46494, 20530: 57381, 20531: 73383, 20532: 82080, 20533: 13699, 20534: 46793, 20535: 68173, 20536: 48922, 20537: 59008, 20538: 1617, 20539: 69990, 20540: 690, 20541: 728, 20542: 35259, 20543: 728, 20544: 743, 20545: 48922, 20546: 1585, 20547: 226, 20549: 913, 20550: 63270, 20552: 395, 20553: 57381, 20554: 1188, 20555: 1391, 20556: 62344, 20557: 63756, 20558: 1116, 20559: 85710, 20560: 1107, 20561: 1161, 20563: 85710, 20564: 1116, 20565: 78631, 20567: 44206, 20569: 51797, 20570: 70342, 20571: 67720, 20572: 1014, 20573: 69985, 20574: 67720, 20575: 68173, 20576: 69985, 20577: 1288, 20578: 91896, 20579: 1617, 20580: 75958, 20581: 75958, 20582: 690, 20583: 69990, 20584: 91896, 20585: 91053, 20587: 46793, 20588: 80479, 20589: 65161, 20590: 743, 20591: 683, 20592: 1585, 20593: 69985, 20594: 72051, 20595: 69990, 20596: 1347, 20597: 805, 20599: 63756, 20600: 63270, 20601: 1012, 20602: 226, 20605: 35245, 20606: 1173, 20607: 1161, 20608: 58096, 20609: 75379, 20610: 70373, 20611: 1054, 20612: 85669, 20613: 65877, 20614: 1288, 20615: 1457, 20616: 65877, 20617: 686, 20618: 1288, 20619: 1054, 20620: 226, 20621: 1540, 20622: 71117, 20624: 953, 20625: 953, 20626: 765, 20628: 65877, 20630: 50588, 20631: 1259, 20633: 1259, 20634: 743, 20635: 13699, 20636: 75379, 20637: 1391, 20638: 58543, 20639: 1193, 20640: 52945, 20641: 85669, 20642: 1193, 20643: 62344, 20645: 686, 20646: 953, 20647: 62344, 20648: 953, 20650: 57639, 20651: 52945, 20652: 686, 20653: 953, 20654: 1391, 20655: 70373, 20656: 51797, 20659: 75379, 20661: 50588, 20662: 1084, 20663: 66626, 20669: 72051, 20670: 1540, 20671: 1391, 20672: 73235, 20673: 57972, 20675: 61726, 20676: 35259, 20677: 62344, 20678: 75453, 20680: 44206, 20681: 71117, 20684: 1543, 20688: 690, 20689: 54448, 20690: 54448, 20692: 1489, 20693: 85669, 20694: 54448, 20695: 1084, 20696: 1161, 20697: 75453, 20698: 62344, 20699: 913, 20700: 63756, 20701: 69995, 20702: 57070, 20703: 64727, 20704: 69995, 20705: 69995, 20706: 46793, 20707: 63756, 20708: 1399, 20709: 1161, 20710: 0, 20711: 57381, 20712: 0, 20713: 70373, 20714: 52945, 20715: 690, 20716: 913, 20717: 78631, 20719: 1585, 20720: 51797, 20721: 46793, 20722: 728, 20723: 57257, 20724: 80479, 20725: 85669, 20726: 0, 20727: 57309, 20729: 1182, 20730: 1502, 20731: 1014, 20732: 57639, 20734: 1502, 20735: 62344, 20736: 67720, 20737: 1585, 20739: 57972, 20740: 519, 20741: 61726, 20742: 44206, 20743: 46494, 20744: 1457, 20746: 57639, 20747: 1223, 20748: 1399, 20749: 1347, 20750: 46494, 20751: 1116, 20752: 44206, 20754: 728, 20757: 63756, 20758: 1012, 20759: 58096, 20761: 686, 20762: 1482, 20763: 1482, 20764: 63099, 20765: 70373, 20766: 686, 20768: 0, 20769: 1107, 20770: 77145, 20773: 1288, 20774: 728, 20775: 686, 20777: 1182, 20778: 57290, 20779: 1223, 20781: 146, 20782: 226, 20784: 58096, 20785: 85710, 20786: 70500, 20789: 71117, 20790: 1540, 20791: 65341, 20792: 48266, 20793: 49332, 20794: 70342, 20795: 78645, 20796: 48266, 20797: 70373, 20798: 13699, 20799: 1482, 20800: 69242, 20802: 78645, 20803: 1399, 20804: 1543, 20805: 1084, 20806: 686, 20807: 71117, 20808: 82067, 20809: 48266, 20810: 63099, 20811: 49332, 20813: 48266, 20814: 49332, 20815: 82067, 20816: 82085, 20817: 82067, 20818: 63756, 20819: 57455, 20820: 62344, 20821: 57639, 20822: 1012, 20823: 690, 20824: 64790, 20825: 1182, 20826: 1300, 20827: 85687, 20828: 57455, 20829: 59008, 20831: 54448, 20832: 1347, 20833: 765, 20834: 58543, 20835: 57639, 20836: 57309, 20837: 57070, 20838: 83288, 20840: 46793, 20841: 65341, 20842: 1012, 20843: 69995, 20844: 69990, 20845: 44206, 20846: 226, 20850: 87001, 20852: 1391, 20853: 1300, 20854: 69242, 20856: 63099, 20858: 57070, 20859: 82070, 20860: 63882, 20861: 63882, 20862: 82070, 20863: 82070, 20864: 395, 20872: 953, 20873: 0, 20874: 0, 20875: 75453, 20876: 683, 20877: 65877, 20881: 91053, 20883: 67720, 20884: 83288, 20885: 70500, 20886: 57417, 20887: 69990, 20888: 63882, 20889: 728, 20890: 75379, 20891: 78631, 20892: 65877, 20894: 765, 20895: 65161, 20897: 849, 20900: 1167, 20901: 1223, 20902: 83288, 20904: 1347, 20905: 73383, 20906: 226, 20907: 65161, 20909: 0, 20910: 69242, 20911: 69995, 20913: 59008, 20916: 1182, 20917: 72039, 20918: 57290, 20919: 72039, 20921: 63099, 20922: 87001, 20923: 71117, 20925: 1294, 20926: 146, 20928: 85700, 20929: 51797, 20930: 0, 20931: 75453, 20932: 63099, 20933: 73383, 20934: 1193, 20935: 82070, 20936: 59008, 20937: 146, 20938: 1193, 20939: 1259, 20940: 51797, 20941: 87001, 20942: 64727, 20943: 72051, 20944: 54448, 20948: 83288, 20949: 1193, 20950: 72039, 20951: 63270, 20953: 1391, 20954: 68173, 20955: 1457, 20956: 69995, 20958: 65941, 20959: 57972, 20960: 1399, 20961: 63756, 20962: 58096, 20963: 64727, 20964: 57972, 20965: 146, 20966: 146, 20967: 1502, 20968: 1399, 20969: 1188, 20970: 57972, 20971: 57639, 20973: 1116, 20974: 44206, 20975: 69995, 20977: 1300, 20978: 63756, 20979: 54448, 20980: 85710, 20981: 85710, 20982: 72039, 20983: 1054, 20985: 57972, 20986: 69995, 20987: 63756, 20988: 1502, 20990: 1012, 20992: 91053, 20993: 83288, 20995: 85710, 20997: 57972, 20998: 63882, 20999: 65877, 21000: 82070, 21001: 1154, 21002: 75453, 21003: 65877, 21005: 72039, 21006: 1167, 21007: 68650, 21008: 1182, 21009: 83288, 21011: 63882, 21012: 84328, 21013: 64790, 21014: 83288, 21015: 146, 21016: 59008, 21017: 1193, 21018: 1193, 21019: 57639, 21020: 1014, 21021: 78631, 21022: 1188, 21023: 1543, 21028: 85700, 21030: 86055, 21032: 85710, 21033: 57417, 21034: 1188, 21035: 70500, 21036: 75958, 21037: 728, 21038: 91053, 21039: 54448, 21041: 63099, 21043: 1399, 21045: 67720, 21047: 86055, 21050: 75379, 21053: 0, 21055: 1502, 21056: 57381, 21057: 519, 21058: 58096, 21059: 519, 21060: 519, 21061: 683, 21062: 44206, 21063: 46494, 21064: 57381, 21065: 1543, 21066: 78645, 21067: 683, 21068: 48922, 21069: 46494, 21070: 1288, 21072: 0, 21073: 71117, 21074: 35259, 21075: 68173, 21077: 1540, 21084: 82080, 21085: 87984, 21086: 90942, 21087: 80140, 21091: 1012, 21092: 1357, 21093: 85646, 21096: 89226, 21097: 2076, 21098: 85700, 21099: 2114, 21100: 88653, 21101: 56939, 21102: 2076, 21103: 226, 21104: 75453, 21105: 74355, 21106: 2346, 21107: 73235, 21108: 56939, 21109: 2114, 21110: 90942, 21112: 78631, 21113: 88653, 21115: 2114, 21116: 89226, 21117: 80140, 21118: 85669, 21119: 57649, 21120: 87984, 21121: 2346, 21123: 74355, 21124: 2076, 21125: 57649, 21126: 53429, 21127: 2076, 21128: 53429, 21129: 53429, 21130: 2114, 21132: 74355, 21133: 87984, 21134: 57649, 21135: 57649, 21136: 57649, 21138: 74355, 21139: 56939, 21140: 57649, 21141: 80140, 21142: 53429, 21143: 2114, 21144: 2114, 21145: 74355, 21146: 89226, 21147: 2346, 21148: 53429, 21149: 87984, 21150: 80140, 21151: 86157, 21153: 2076, 21154: 146, 21155: 86213, 21156: 56939, 21157: 1223, 21159: 2346, 21163: 1188, 21164: 87984, 21165: 56939, 21166: 2346, 21167: 56939, 21168: 90998, 21170: 2114, 21171: 56939, 21172: 80140, 21173: 80140, 21174: 88653, 21175: 1223, 21176: 90998, 21177: 80140, 21178: 87984, 21179: 86157, 21180: 88653, 21181: 87984, 21182: 2076, 21184: 86213, 21185: 86213, 21186: 86157, 21187: 0, 21188: 57417, 21189: 0, 21190: 57309, 21191: 184, 21192: 52945, 21193: 65161, 21194: 0, 21195: 1543, 21196: 1347, 21197: 74355, 21198: 2114, 21199: 53429, 21203: 90998, 21205: 88653, 21206: 86213, 21208: 90998, 21209: 89226, 21223: 1502, 21226: 1617, 21227: 91896, 21228: 1543, 21229: 449, 21230: 44206, 21231: 395, 21232: 1502, 21233: 57381, 21234: 182, 21235: 46494, 21236: 1107, 21237: 1107, 21238: 0, 21239: 805, 21240: 35259, 21241: 1502, 21244: 1161, 21249: 80479, 21262: 57070, 21265: 1412, 21271: 51797, 21279: 70500, 21280: 75379, 21288: 1457, 21290: 72051, 21298: 85646, 21303: 728, 21304: 1457, 21305: 46494, 21306: 71117, 21307: 64790, 21308: 1357, 21311: 1294, 21312: 1347, 21313: 1113, 21314: 765, 21315: 57417, 21316: 1357, 21317: 1347, 21318: 1167, 21319: 51797, 21322: 1502, 21324: 550, 21325: 78626, 21326: 1502, 21327: 78626, 21328: 78626, 21329: 519, 21331: 72039, 21333: 226, 21334: 57455, 21335: 85669, 21336: 1540, 21338: 1054, 21339: 1107, 21340: 1294, 21341: 1294, 21344: 69995, 21345: 72039, 21346: 64727, 21348: 1193, 21349: 0, 21351: 1259, 21354: 13828, 21356: 65341, 21357: 64727, 21358: 226, 21363: 184, 21366: 65941, 21369: 1540, 21370: 1540, 21378: 449, 21384: 69242, 21398: 13828, 21445: 74355, 21446: 83288, 21447: 58096, 21448: 1617, 21450: 44206, 21454: 68173, 21455: 78645, 21460: 13699, 21462: 82080, 21463: 57639, 21465: 0, 21468: 1391, 21470: 1113, 21474: 78631, 21475: 1012, 21477: 75958, 21478: 1357, 21479: 1502, 21480: 805, 21481: 1182, 21482: 85687, 21483: 0, 21484: 1540, 21487: 65161, 21488: 1161, 21489: 91053, 21490: 805, 21491: 245, 21492: 85687, 21493: 50453, 21494: 342}",0.0,filho
630714.5165543336,Cruzamento,1733628278.21603,12,"{20331: 48266, 20332: 1489, 20333: 69990, 20334: 1347, 20335: 57455, 20336: 1583, 20337: 849, 20338: 849, 20339: 57257, 20340: 184, 20341: 765, 20342: 1391, 20343: 1182, 20344: 1182, 20345: 1482, 20346: 57257, 20347: 75421, 20348: 57309, 20349: 1347, 20350: 58096, 20351: 57309, 20352: 48266, 20353: 75421, 20354: 57257, 20355: 63099, 20356: 57309, 20357: 1347, 20358: 57455, 20359: 75421, 20360: 58096, 20361: 1294, 20362: 1347, 20363: 49332, 20364: 1084, 20365: 90927, 20366: 1391, 20367: 1617, 20368: 82085, 20369: 57309, 20370: 57070, 20371: 70342, 20372: 1347, 20373: 1291, 20378: 1489, 20379: 57257, 20380: 1489, 20381: 686, 20383: 75421, 20384: 1482, 20385: 1412, 20386: 1583, 20387: 1583, 20388: 57257, 20389: 1482, 20392: 75453, 20393: 1182, 20394: 75453, 20395: 1489, 20396: 57290, 20397: 849, 20398: 58096, 20399: 1188, 20400: 1291, 20401: 1182, 20402: 765, 20403: 1482, 20404: 57381, 20405: 71117, 20406: 683, 20407: 805, 20408: 1107, 20409: 82080, 20410: 1014, 20411: 57290, 20412: 46793, 20413: 82085, 20414: 1014, 20415: 69990, 20416: 70342, 20417: 57381, 20418: 1543, 20419: 743, 20421: 46793, 20422: 849, 20423: 82080, 20427: 48922, 20428: 1014, 20429: 57290, 20432: 44206, 20433: 46494, 20434: 72051, 20436: 69242, 20437: 57290, 20438: 69990, 20439: 78645, 20440: 728, 20441: 743, 20442: 46494, 20443: 1014, 20444: 82080, 20445: 1107, 20446: 69990, 20447: 1259, 20449: 80479, 20450: 913, 20451: 75379, 20452: 80479, 20453: 1161, 20454: 57455, 20455: 52945, 20456: 913, 20457: 1012, 20458: 50588, 20459: 1585, 20460: 70342, 20461: 52945, 20462: 67720, 20463: 1084, 20465: 58096, 20466: 70342, 20467: 1294, 20468: 69990, 20469: 73383, 20471: 73383, 20472: 69242, 20473: 522, 20475: 44206, 20476: 1585, 20481: 1288, 20482: 63270, 20484: 913, 20485: 63270, 20486: 70342, 20487: 44206, 20488: 57290, 20489: 519, 20490: 690, 20491: 69242, 20492: 1014, 20493: 522, 20494: 67720, 20495: 69990, 20496: 69242, 20497: 70342, 20499: 1457, 20501: 35259, 20503: 62344, 20504: 35259, 20505: 78631, 20506: 57639, 20507: 1502, 20508: 54448, 20509: 50588, 20510: 54448, 20511: 75379, 20512: 913, 20513: 1291, 20514: 85710, 20515: 54448, 20517: 52945, 20518: 226, 20519: 75379, 20520: 75379, 20521: 51797, 20522: 52945, 20523: 67720, 20524: 1288, 20525: 743, 20527: 71117, 20528: 1585, 20530: 1107, 20531: 59008, 20532: 70342, 20533: 13699, 20534: 51797, 20535: 70342, 20536: 71117, 20537: 449, 20538: 91896, 20539: 743, 20540: 59008, 20541: 35259, 20542: 91896, 20543: 67720, 20544: 48922, 20545: 75958, 20546: 44206, 20547: 1288, 20549: 63270, 20550: 35245, 20552: 1543, 20553: 690, 20554: 728, 20555: 63756, 20556: 190, 20557: 78631, 20558: 78631, 20559: 1502, 20560: 44206, 20561: 85669, 20563: 1457, 20564: 75453, 20565: 62344, 20567: 44206, 20569: 35245, 20570: 75958, 20571: 1347, 20572: 690, 20573: 1014, 20574: 70342, 20575: 69985, 20576: 67720, 20577: 48922, 20578: 690, 20579: 1014, 20580: 69985, 20581: 35259, 20582: 690, 20583: 1347, 20584: 91896, 20585: 75379, 20587: 63270, 20588: 63270, 20589: 35245, 20590: 1543, 20591: 1288, 20592: 82080, 20593: 69985, 20594: 69990, 20595: 182, 20596: 805, 20597: 1188, 20599: 1585, 20600: 226, 20601: 63270, 20602: 35245, 20605: 35245, 20606: 52945, 20607: 66626, 20608: 1543, 20609: 50588, 20610: 69990, 20611: 953, 20612: 953, 20613: 1457, 20614: 69995, 20615: 1107, 20616: 1182, 20617: 85710, 20618: 1054, 20619: 1054, 20620: 1457, 20621: 1116, 20622: 57309, 20624: 686, 20625: 75453, 20626: 71117, 20628: 849, 20630: 1161, 20631: 683, 20633: 57381, 20634: 82080, 20635: 1583, 20636: 50588, 20637: 1391, 20638: 1457, 20639: 52945, 20640: 58096, 20641: 953, 20642: 57639, 20643: 62344, 20645: 1193, 20646: 52945, 20647: 1391, 20648: 686, 20650: 686, 20651: 953, 20652: 1193, 20653: 57639, 20654: 85669, 20655: 63099, 20656: 51797, 20659: 50588, 20661: 1161, 20662: 70373, 20663: 913, 20669: 1585, 20670: 35259, 20671: 75379, 20672: 35259, 20673: 65877, 20675: 1540, 20676: 57309, 20677: 61726, 20678: 65877, 20680: 67720, 20681: 44206, 20684: 1502, 20688: 68173, 20689: 1585, 20690: 1173, 20692: 69242, 20693: 85669, 20694: 64727, 20695: 849, 20696: 1173, 20697: 51797, 20698: 78631, 20699: 1173, 20700: 69995, 20701: 75379, 20702: 88486, 20703: 63756, 20704: 54448, 20705: 75379, 20706: 70373, 20707: 1585, 20708: 57972, 20709: 1161, 20710: 0, 20711: 1259, 20712: 52945, 20713: 1182, 20714: 52945, 20715: 1014, 20716: 70342, 20717: 1167, 20719: 80479, 20720: 1084, 20721: 913, 20722: 70342, 20723: 1182, 20724: 46793, 20725: 85669, 20726: 0, 20727: 1288, 20729: 1084, 20730: 71117, 20731: 69990, 20732: 1457, 20734: 449, 20735: 75453, 20736: 69985, 20737: 182, 20739: 61726, 20740: 1502, 20741: 83288, 20742: 686, 20743: 61726, 20744: 395, 20746: 190, 20747: 78631, 20748: 849, 20749: 1457, 20750: 62344, 20751: 1116, 20752: 46494, 20754: 1585, 20757: 913, 20758: 226, 20759: 953, 20761: 70373, 20762: 63099, 20763: 1482, 20764: 1617, 20765: 70373, 20766: 1391, 20768: 184, 20769: 519, 20770: 77145, 20773: 1300, 20774: 70500, 20775: 686, 20777: 57070, 20778: 64790, 20779: 69995, 20781: 91053, 20782: 395, 20784: 68650, 20785: 2048, 20786: 64790, 20789: 57290, 20790: 1540, 20791: 82085, 20792: 1617, 20793: 1457, 20794: 46793, 20795: 69242, 20796: 35245, 20797: 75421, 20798: 13699, 20799: 1482, 20800: 2048, 20802: 522, 20803: 2048, 20804: 48266, 20805: 2048, 20806: 58543, 20807: 57381, 20808: 82067, 20809: 1489, 20810: 686, 20811: 49332, 20813: 46793, 20814: 82085, 20815: 85687, 20816: 765, 20817: 82067, 20818: 44206, 20819: 728, 20820: 58543, 20821: 69990, 20822: 190, 20823: 743, 20824: 70500, 20825: 849, 20826: 1188, 20827: 69990, 20828: 395, 20829: 57381, 20831: 86055, 20832: 1107, 20833: 65341, 20834: 58543, 20835: 57070, 20836: 48266, 20837: 49332, 20838: 1167, 20840: 46793, 20841: 184, 20842: 1357, 20843: 1288, 20844: 1291, 20845: 65877, 20846: 1300, 20850: 57972, 20852: 70171, 20853: 1167, 20854: 1259, 20856: 0, 20858: 70373, 20859: 63882, 20860: 63882, 20861: 82070, 20862: 82070, 20863: 82070, 20864: 184, 20872: 953, 20873: 395, 20874: 184, 20875: 1391, 20876: 67720, 20877: 57972, 20881: 78631, 20883: 57417, 20884: 82070, 20885: 91053, 20886: 75379, 20887: 1457, 20888: 57972, 20889: 1107, 20890: 75379, 20891: 70500, 20892: 83288, 20894: 1540, 20895: 64790, 20897: 61726, 20900: 226, 20901: 395, 20902: 83288, 20904: 58096, 20905: 59008, 20906: 1116, 20907: 70500, 20909: 65877, 20910: 59008, 20911: 1182, 20913: 44206, 20916: 57309, 20917: 84328, 20918: 46494, 20919: 82070, 20921: 52945, 20922: 87001, 20923: 1014, 20925: 1294, 20926: 65941, 20928: 65161, 20929: 51797, 20930: 61726, 20931: 1188, 20932: 57639, 20933: 57290, 20934: 1193, 20935: 72039, 20936: 1193, 20937: 52945, 20938: 1193, 20939: 57290, 20940: 72051, 20941: 87001, 20942: 728, 20943: 73383, 20944: 75453, 20948: 65877, 20949: 59008, 20950: 63882, 20951: 85700, 20953: 69995, 20954: 59008, 20955: 1116, 20956: 64790, 20958: 44206, 20959: 72039, 20960: 64790, 20961: 1054, 20962: 75453, 20963: 64727, 20964: 72039, 20965: 1193, 20966: 1288, 20967: 1502, 20968: 146, 20969: 35245, 20970: 57972, 20971: 0, 20973: 85710, 20974: 75453, 20975: 78631, 20977: 91053, 20978: 1054, 20979: 0, 20980: 63756, 20981: 70500, 20982: 57972, 20983: 1012, 20985: 83288, 20986: 58543, 20987: 0, 20988: 57972, 20990: 63756, 20992: 226, 20993: 57972, 20995: 1502, 20997: 72039, 20998: 63882, 20999: 87001, 21000: 82070, 21001: 1399, 21002: 75453, 21003: 65877, 21005: 83288, 21006: 85646, 21007: 57639, 21008: 69995, 21009: 65877, 21011: 87001, 21012: 63882, 21013: 48266, 21014: 83288, 21015: 57639, 21016: 63756, 21017: 65941, 21018: 146, 21019: 63099, 21020: 69985, 21021: 72051, 21022: 1543, 21023: 85646, 21028: 86055, 21030: 85700, 21032: 146, 21033: 1188, 21034: 70500, 21035: 64790, 21036: 48922, 21037: 1154, 21038: 68650, 21039: 57417, 21041: 59008, 21043: 1167, 21045: 184, 21047: 86055, 21050: 849, 21053: 1294, 21055: 1585, 21056: 1502, 21057: 1107, 21058: 1399, 21059: 1107, 21060: 395, 21061: 1188, 21062: 57381, 21063: 48922, 21064: 1502, 21065: 72051, 21066: 72051, 21067: 1259, 21068: 743, 21069: 57290, 21070: 1543, 21072: 57381, 21073: 226, 21074: 82080, 21075: 1259, 21077: 1193, 21084: 1617, 21085: 2346, 21086: 90942, 21087: 86213, 21091: 85669, 21092: 85669, 21093: 57417, 21096: 2076, 21097: 88653, 21098: 1300, 21099: 90998, 21100: 2346, 21101: 53429, 21102: 2114, 21103: 1116, 21104: 91053, 21105: 56939, 21106: 88653, 21107: 73235, 21108: 74355, 21109: 57649, 21110: 90942, 21112: 35259, 21113: 80140, 21115: 57649, 21116: 2114, 21117: 2346, 21118: 1288, 21119: 2076, 21120: 88653, 21121: 2076, 21123: 89226, 21124: 88653, 21125: 53429, 21126: 2114, 21127: 2114, 21128: 74355, 21129: 74355, 21130: 53429, 21132: 57649, 21133: 90998, 21134: 74355, 21135: 89226, 21136: 2114, 21138: 53429, 21139: 89226, 21140: 57649, 21141: 86157, 21142: 89226, 21143: 53429, 21144: 2114, 21145: 56939, 21146: 89226, 21147: 57649, 21148: 89226, 21149: 80140, 21150: 86157, 21151: 56939, 21153: 2076, 21154: 1188, 21155: 80140, 21156: 86157, 21157: 1223, 21159: 2114, 21163: 146, 21164: 2076, 21165: 56939, 21166: 2346, 21167: 80140, 21168: 88653, 21170: 90998, 21171: 87984, 21172: 90998, 21173: 86213, 21174: 86213, 21175: 2048, 21176: 87984, 21177: 80140, 21178: 2346, 21179: 87984, 21180: 2346, 21181: 56939, 21182: 2076, 21184: 2076, 21185: 87984, 21186: 87984, 21187: 0, 21188: 57417, 21189: 0, 21190: 1399, 21191: 184, 21192: 63099, 21193: 85700, 21194: 0, 21195: 226, 21196: 70342, 21197: 2114, 21198: 74355, 21199: 2076, 21203: 90998, 21205: 89226, 21206: 80140, 21208: 87984, 21209: 89226, 21223: 46494, 21226: 1288, 21227: 69985, 21228: 69242, 21229: 449, 21230: 683, 21231: 449, 21232: 68173, 21233: 57381, 21234: 69242, 21235: 522, 21236: 1502, 21237: 1288, 21238: 57290, 21239: 72051, 21240: 68173, 21241: 683, 21244: 66626, 21249: 1161, 21262: 849, 21265: 1412, 21271: 72051, 21279: 75379, 21280: 70500, 21288: 1167, 21290: 63099, 21298: 57639, 21303: 51797, 21304: 71117, 21305: 35259, 21306: 1502, 21307: 728, 21308: 1113, 21311: 63756, 21312: 1540, 21313: 1113, 21314: 1457, 21315: 57455, 21316: 88486, 21317: 85669, 21318: 57417, 21319: 57455, 21322: 522, 21324: 57455, 21325: 519, 21326: 550, 21327: 395, 21328: 728, 21329: 550, 21331: 65877, 21333: 0, 21334: 226, 21335: 1167, 21336: 1357, 21338: 63756, 21339: 1167, 21340: 35259, 21341: 0, 21344: 1167, 21345: 72039, 21346: 59008, 21348: 63099, 21349: 0, 21351: 1014, 21354: 78626, 21356: 90927, 21357: 85646, 21358: 184, 21363: 57257, 21366: 51797, 21369: 1167, 21370: 1107, 21378: 449, 21384: 48922, 21398: 35259, 21445: 53429, 21446: 65877, 21447: 1457, 21448: 75958, 21450: 48922, 21454: 1014, 21455: 683, 21460: 0, 21462: 1585, 21463: 57639, 21465: 0, 21468: 61726, 21470: 1054, 21474: 83288, 21475: 0, 21477: 68173, 21478: 78631, 21479: 1294, 21480: 395, 21481: 78631, 21482: 78631, 21483: 0, 21484: 61726, 21487: 75453, 21488: 51797, 21489: 85700, 21490: 82080, 21491: 245, 21492: 85687, 21493: 50453, 21494: 342}",0.0,filho
634334.0655323335,Cruzamento,1733628282.1700885,13,"{20331: 1294, 20332: 70342, 20333: 1482, 20334: 82085, 20335: 1294, 20336: 57257, 20337: 65341, 20338: 1182, 20339: 1084, 20340: 57309, 20341: 765, 20342: 2048, 20343: 69242, 20344: 849, 20345: 57257, 20346: 1412, 20347: 63099, 20348: 1084, 20349: 75453, 20350: 63099, 20351: 75453, 20352: 69242, 20353: 70342, 20354: 849, 20355: 1489, 20356: 1489, 20357: 849, 20358: 70342, 20359: 57257, 20360: 48266, 20361: 1583, 20362: 1617, 20363: 1583, 20364: 65341, 20365: 65341, 20366: 90927, 20367: 57309, 20368: 82085, 20369: 70171, 20370: 49332, 20371: 70373, 20372: 48266, 20373: 57455, 20378: 49332, 20379: 48266, 20380: 69242, 20381: 849, 20383: 63099, 20384: 68182, 20385: 57257, 20386: 1412, 20387: 70373, 20388: 1482, 20389: 63099, 20392: 57309, 20393: 69242, 20394: 686, 20395: 1294, 20396: 67720, 20397: 57257, 20398: 58096, 20399: 1585, 20400: 75421, 20401: 48266, 20402: 184, 20403: 75421, 20404: 35259, 20405: 67720, 20406: 728, 20407: 44206, 20408: 71117, 20409: 683, 20410: 743, 20411: 683, 20412: 75379, 20413: 1347, 20414: 71117, 20415: 57381, 20416: 35259, 20417: 82080, 20418: 70342, 20419: 67720, 20421: 57070, 20422: 57257, 20423: 1502, 20427: 1188, 20428: 72051, 20429: 70342, 20432: 1347, 20433: 70342, 20434: 57290, 20436: 46494, 20437: 57290, 20438: 1347, 20439: 68173, 20440: 1014, 20441: 57290, 20442: 743, 20443: 13828, 20444: 91896, 20445: 683, 20446: 57381, 20447: 805, 20449: 35245, 20450: 50588, 20451: 57455, 20452: 75379, 20453: 69995, 20454: 63270, 20455: 913, 20456: 35245, 20457: 63270, 20458: 1585, 20459: 63756, 20460: 63756, 20461: 1161, 20462: 64790, 20463: 69990, 20465: 1294, 20466: 1012, 20467: 184, 20468: 1502, 20469: 182, 20471: 46494, 20472: 69985, 20473: 67720, 20475: 73383, 20476: 728, 20481: 1288, 20482: 52945, 20484: 63270, 20485: 913, 20486: 52945, 20487: 69990, 20488: 1259, 20489: 743, 20490: 1502, 20491: 71117, 20492: 72051, 20493: 46494, 20494: 1502, 20495: 690, 20496: 1182, 20497: 80479, 20499: 78631, 20501: 71117, 20503: 57639, 20504: 1347, 20505: 1347, 20506: 1502, 20507: 765, 20508: 913, 20509: 1161, 20510: 913, 20511: 85646, 20512: 52945, 20513: 68182, 20514: 68650, 20515: 70342, 20517: 52945, 20518: 57455, 20519: 63756, 20520: 46793, 20521: 46793, 20522: 1012, 20523: 1543, 20524: 71117, 20525: 1259, 20527: 70342, 20528: 519, 20530: 1014, 20531: 690, 20532: 1288, 20533: 1291, 20534: 63756, 20535: 69985, 20536: 1014, 20537: 48922, 20538: 68173, 20539: 91896, 20540: 67720, 20541: 70342, 20542: 69990, 20543: 68173, 20544: 35259, 20545: 69985, 20546: 690, 20547: 2048, 20549: 75379, 20550: 35245, 20552: 1288, 20553: 57290, 20554: 395, 20555: 1391, 20556: 57070, 20557: 44206, 20558: 85687, 20559: 686, 20560: 1357, 20561: 69990, 20563: 78631, 20564: 1502, 20565: 85710, 20567: 57070, 20569: 1585, 20570: 1288, 20571: 1585, 20572: 71117, 20573: 91896, 20574: 91896, 20575: 1288, 20576: 68173, 20577: 1347, 20578: 449, 20579: 67720, 20580: 70342, 20581: 743, 20582: 70342, 20583: 690, 20584: 44206, 20585: 1300, 20587: 52945, 20588: 63756, 20589: 1161, 20590: 1014, 20591: 82080, 20592: 57290, 20593: 805, 20594: 743, 20595: 805, 20596: 57381, 20597: 72051, 20599: 51797, 20600: 68650, 20601: 75379, 20602: 226, 20605: 35245, 20606: 1161, 20607: 66626, 20608: 1223, 20609: 75379, 20610: 1084, 20611: 226, 20612: 1288, 20613: 85669, 20614: 1116, 20615: 69995, 20616: 71117, 20617: 1540, 20618: 75453, 20619: 57309, 20620: 61726, 20621: 1540, 20622: 69995, 20624: 69995, 20625: 65877, 20626: 849, 20628: 1107, 20630: 1585, 20631: 728, 20633: 82080, 20634: 73383, 20635: 63099, 20636: 52945, 20637: 1583, 20638: 728, 20639: 58096, 20640: 58096, 20641: 57639, 20642: 62344, 20643: 57639, 20645: 1193, 20646: 1391, 20647: 686, 20648: 62344, 20650: 953, 20651: 686, 20652: 85669, 20653: 85669, 20654: 686, 20655: 68182, 20656: 69242, 20659: 1173, 20661: 66626, 20662: 69990, 20663: 913, 20669: 46494, 20670: 1540, 20671: 73235, 20672: 57639, 20673: 1391, 20675: 65877, 20676: 61726, 20677: 73235, 20678: 35259, 20680: 1107, 20681: 805, 20684: 70342, 20688: 1188, 20689: 69995, 20690: 1585, 20692: 57309, 20693: 1167, 20694: 913, 20695: 1347, 20696: 63756, 20697: 1489, 20698: 58096, 20699: 1173, 20700: 1161, 20701: 69995, 20702: 62344, 20703: 54448, 20704: 50588, 20705: 52945, 20706: 75453, 20707: 75379, 20708: 57309, 20709: 1161, 20710: 0, 20711: 35259, 20712: 52945, 20713: 849, 20714: 52945, 20715: 46494, 20716: 913, 20717: 58096, 20719: 63270, 20720: 75453, 20721: 1012, 20722: 728, 20723: 70373, 20724: 46793, 20725: 62344, 20726: 80479, 20727: 75379, 20729: 69990, 20730: 1054, 20731: 69985, 20732: 1457, 20734: 57290, 20735: 62344, 20736: 73383, 20737: 805, 20739: 75453, 20740: 1259, 20741: 75379, 20742: 85669, 20743: 83288, 20744: 1457, 20746: 85687, 20747: 1347, 20748: 1357, 20749: 1116, 20750: 1357, 20751: 1107, 20752: 61726, 20754: 46494, 20757: 50588, 20758: 57455, 20759: 1193, 20761: 1617, 20762: 1617, 20763: 0, 20764: 75453, 20765: 70373, 20766: 1482, 20768: 184, 20769: 519, 20770: 77145, 20773: 70500, 20774: 75379, 20775: 1489, 20777: 1391, 20778: 70500, 20779: 1457, 20781: 57070, 20782: 1154, 20784: 1288, 20785: 395, 20786: 68650, 20789: 44206, 20790: 58543, 20791: 2048, 20792: 57309, 20793: 1154, 20794: 57070, 20795: 182, 20796: 57070, 20797: 70373, 20798: 2048, 20799: 13699, 20800: 1482, 20802: 82080, 20803: 1543, 20804: 1399, 20805: 70373, 20806: 58543, 20807: 1107, 20808: 82067, 20809: 1182, 20810: 46793, 20811: 49332, 20813: 1347, 20814: 1482, 20815: 82067, 20816: 184, 20817: 85687, 20818: 85710, 20819: 1502, 20820: 62344, 20821: 62344, 20822: 849, 20823: 805, 20824: 57309, 20825: 78631, 20826: 184, 20827: 69990, 20828: 70500, 20829: 1347, 20831: 57290, 20832: 1182, 20833: 1294, 20834: 72051, 20835: 1399, 20836: 58096, 20837: 70373, 20838: 1502, 20840: 49332, 20841: 1182, 20842: 58096, 20843: 1223, 20844: 82085, 20845: 85669, 20846: 1300, 20850: 72039, 20852: 1391, 20853: 1167, 20854: 82080, 20856: 46793, 20858: 70373, 20859: 82070, 20860: 82070, 20861: 63882, 20862: 63882, 20863: 82070, 20864: 395, 20872: 953, 20873: 35245, 20874: 0, 20875: 91053, 20876: 13828, 20877: 57972, 20881: 57417, 20883: 57639, 20884: 83288, 20885: 57417, 20886: 78631, 20887: 71117, 20888: 63882, 20889: 57381, 20890: 59008, 20891: 70500, 20892: 82070, 20894: 69990, 20895: 63270, 20897: 226, 20900: 953, 20901: 1223, 20902: 72039, 20904: 1300, 20905: 44206, 20906: 75453, 20907: 65941, 20909: 65877, 20910: 70342, 20911: 69995, 20913: 73383, 20916: 57309, 20917: 63882, 20918: 57290, 20919: 87001, 20921: 72051, 20922: 84328, 20923: 690, 20925: 1294, 20926: 65941, 20928: 72051, 20929: 85710, 20930: 61726, 20931: 64790, 20932: 69995, 20933: 805, 20934: 63099, 20935: 63882, 20936: 58543, 20937: 146, 20938: 1193, 20939: 35259, 20940: 72051, 20941: 82070, 20942: 67720, 20943: 48922, 20944: 64790, 20948: 63882, 20949: 57639, 20950: 72039, 20951: 64790, 20953: 63099, 20954: 48922, 20955: 1457, 20956: 63099, 20958: 1188, 20959: 87001, 20960: 64790, 20961: 1054, 20962: 51797, 20963: 1193, 20964: 83288, 20965: 57639, 20966: 1399, 20967: 85710, 20968: 59008, 20969: 70500, 20970: 65877, 20971: 52945, 20973: 1116, 20974: 57639, 20975: 63270, 20977: 57070, 20978: 57972, 20979: 1288, 20980: 64727, 20981: 57309, 20982: 72039, 20983: 1502, 20985: 65877, 20986: 1399, 20987: 1399, 20988: 1502, 20990: 1116, 20992: 70500, 20993: 72039, 20995: 63756, 20997: 87001, 20998: 63882, 20999: 87001, 21000: 82070, 21001: 48266, 21002: 1357, 21003: 83288, 21005: 65877, 21006: 57290, 21007: 1288, 21008: 686, 21009: 63882, 21011: 84328, 21012: 87001, 21013: 57417, 21014: 57972, 21015: 85700, 21016: 64790, 21017: 70500, 21018: 35245, 21019: 91053, 21020: 1347, 21021: 44206, 21022: 52945, 21023: 63270, 21028: 85700, 21030: 86055, 21032: 57417, 21033: 85710, 21034: 2048, 21035: 226, 21036: 67720, 21037: 68650, 21038: 395, 21039: 67720, 21041: 1193, 21043: 75379, 21045: 1300, 21047: 52945, 21050: 83288, 21053: 1294, 21055: 82080, 21056: 57381, 21057: 0, 21058: 1161, 21059: 395, 21060: 395, 21061: 78645, 21062: 78645, 21063: 1543, 21064: 46494, 21065: 68173, 21066: 44206, 21067: 1259, 21068: 46494, 21069: 48922, 21070: 1107, 21072: 69990, 21073: 1167, 21074: 67720, 21075: 78645, 21077: 1540, 21084: 1617, 21085: 87984, 21086: 80140, 21087: 90998, 21091: 1357, 21092: 1457, 21093: 85646, 21096: 57649, 21097: 57649, 21098: 63099, 21099: 2114, 21100: 74355, 21101: 2114, 21102: 56939, 21103: 1107, 21104: 91053, 21105: 2076, 21106: 57649, 21107: 57972, 21108: 74355, 21109: 53429, 21110: 80140, 21112: 1540, 21113: 57649, 21115: 89226, 21116: 57649, 21117: 74355, 21118: 58096, 21119: 80140, 21120: 80140, 21121: 56939, 21123: 56939, 21124: 2076, 21125: 53429, 21126: 53429, 21127: 88653, 21128: 74355, 21129: 2114, 21130: 74355, 21132: 57649, 21133: 90998, 21134: 57649, 21135: 80140, 21136: 57649, 21138: 53429, 21139: 89226, 21140: 57649, 21141: 87984, 21142: 80140, 21143: 74355, 21144: 2114, 21145: 2346, 21146: 89226, 21147: 2076, 21148: 53429, 21149: 56939, 21150: 86157, 21151: 2076, 21153: 74355, 21154: 146, 21155: 86213, 21156: 86157, 21157: 1188, 21159: 89226, 21163: 1288, 21164: 86157, 21165: 87984, 21166: 86213, 21167: 87984, 21168: 87984, 21170: 2346, 21171: 56939, 21172: 56939, 21173: 86213, 21174: 2076, 21175: 1188, 21176: 86213, 21177: 56939, 21178: 57649, 21179: 86213, 21180: 90998, 21181: 2114, 21182: 0, 21184: 86157, 21185: 0, 21186: 2076, 21187: 0, 21188: 1223, 21189: 0, 21190: 1457, 21191: 184, 21192: 65941, 21193: 1193, 21194: 0, 21195: 57290, 21196: 849, 21197: 53429, 21198: 74355, 21199: 2076, 21203: 86213, 21205: 2346, 21206: 90998, 21208: 87984, 21209: 89226, 21223: 743, 21226: 683, 21227: 449, 21228: 57290, 21229: 519, 21230: 57290, 21231: 1107, 21232: 57381, 21233: 82080, 21234: 82080, 21235: 522, 21236: 82080, 21237: 57290, 21238: 71117, 21239: 0, 21240: 805, 21241: 46494, 21244: 1173, 21249: 80479, 21262: 1391, 21265: 75421, 21271: 75453, 21279: 91053, 21280: 57639, 21288: 1188, 21290: 65941, 21298: 52945, 21303: 57455, 21304: 226, 21305: 88486, 21306: 1457, 21307: 226, 21308: 765, 21311: 46494, 21312: 63756, 21313: 35259, 21314: 88486, 21315: 64790, 21316: 63756, 21317: 1113, 21318: 64790, 21319: 1347, 21322: 82080, 21324: 395, 21325: 78626, 21326: 13828, 21327: 395, 21328: 13828, 21329: 550, 21331: 65877, 21333: 51797, 21334: 57455, 21335: 1113, 21336: 85669, 21338: 226, 21339: 71117, 21340: 1457, 21341: 1294, 21344: 51797, 21345: 0, 21346: 70500, 21348: 1193, 21349: 0, 21351: 72051, 21354: 13828, 21356: 57309, 21357: 64727, 21358: 226, 21363: 1412, 21366: 51797, 21369: 1347, 21370: 1357, 21378: 1014, 21384: 46494, 21398: 550, 21445: 53429, 21446: 57070, 21447: 1399, 21448: 69990, 21450: 78645, 21454: 48922, 21455: 1014, 21460: 1482, 21462: 1585, 21463: 75453, 21465: 0, 21468: 1391, 21470: 226, 21474: 686, 21475: 1012, 21477: 91896, 21478: 61726, 21479: 1107, 21480: 519, 21481: 1161, 21482: 1161, 21483: 70373, 21484: 69995, 21487: 51797, 21488: 65161, 21489: 91053, 21490: 1259, 21491: 1113, 21492: 1161, 21493: 50453, 21494: 342}",0.0,filho
641333.3602976666,Cruzamento,1733628282.1700885,13,"{20331: 57070, 20332: 1182, 20333: 57309, 20334: 65341, 20335: 1412, 20336: 1412, 20337: 1084, 20338: 1482, 20339: 1617, 20340: 49332, 20341: 1583, 20342: 69242, 20343: 69990, 20344: 1182, 20345: 70342, 20346: 1583, 20347: 1084, 20348: 69242, 20349: 1291, 20350: 1291, 20351: 46793, 20352: 46793, 20353: 1084, 20354: 75421, 20355: 51797, 20356: 1412, 20357: 1291, 20358: 2048, 20359: 765, 20360: 2048, 20361: 58096, 20362: 1412, 20363: 1489, 20364: 184, 20365: 1617, 20366: 70171, 20367: 57309, 20368: 90927, 20369: 1617, 20370: 48266, 20371: 70373, 20372: 49332, 20373: 1291, 20378: 1182, 20379: 69990, 20380: 70342, 20381: 57070, 20383: 1583, 20384: 686, 20385: 75421, 20386: 68182, 20387: 75421, 20388: 13699, 20389: 68182, 20392: 1291, 20393: 63099, 20394: 75453, 20395: 48266, 20396: 1543, 20397: 849, 20398: 75421, 20399: 70342, 20400: 58096, 20401: 57455, 20402: 1489, 20403: 1084, 20404: 57455, 20405: 1288, 20406: 519, 20407: 743, 20408: 71117, 20409: 1288, 20410: 57381, 20411: 449, 20412: 226, 20413: 58096, 20414: 1014, 20415: 46494, 20416: 805, 20417: 57290, 20418: 683, 20419: 1617, 20421: 65341, 20422: 82085, 20423: 1585, 20427: 68173, 20428: 78645, 20429: 48922, 20432: 44206, 20433: 1502, 20434: 57290, 20436: 182, 20437: 1188, 20438: 1502, 20439: 57381, 20440: 73383, 20441: 70342, 20442: 57381, 20443: 13828, 20444: 71117, 20445: 683, 20446: 1502, 20447: 71117, 20449: 50588, 20450: 913, 20451: 80479, 20452: 80479, 20453: 35245, 20454: 69995, 20455: 52945, 20456: 70342, 20457: 46793, 20458: 1012, 20459: 51797, 20460: 63756, 20461: 35245, 20462: 64790, 20463: 57257, 20465: 57070, 20466: 63756, 20467: 849, 20468: 743, 20469: 67720, 20471: 1014, 20472: 13828, 20473: 1188, 20475: 67720, 20476: 1259, 20481: 71117, 20482: 35245, 20484: 85646, 20485: 46793, 20486: 913, 20487: 743, 20488: 44206, 20489: 683, 20490: 519, 20491: 78645, 20492: 57381, 20493: 82080, 20494: 91896, 20495: 1585, 20496: 58096, 20497: 54448, 20499: 1054, 20501: 1347, 20503: 35259, 20504: 57070, 20505: 83288, 20506: 1012, 20507: 46494, 20508: 69995, 20509: 1012, 20510: 52945, 20511: 64727, 20512: 54448, 20513: 1291, 20514: 146, 20515: 52945, 20517: 35245, 20518: 226, 20519: 75379, 20520: 69995, 20521: 50588, 20522: 52945, 20523: 1543, 20524: 449, 20525: 728, 20527: 1617, 20528: 44206, 20530: 72051, 20531: 13828, 20532: 1259, 20533: 69990, 20534: 46793, 20535: 75958, 20536: 68173, 20537: 1617, 20538: 690, 20539: 69990, 20540: 1617, 20541: 71117, 20542: 1288, 20543: 449, 20544: 1014, 20545: 1585, 20546: 91896, 20547: 57070, 20549: 80479, 20550: 63270, 20552: 46494, 20553: 71117, 20554: 1288, 20555: 61726, 20556: 78631, 20557: 1391, 20558: 1502, 20559: 1399, 20560: 686, 20561: 46494, 20563: 65877, 20564: 1167, 20565: 85710, 20567: 69990, 20569: 51797, 20570: 743, 20571: 68173, 20572: 1347, 20573: 690, 20574: 67720, 20575: 449, 20576: 728, 20577: 48922, 20578: 1014, 20579: 1347, 20580: 35259, 20581: 75958, 20582: 48922, 20583: 743, 20584: 1347, 20585: 1543, 20587: 1161, 20588: 1012, 20589: 65161, 20590: 395, 20591: 449, 20592: 1188, 20593: 57290, 20594: 690, 20595: 522, 20596: 73383, 20597: 805, 20599: 1012, 20600: 63270, 20601: 63270, 20602: 35245, 20605: 226, 20606: 1161, 20607: 52945, 20608: 58096, 20609: 1173, 20610: 1084, 20611: 65877, 20612: 75453, 20613: 1457, 20614: 57309, 20615: 69995, 20616: 849, 20617: 1167, 20618: 1540, 20619: 765, 20620: 1457, 20621: 1167, 20622: 686, 20624: 1457, 20625: 65877, 20626: 686, 20628: 686, 20630: 66626, 20631: 519, 20633: 1107, 20634: 72051, 20635: 1084, 20636: 913, 20637: 1391, 20638: 146, 20639: 85669, 20640: 57639, 20641: 52945, 20642: 1391, 20643: 1193, 20645: 1391, 20646: 953, 20647: 686, 20648: 58096, 20650: 58096, 20651: 62344, 20652: 686, 20653: 1193, 20654: 85669, 20655: 1412, 20656: 184, 20659: 1585, 20661: 69995, 20662: 70373, 20663: 913, 20669: 522, 20670: 78631, 20671: 57639, 20672: 35259, 20673: 57972, 20675: 61726, 20676: 57972, 20677: 73235, 20678: 62344, 20680: 68173, 20681: 449, 20684: 1347, 20688: 1617, 20689: 69995, 20690: 52945, 20692: 57257, 20693: 85669, 20694: 66626, 20695: 1489, 20696: 1173, 20697: 1182, 20698: 58543, 20699: 63756, 20700: 50588, 20701: 913, 20702: 1167, 20703: 54448, 20704: 66626, 20705: 75379, 20706: 1182, 20707: 70342, 20708: 46494, 20709: 1161, 20710: 1161, 20711: 1543, 20712: 0, 20713: 75421, 20714: 52945, 20715: 690, 20716: 70342, 20717: 57639, 20719: 1585, 20720: 75453, 20721: 913, 20722: 805, 20723: 51797, 20724: 80479, 20725: 85669, 20726: 46793, 20727: 78631, 20729: 1617, 20730: 88486, 20731: 48922, 20732: 1054, 20734: 1288, 20735: 57309, 20736: 1014, 20737: 73383, 20739: 35259, 20740: 57455, 20741: 686, 20742: 1167, 20743: 1116, 20744: 68650, 20746: 69990, 20747: 91053, 20748: 58096, 20749: 69990, 20750: 686, 20751: 1399, 20752: 1502, 20754: 44206, 20757: 1161, 20758: 1012, 20759: 62344, 20761: 1482, 20762: 75453, 20763: 63099, 20764: 1084, 20765: 63099, 20766: 63099, 20768: 184, 20769: 395, 20770: 77145, 20773: 70500, 20774: 1154, 20775: 69990, 20777: 1391, 20778: 70500, 20779: 1399, 20781: 1457, 20782: 49332, 20784: 57290, 20785: 2048, 20786: 70500, 20789: 1347, 20790: 58543, 20791: 70342, 20792: 46793, 20793: 146, 20794: 49332, 20795: 59008, 20796: 1188, 20797: 75421, 20798: 13699, 20799: 70373, 20800: 1482, 20802: 69242, 20803: 85710, 20804: 57309, 20805: 69242, 20806: 1391, 20807: 72051, 20808: 82067, 20809: 1291, 20810: 63099, 20811: 57070, 20813: 48266, 20814: 1482, 20815: 85687, 20816: 57455, 20817: 85687, 20818: 1391, 20819: 1502, 20820: 1167, 20821: 1116, 20822: 85687, 20823: 46494, 20824: 57417, 20825: 75453, 20826: 75379, 20827: 46494, 20828: 184, 20829: 67720, 20831: 57290, 20832: 57639, 20833: 1291, 20834: 728, 20835: 1502, 20836: 1583, 20837: 57070, 20838: 57070, 20840: 2048, 20841: 1412, 20842: 1357, 20843: 226, 20844: 57455, 20845: 65877, 20846: 1300, 20850: 65877, 20852: 90927, 20853: 51797, 20854: 72051, 20856: 46793, 20858: 48266, 20859: 82070, 20860: 63882, 20861: 63882, 20862: 82070, 20863: 82070, 20864: 395, 20872: 953, 20873: 395, 20874: 0, 20875: 91053, 20876: 683, 20877: 83288, 20881: 75379, 20883: 75453, 20884: 57972, 20885: 59008, 20886: 64727, 20887: 1540, 20888: 82070, 20889: 683, 20890: 64727, 20891: 1391, 20892: 82070, 20894: 85669, 20895: 64790, 20897: 1540, 20900: 1457, 20901: 75379, 20902: 72039, 20904: 63099, 20905: 522, 20906: 765, 20907: 1188, 20909: 65877, 20910: 182, 20911: 849, 20913: 72051, 20916: 85669, 20917: 87001, 20918: 73383, 20919: 63882, 20921: 58543, 20922: 82070, 20923: 690, 20925: 1294, 20926: 85700, 20928: 1300, 20929: 51797, 20930: 61726, 20931: 51797, 20932: 1288, 20933: 57290, 20934: 63099, 20935: 82070, 20936: 91053, 20937: 1399, 20938: 1193, 20939: 1502, 20940: 1223, 20941: 72039, 20942: 1399, 20943: 69985, 20944: 1193, 20948: 83288, 20949: 1193, 20950: 87001, 20951: 1300, 20953: 64727, 20954: 68173, 20955: 1457, 20956: 57639, 20958: 57639, 20959: 65877, 20960: 54448, 20961: 1012, 20962: 1300, 20963: 69995, 20964: 72039, 20965: 91053, 20966: 64790, 20967: 1054, 20968: 44206, 20969: 85700, 20970: 57972, 20971: 63756, 20973: 85710, 20974: 59008, 20975: 1154, 20977: 85710, 20978: 63756, 20979: 0, 20980: 63756, 20981: 49332, 20982: 72039, 20983: 1054, 20985: 72039, 20986: 728, 20987: 64790, 20988: 1054, 20990: 85710, 20992: 68650, 20993: 72039, 20995: 1012, 20997: 83288, 20998: 82070, 20999: 87001, 21000: 63882, 21001: 70500, 21002: 57639, 21003: 57972, 21005: 83288, 21006: 72051, 21007: 2048, 21008: 69995, 21009: 65877, 21011: 72039, 21012: 87001, 21013: 57290, 21014: 65877, 21015: 91053, 21016: 72051, 21017: 64790, 21018: 1193, 21019: 184, 21020: 69985, 21021: 1543, 21022: 75379, 21023: 63270, 21028: 86055, 21030: 85700, 21032: 52945, 21033: 35245, 21034: 1154, 21035: 58543, 21036: 35259, 21037: 1223, 21038: 728, 21039: 63270, 21041: 85700, 21043: 67720, 21045: 1188, 21047: 86055, 21050: 83288, 21053: 1294, 21055: 82080, 21056: 1585, 21057: 1107, 21058: 1107, 21059: 395, 21060: 1107, 21061: 46494, 21062: 1502, 21063: 1014, 21064: 57381, 21065: 1543, 21066: 1188, 21067: 683, 21068: 73383, 21069: 46494, 21070: 69990, 21072: 1107, 21073: 1182, 21074: 67720, 21075: 78645, 21077: 1540, 21084: 1617, 21085: 2114, 21086: 89226, 21087: 87984, 21091: 1012, 21092: 78631, 21093: 63270, 21096: 2114, 21097: 53429, 21098: 65941, 21099: 2114, 21100: 2076, 21101: 57649, 21102: 80140, 21103: 1457, 21104: 51797, 21105: 88653, 21106: 2346, 21107: 62344, 21108: 2346, 21109: 2114, 21110: 90942, 21112: 75379, 21113: 88653, 21115: 2346, 21116: 80140, 21117: 57649, 21118: 88486, 21119: 2076, 21120: 2076, 21121: 74355, 21123: 57649, 21124: 2076, 21125: 53429, 21126: 57649, 21127: 74355, 21128: 57649, 21129: 2114, 21130: 74355, 21132: 53429, 21133: 87984, 21134: 57649, 21135: 88653, 21136: 74355, 21138: 53429, 21139: 88653, 21140: 53429, 21141: 80140, 21142: 2346, 21143: 57649, 21144: 2114, 21145: 88653, 21146: 89226, 21147: 53429, 21148: 2114, 21149: 2076, 21150: 86213, 21151: 87984, 21153: 2114, 21154: 44206, 21155: 86157, 21156: 80140, 21157: 1188, 21159: 89226, 21163: 146, 21164: 86157, 21165: 88653, 21166: 88653, 21167: 80140, 21168: 2114, 21170: 88653, 21171: 53429, 21172: 57649, 21173: 56939, 21174: 90998, 21175: 1223, 21176: 56939, 21177: 56939, 21178: 57649, 21179: 86213, 21180: 90998, 21181: 86213, 21182: 86157, 21184: 56939, 21185: 86213, 21186: 86213, 21187: 0, 21188: 0, 21189: 0, 21190: 78631, 21191: 184, 21192: 59008, 21193: 57639, 21194: 0, 21195: 395, 21196: 1489, 21197: 57649, 21198: 74355, 21199: 2076, 21203: 90998, 21205: 74355, 21206: 86213, 21208: 87984, 21209: 89226, 21223: 683, 21226: 683, 21227: 1585, 21228: 68173, 21229: 0, 21230: 69990, 21231: 519, 21232: 57381, 21233: 1259, 21234: 805, 21235: 690, 21236: 71117, 21237: 71117, 21238: 1288, 21239: 805, 21240: 82080, 21241: 395, 21244: 64727, 21249: 0, 21262: 1489, 21265: 68182, 21271: 65161, 21279: 91053, 21280: 57639, 21288: 63756, 21290: 59008, 21298: 72051, 21303: 1457, 21304: 46494, 21305: 1294, 21306: 1167, 21307: 728, 21308: 1294, 21311: 1347, 21312: 88486, 21313: 1054, 21314: 1540, 21315: 1347, 21316: 71117, 21317: 765, 21318: 395, 21319: 1294, 21322: 69985, 21324: 71117, 21325: 550, 21326: 57455, 21327: 519, 21328: 35259, 21329: 805, 21331: 57972, 21333: 51797, 21334: 57455, 21335: 1357, 21336: 765, 21338: 1054, 21339: 1457, 21340: 1294, 21341: 765, 21344: 1288, 21345: 0, 21346: 57309, 21348: 63099, 21349: 0, 21351: 1259, 21354: 78626, 21356: 77145, 21357: 85646, 21358: 35245, 21363: 1347, 21366: 65941, 21369: 88486, 21370: 1054, 21378: 70342, 21384: 1188, 21398: 805, 21445: 2114, 21446: 58096, 21447: 1357, 21448: 35259, 21450: 69990, 21454: 48922, 21455: 1014, 21460: 13699, 21462: 1585, 21463: 57972, 21465: 0, 21468: 1347, 21470: 226, 21474: 1182, 21475: 1116, 21477: 48922, 21478: 44206, 21479: 1113, 21480: 13828, 21481: 75453, 21482: 1161, 21483: 0, 21484: 1182, 21487: 75453, 21488: 50588, 21489: 48266, 21490: 743, 21491: 245, 21492: 85687, 21493: 50453, 21494: 342}",0.0,filho
644340.9089319998,Cruzamento,1733628285.3021884,14,"{20331: 46793, 20332: 48266, 20333: 75421, 20334: 69990, 20335: 46793, 20336: 75421, 20337: 57070, 20338: 1084, 20339: 1482, 20340: 1182, 20341: 1489, 20342: 2048, 20343: 58096, 20344: 1489, 20345: 70373, 20346: 68182, 20347: 48266, 20348: 1182, 20349: 1347, 20350: 70373, 20351: 58096, 20352: 57257, 20353: 63099, 20354: 57257, 20355: 51797, 20356: 765, 20357: 70342, 20358: 57455, 20359: 69990, 20360: 849, 20361: 1583, 20362: 58096, 20363: 1347, 20364: 1294, 20365: 65341, 20366: 1391, 20367: 75453, 20368: 82085, 20369: 90927, 20370: 48266, 20371: 70373, 20372: 70342, 20373: 1583, 20378: 2048, 20379: 1182, 20380: 69242, 20381: 849, 20383: 1482, 20384: 63099, 20385: 63099, 20386: 1412, 20387: 1583, 20388: 63099, 20389: 1482, 20392: 46793, 20393: 70342, 20394: 69990, 20395: 1291, 20396: 728, 20397: 57455, 20398: 49332, 20399: 44206, 20400: 57257, 20401: 849, 20402: 46793, 20403: 57257, 20404: 1502, 20405: 1107, 20406: 57381, 20407: 1502, 20408: 743, 20409: 743, 20410: 1347, 20411: 395, 20412: 1585, 20413: 1489, 20414: 449, 20415: 1188, 20416: 67720, 20417: 519, 20418: 46494, 20419: 71117, 20421: 1347, 20422: 1617, 20423: 1585, 20427: 72051, 20428: 48922, 20429: 44206, 20432: 683, 20433: 1502, 20434: 690, 20436: 1259, 20437: 57381, 20438: 48922, 20439: 683, 20440: 69985, 20441: 690, 20442: 69242, 20443: 46494, 20444: 522, 20445: 522, 20446: 69242, 20447: 69242, 20449: 69995, 20450: 57455, 20451: 1012, 20452: 54448, 20453: 1585, 20454: 50588, 20455: 52945, 20456: 50588, 20457: 63756, 20458: 65161, 20459: 1585, 20460: 1161, 20461: 80479, 20462: 57290, 20463: 1412, 20465: 69990, 20466: 1012, 20467: 57257, 20468: 67720, 20469: 743, 20471: 1014, 20472: 71117, 20473: 1107, 20475: 805, 20476: 690, 20481: 1107, 20482: 35245, 20484: 75379, 20485: 69995, 20486: 54448, 20487: 1502, 20488: 1188, 20489: 728, 20490: 71117, 20491: 57381, 20492: 44206, 20493: 1014, 20494: 91896, 20495: 72051, 20496: 849, 20497: 69995, 20499: 88486, 20501: 71117, 20503: 1357, 20504: 765, 20505: 1167, 20506: 1294, 20507: 65877, 20508: 54448, 20509: 46793, 20510: 52945, 20511: 75379, 20512: 52945, 20513: 1291, 20514: 69995, 20515: 70342, 20517: 63270, 20518: 913, 20519: 1012, 20520: 54448, 20521: 63270, 20522: 913, 20523: 519, 20524: 70342, 20525: 1259, 20527: 68173, 20528: 57381, 20530: 91896, 20531: 182, 20532: 71117, 20533: 75421, 20534: 35245, 20535: 71117, 20536: 44206, 20537: 75958, 20538: 35259, 20539: 70342, 20540: 67720, 20541: 1014, 20542: 48922, 20543: 59008, 20544: 1014, 20545: 449, 20546: 1585, 20547: 69995, 20549: 913, 20550: 1161, 20552: 1502, 20553: 728, 20554: 1188, 20555: 85710, 20556: 1182, 20557: 849, 20558: 1399, 20559: 1391, 20560: 1116, 20561: 57070, 20563: 78631, 20564: 44206, 20565: 1167, 20567: 1457, 20569: 63756, 20570: 59008, 20571: 743, 20572: 68173, 20573: 728, 20574: 70342, 20575: 1347, 20576: 44206, 20577: 690, 20578: 91896, 20579: 75958, 20580: 449, 20581: 69990, 20582: 35259, 20583: 69985, 20584: 91896, 20585: 75379, 20587: 63756, 20588: 85646, 20589: 913, 20590: 46494, 20591: 1259, 20592: 57290, 20593: 69985, 20594: 70342, 20595: 1502, 20596: 67720, 20597: 69985, 20599: 1585, 20600: 75379, 20601: 1161, 20602: 226, 20605: 35245, 20606: 64727, 20607: 1585, 20608: 1223, 20609: 64727, 20610: 1482, 20611: 65877, 20612: 69995, 20613: 1457, 20614: 69995, 20615: 686, 20616: 69990, 20617: 1540, 20618: 1116, 20619: 85710, 20620: 1107, 20621: 1107, 20622: 75453, 20624: 75453, 20625: 686, 20626: 953, 20628: 953, 20630: 66626, 20631: 1543, 20633: 46494, 20634: 690, 20635: 68182, 20636: 54448, 20637: 75421, 20638: 1288, 20639: 1391, 20640: 85669, 20641: 57639, 20642: 1193, 20643: 62344, 20645: 52945, 20646: 52945, 20647: 1193, 20648: 58096, 20650: 953, 20651: 85669, 20652: 1391, 20653: 57639, 20654: 686, 20655: 1583, 20656: 70342, 20659: 1173, 20661: 75379, 20662: 75453, 20663: 913, 20669: 69985, 20670: 35259, 20671: 57639, 20672: 65877, 20673: 73235, 20675: 61726, 20676: 75453, 20677: 1540, 20678: 78631, 20680: 1543, 20681: 728, 20684: 743, 20688: 82080, 20689: 1161, 20690: 66626, 20692: 57257, 20693: 58543, 20694: 913, 20695: 1489, 20696: 1161, 20697: 184, 20698: 62344, 20699: 50588, 20700: 1173, 20701: 63756, 20702: 1182, 20703: 54448, 20704: 63756, 20705: 64727, 20706: 69242, 20707: 63756, 20708: 1054, 20709: 1161, 20710: 1161, 20711: 68173, 20712: 0, 20713: 75421, 20714: 52945, 20715: 73383, 20716: 70342, 20717: 58543, 20719: 52945, 20720: 46793, 20721: 1012, 20722: 46494, 20723: 184, 20724: 46793, 20725: 78631, 20726: 80479, 20727: 1347, 20729: 1412, 20730: 57972, 20731: 1014, 20732: 83288, 20734: 57455, 20735: 62344, 20736: 73383, 20737: 59008, 20739: 75379, 20740: 1543, 20741: 85710, 20742: 75379, 20743: 686, 20744: 395, 20746: 1457, 20747: 49332, 20748: 1357, 20749: 63756, 20750: 1012, 20751: 85710, 20752: 46494, 20754: 1259, 20757: 1012, 20758: 35245, 20759: 58096, 20761: 63099, 20762: 75453, 20763: 1084, 20764: 1617, 20765: 1482, 20766: 75453, 20768: 0, 20769: 449, 20770: 77145, 20773: 63270, 20774: 1300, 20775: 57070, 20777: 57070, 20778: 146, 20779: 1347, 20781: 1543, 20782: 1223, 20784: 146, 20785: 146, 20786: 1154, 20789: 690, 20790: 58543, 20791: 1583, 20792: 49332, 20793: 728, 20794: 48266, 20795: 44206, 20796: 78631, 20797: 69242, 20798: 75421, 20799: 2048, 20800: 13699, 20802: 13828, 20803: 1288, 20804: 1154, 20805: 13699, 20806: 1391, 20807: 522, 20808: 85687, 20809: 1347, 20810: 46793, 20811: 70342, 20813: 70373, 20814: 2048, 20815: 85687, 20816: 184, 20817: 85687, 20818: 1347, 20819: 1502, 20820: 62344, 20821: 62344, 20822: 849, 20823: 805, 20824: 57309, 20825: 78631, 20826: 184, 20827: 69990, 20828: 70500, 20829: 1347, 20831: 57290, 20832: 1182, 20833: 1294, 20834: 72051, 20835: 1399, 20836: 58096, 20837: 70373, 20838: 1502, 20840: 49332, 20841: 1182, 20842: 58096, 20843: 1223, 20844: 82085, 20845: 85669, 20846: 1300, 20850: 72039, 20852: 1391, 20853: 1167, 20854: 82080, 20856: 46793, 20858: 70373, 20859: 82070, 20860: 82070, 20861: 63882, 20862: 63882, 20863: 82070, 20864: 395, 20872: 953, 20873: 35245, 20874: 0, 20875: 91053, 20876: 13828, 20877: 57972, 20881: 57417, 20883: 57639, 20884: 83288, 20885: 57417, 20886: 78631, 20887: 71117, 20888: 63882, 20889: 57381, 20890: 59008, 20891: 70500, 20892: 82070, 20894: 69990, 20895: 63270, 20897: 226, 20900: 953, 20901: 1223, 20902: 72039, 20904: 1300, 20905: 44206, 20906: 75453, 20907: 65941, 20909: 65877, 20910: 70342, 20911: 69995, 20913: 73383, 20916: 57309, 20917: 63882, 20918: 57290, 20919: 87001, 20921: 72051, 20922: 84328, 20923: 690, 20925: 1294, 20926: 65941, 20928: 72051, 20929: 85710, 20930: 61726, 20931: 64790, 20932: 69995, 20933: 805, 20934: 63099, 20935: 63882, 20936: 58543, 20937: 146, 20938: 1193, 20939: 35259, 20940: 72051, 20941: 82070, 20942: 67720, 20943: 48922, 20944: 64790, 20948: 63882, 20949: 57639, 20950: 72039, 20951: 64790, 20953: 63099, 20954: 48922, 20955: 1457, 20956: 63099, 20958: 1188, 20959: 87001, 20960: 64790, 20961: 1054, 20962: 51797, 20963: 1193, 20964: 83288, 20965: 57639, 20966: 1399, 20967: 85710, 20968: 59008, 20969: 70500, 20970: 65877, 20971: 52945, 20973: 1116, 20974: 57639, 20975: 63270, 20977: 57070, 20978: 57972, 20979: 1288, 20980: 64727, 20981: 57309, 20982: 72039, 20983: 1502, 20985: 65877, 20986: 1399, 20987: 1399, 20988: 1502, 20990: 1116, 20992: 70500, 20993: 72039, 20995: 63756, 20997: 87001, 20998: 63882, 20999: 87001, 21000: 82070, 21001: 48266, 21002: 1357, 21003: 83288, 21005: 65877, 21006: 57290, 21007: 1288, 21008: 686, 21009: 63882, 21011: 84328, 21012: 87001, 21013: 57417, 21014: 57972, 21015: 85700, 21016: 64790, 21017: 70500, 21018: 35245, 21019: 91053, 21020: 1347, 21021: 44206, 21022: 52945, 21023: 63270, 21028: 85700, 21030: 86055, 21032: 57417, 21033: 85710, 21034: 2048, 21035: 226, 21036: 67720, 21037: 68650, 21038: 395, 21039: 67720, 21041: 1193, 21043: 75379, 21045: 1300, 21047: 52945, 21050: 83288, 21053: 1294, 21055: 82080, 21056: 57381, 21057: 0, 21058: 1161, 21059: 395, 21060: 395, 21061: 78645, 21062: 78645, 21063: 1543, 21064: 46494, 21065: 68173, 21066: 44206, 21067: 1259, 21068: 46494, 21069: 48922, 21070: 1107, 21072: 69990, 21073: 1167, 21074: 67720, 21075: 78645, 21077: 1540, 21084: 1617, 21085: 87984, 21086: 80140, 21087: 90998, 21091: 1357, 21092: 1457, 21093: 85646, 21096: 57649, 21097: 57649, 21098: 63099, 21099: 2114, 21100: 74355, 21101: 2114, 21102: 56939, 21103: 1107, 21104: 91053, 21105: 2076, 21106: 57649, 21107: 57972, 21108: 74355, 21109: 53429, 21110: 80140, 21112: 1540, 21113: 57649, 21115: 89226, 21116: 57649, 21117: 74355, 21118: 58096, 21119: 80140, 21120: 80140, 21121: 56939, 21123: 56939, 21124: 2076, 21125: 53429, 21126: 53429, 21127: 88653, 21128: 74355, 21129: 2114, 21130: 74355, 21132: 57649, 21133: 90998, 21134: 57649, 21135: 80140, 21136: 57649, 21138: 53429, 21139: 89226, 21140: 57649, 21141: 87984, 21142: 80140, 21143: 74355, 21144: 2114, 21145: 2346, 21146: 89226, 21147: 2076, 21148: 53429, 21149: 56939, 21150: 86157, 21151: 2076, 21153: 74355, 21154: 146, 21155: 86213, 21156: 86157, 21157: 1188, 21159: 89226, 21163: 1288, 21164: 86157, 21165: 87984, 21166: 86213, 21167: 87984, 21168: 87984, 21170: 2346, 21171: 56939, 21172: 56939, 21173: 86213, 21174: 2076, 21175: 1188, 21176: 86213, 21177: 56939, 21178: 57649, 21179: 86213, 21180: 90998, 21181: 2114, 21182: 0, 21184: 86157, 21185: 0, 21186: 2076, 21187: 0, 21188: 1223, 21189: 0, 21190: 1457, 21191: 184, 21192: 65941, 21193: 1193, 21194: 0, 21195: 57290, 21196: 849, 21197: 53429, 21198: 74355, 21199: 2076, 21203: 86213, 21205: 2346, 21206: 90998, 21208: 87984, 21209: 89226, 21223: 743, 21226: 683, 21227: 449, 21228: 57290, 21229: 519, 21230: 57290, 21231: 1107, 21232: 57381, 21233: 82080, 21234: 82080, 21235: 522, 21236: 82080, 21237: 57290, 21238: 71117, 21239: 0, 21240: 805, 21241: 46494, 21244: 1173, 21249: 80479, 21262: 1391, 21265: 75421, 21271: 75453, 21279: 91053, 21280: 57639, 21288: 1188, 21290: 65941, 21298: 52945, 21303: 57455, 21304: 226, 21305: 88486, 21306: 1457, 21307: 226, 21308: 765, 21311: 46494, 21312: 63756, 21313: 35259, 21314: 88486, 21315: 64790, 21316: 63756, 21317: 1113, 21318: 64790, 21319: 1347, 21322: 82080, 21324: 395, 21325: 78626, 21326: 13828, 21327: 395, 21328: 13828, 21329: 550, 21331: 65877, 21333: 51797, 21334: 57455, 21335: 1113, 21336: 85669, 21338: 226, 21339: 71117, 21340: 1457, 21341: 1294, 21344: 51797, 21345: 0, 21346: 70500, 21348: 1193, 21349: 0, 21351: 72051, 21354: 13828, 21356: 57309, 21357: 64727, 21358: 226, 21363: 1412, 21366: 51797, 21369: 1347, 21370: 1357, 21378: 1014, 21384: 46494, 21398: 550, 21445: 53429, 21446: 57070, 21447: 1399, 21448: 69990, 21450: 78645, 21454: 48922, 21455: 1014, 21460: 1482, 21462: 1585, 21463: 75453, 21465: 0, 21468: 1391, 21470: 226, 21474: 686, 21475: 1012, 21477: 91896, 21478: 61726, 21479: 1107, 21480: 519, 21481: 1161, 21482: 1161, 21483: 70373, 21484: 69995, 21487: 51797, 21488: 65161, 21489: 91053, 21490: 1259, 21491: 1113, 21492: 1161, 21493: 50453, 21494: 342}",0.0,filho
634946.3567956664,Cruzamento,1733628285.3021884,14,"{20331: 57309, 20332: 65341, 20333: 82085, 20334: 57070, 20335: 1182, 20336: 1489, 20337: 1291, 20338: 1084, 20339: 184, 20340: 57309, 20341: 65341, 20342: 1182, 20343: 1489, 20344: 1489, 20345: 68182, 20346: 70373, 20347: 70342, 20348: 1084, 20349: 63099, 20350: 57309, 20351: 51797, 20352: 58096, 20353: 46793, 20354: 849, 20355: 48266, 20356: 1291, 20357: 58096, 20358: 1084, 20359: 46793, 20360: 69990, 20361: 1412, 20362: 765, 20363: 57455, 20364: 1291, 20365: 82085, 20366: 75453, 20367: 90927, 20368: 1617, 20369: 65341, 20370: 70342, 20371: 57070, 20372: 48266, 20373: 1412, 20378: 82085, 20379: 57455, 20380: 1391, 20381: 686, 20383: 13699, 20384: 686, 20385: 69990, 20386: 57257, 20387: 13699, 20388: 75421, 20389: 68182, 20392: 63099, 20393: 58096, 20394: 51797, 20395: 184, 20396: 1347, 20397: 65341, 20398: 2048, 20399: 805, 20400: 1084, 20401: 1482, 20402: 46793, 20403: 1482, 20404: 67720, 20405: 1188, 20406: 82080, 20407: 1543, 20408: 1259, 20409: 46494, 20410: 1259, 20411: 46494, 20412: 913, 20413: 1412, 20414: 1585, 20415: 1617, 20416: 57290, 20417: 449, 20418: 70342, 20419: 805, 20421: 57309, 20422: 46793, 20423: 1585, 20427: 1014, 20428: 683, 20429: 1014, 20432: 1014, 20433: 1188, 20434: 690, 20436: 78645, 20437: 68173, 20438: 69990, 20439: 1502, 20440: 805, 20441: 1014, 20442: 522, 20443: 805, 20444: 59008, 20445: 13828, 20446: 72051, 20447: 78645, 20449: 1012, 20450: 226, 20451: 52945, 20452: 226, 20453: 1585, 20454: 80479, 20455: 70342, 20456: 913, 20457: 63756, 20458: 1012, 20459: 51797, 20460: 50588, 20461: 1585, 20462: 1457, 20463: 57070, 20465: 48266, 20466: 52945, 20467: 75421, 20468: 69990, 20469: 46494, 20471: 683, 20472: 743, 20473: 1585, 20475: 69242, 20476: 395, 20481: 1288, 20482: 80479, 20484: 63270, 20485: 57455, 20486: 52945, 20487: 57381, 20488: 1107, 20489: 743, 20490: 1188, 20491: 72051, 20492: 82080, 20493: 71117, 20494: 91896, 20495: 78645, 20496: 75453, 20497: 69995, 20499: 1167, 20501: 65877, 20503: 57972, 20504: 1288, 20505: 1113, 20506: 71117, 20507: 69995, 20508: 913, 20509: 63270, 20510: 54448, 20511: 75379, 20512: 54448, 20513: 70342, 20514: 1154, 20515: 913, 20517: 75379, 20518: 35245, 20519: 913, 20520: 80479, 20521: 1012, 20522: 52945, 20523: 395, 20524: 728, 20525: 805, 20527: 82080, 20528: 743, 20530: 59008, 20531: 67720, 20532: 1107, 20533: 57257, 20534: 50588, 20535: 71117, 20536: 48922, 20537: 69990, 20538: 48922, 20539: 75958, 20540: 69985, 20541: 69990, 20542: 1617, 20543: 91896, 20544: 69985, 20545: 743, 20546: 44206, 20547: 64790, 20549: 80479, 20550: 51797, 20552: 1288, 20553: 1502, 20554: 57290, 20555: 62344, 20556: 65877, 20557: 75379, 20558: 1107, 20559: 1391, 20560: 65877, 20561: 85710, 20563: 1167, 20564: 57070, 20565: 69990, 20567: 849, 20569: 52945, 20570: 91896, 20571: 1585, 20572: 1288, 20573: 35259, 20574: 48922, 20575: 44206, 20576: 75958, 20577: 69985, 20578: 1347, 20579: 71117, 20580: 68173, 20581: 1014, 20582: 35259, 20583: 1288, 20584: 71117, 20585: 2048, 20587: 1012, 20588: 63270, 20589: 52945, 20590: 82080, 20591: 57455, 20592: 683, 20593: 805, 20594: 72051, 20595: 59008, 20596: 1347, 20597: 1585, 20599: 64727, 20600: 49332, 20601: 75379, 20602: 35245, 20605: 35245, 20606: 50588, 20607: 913, 20608: 57417, 20609: 1585, 20610: 1482, 20611: 1107, 20612: 686, 20613: 57309, 20614: 1167, 20615: 75453, 20616: 953, 20617: 61726, 20618: 85669, 20619: 1182, 20620: 1054, 20621: 1457, 20622: 849, 20624: 226, 20625: 1457, 20626: 69995, 20628: 1540, 20630: 69995, 20631: 449, 20633: 69242, 20634: 73383, 20635: 1583, 20636: 54448, 20637: 1583, 20638: 226, 20639: 1391, 20640: 52945, 20641: 85669, 20642: 62344, 20643: 1391, 20645: 52945, 20646: 85669, 20647: 57639, 20648: 686, 20650: 686, 20651: 1193, 20652: 58096, 20653: 1391, 20654: 953, 20655: 1482, 20656: 1084, 20659: 70342, 20661: 64727, 20662: 57309, 20663: 1161, 20669: 69242, 20670: 65877, 20671: 1540, 20672: 57972, 20673: 57639, 20675: 78631, 20676: 78631, 20677: 61726, 20678: 75379, 20680: 69990, 20681: 1188, 20684: 1543, 20688: 805, 20689: 50588, 20690: 64727, 20692: 1182, 20693: 58096, 20694: 913, 20695: 75453, 20696: 75379, 20697: 184, 20698: 85669, 20699: 70342, 20700: 54448, 20701: 54448, 20702: 1288, 20703: 66626, 20704: 1173, 20705: 50588, 20706: 57309, 20707: 54448, 20708: 1399, 20709: 1161, 20710: 1161, 20711: 1014, 20712: 0, 20713: 57257, 20714: 52945, 20715: 57290, 20716: 913, 20717: 58543, 20719: 54448, 20720: 75453, 20721: 1012, 20722: 46494, 20723: 1489, 20724: 80479, 20725: 78631, 20726: 46793, 20727: 62344, 20729: 48266, 20730: 1113, 20731: 743, 20732: 765, 20734: 690, 20735: 65877, 20736: 522, 20737: 44206, 20739: 65877, 20740: 1188, 20741: 1357, 20742: 1116, 20743: 78631, 20744: 69995, 20746: 69990, 20747: 57309, 20748: 1107, 20749: 57639, 20750: 849, 20751: 1012, 20752: 190, 20754: 743, 20757: 1585, 20758: 54448, 20759: 57639, 20761: 70373, 20762: 1084, 20763: 63099, 20764: 1617, 20765: 1347, 20766: 70373, 20768: 0, 20769: 519, 20770: 77145, 20773: 1347, 20774: 57290, 20775: 58096, 20777: 1182, 20778: 2048, 20779: 70500, 20781: 57290, 20782: 67720, 20784: 57070, 20785: 57070, 20786: 1167, 20789: 728, 20790: 58543, 20791: 184, 20792: 82085, 20793: 70500, 20794: 49332, 20795: 69242, 20796: 68650, 20797: 2048, 20798: 70373, 20799: 69242, 20800: 1482, 20802: 57381, 20803: 68650, 20804: 68650, 20805: 13699, 20806: 58543, 20807: 57381, 20808: 85687, 20809: 58096, 20810: 46793, 20811: 48266, 20813: 49332, 20814: 49332, 20815: 82067, 20816: 57309, 20817: 82067, 20818: 58096, 20819: 1502, 20820: 85669, 20821: 78631, 20822: 1399, 20823: 1014, 20824: 226, 20825: 849, 20826: 85710, 20827: 62344, 20828: 63270, 20829: 1259, 20831: 1391, 20832: 1399, 20833: 1617, 20834: 86055, 20835: 62344, 20836: 849, 20837: 0, 20838: 1347, 20840: 1583, 20841: 57455, 20842: 83288, 20843: 57290, 20844: 1482, 20845: 57639, 20846: 1223, 20850: 87001, 20852: 57309, 20853: 1457, 20854: 1585, 20856: 686, 20858: 70373, 20859: 82070, 20860: 63882, 20861: 63882, 20862: 82070, 20863: 82070, 20864: 395, 20872: 953, 20873: 226, 20874: 0, 20875: 64727, 20876: 805, 20877: 63882, 20881: 64727, 20883: 70500, 20884: 82070, 20885: 1391, 20886: 67720, 20887: 1457, 20888: 82070, 20889: 1502, 20890: 91053, 20891: 1391, 20892: 72039, 20894: 765, 20895: 44206, 20897: 85669, 20900: 1167, 20901: 68650, 20902: 83288, 20904: 1188, 20905: 73383, 20906: 849, 20907: 1188, 20909: 65877, 20910: 72051, 20911: 1107, 20913: 73383, 20916: 1116, 20917: 84328, 20918: 69990, 20919: 84328, 20921: 63099, 20922: 82070, 20923: 57381, 20925: 1294, 20926: 65941, 20928: 1300, 20929: 51797, 20930: 0, 20931: 1223, 20932: 64790, 20933: 743, 20934: 1193, 20935: 63882, 20936: 65941, 20937: 67720, 20938: 1193, 20939: 395, 20940: 65161, 20941: 87001, 20942: 75379, 20943: 57290, 20944: 59008, 20948: 65877, 20949: 1193, 20950: 63882, 20951: 64790, 20953: 64727, 20954: 48922, 20955: 1116, 20956: 58096, 20958: 63756, 20959: 87001, 20960: 1399, 20961: 1502, 20962: 184, 20963: 146, 20964: 72039, 20965: 65941, 20966: 59008, 20967: 85710, 20968: 75453, 20969: 1300, 20970: 72039, 20971: 59008, 20973: 1054, 20974: 63756, 20975: 58096, 20977: 1399, 20978: 1502, 20979: 1193, 20980: 63756, 20981: 57070, 20982: 83288, 20983: 57972, 20985: 83288, 20986: 1167, 20987: 0, 20988: 63756, 20990: 57972, 20992: 57417, 20993: 83288, 20995: 85710, 20997: 72039, 20998: 63882, 20999: 57972, 21000: 82070, 21001: 78631, 21002: 1167, 21003: 57972, 21005: 83288, 21006: 57070, 21007: 1300, 21008: 69995, 21009: 57972, 21011: 87001, 21012: 84328, 21013: 57639, 21014: 65877, 21015: 91053, 21016: 146, 21017: 85700, 21018: 35245, 21019: 63756, 21020: 68173, 21021: 1188, 21022: 63270, 21023: 1457, 21028: 86055, 21030: 85700, 21032: 54448, 21033: 728, 21034: 57417, 21035: 1399, 21036: 91896, 21037: 2048, 21038: 1457, 21039: 1300, 21041: 72051, 21043: 146, 21045: 75453, 21047: 57290, 21050: 57639, 21053: 1294, 21055: 82080, 21056: 57381, 21057: 449, 21058: 63756, 21059: 1107, 21060: 1107, 21061: 78645, 21062: 1014, 21063: 46494, 21064: 1014, 21065: 1188, 21066: 1259, 21067: 683, 21068: 72051, 21069: 72051, 21070: 57290, 21072: 71117, 21073: 69995, 21074: 1617, 21075: 78645, 21077: 1540, 21084: 67720, 21085: 88653, 21086: 90942, 21087: 57649, 21091: 85710, 21092: 58096, 21093: 85646, 21096: 2346, 21097: 74355, 21098: 63756, 21099: 2114, 21100: 2076, 21101: 2346, 21102: 2114, 21103: 1116, 21104: 59008, 21105: 80140, 21106: 2114, 21107: 73235, 21108: 56939, 21109: 56939, 21110: 80140, 21112: 1391, 21113: 89226, 21115: 2114, 21116: 89226, 21117: 80140, 21118: 83288, 21119: 89226, 21120: 2076, 21121: 74355, 21123: 80140, 21124: 88653, 21125: 88653, 21126: 74355, 21127: 56939, 21128: 74355, 21129: 74355, 21130: 53429, 21132: 57649, 21133: 87984, 21134: 53429, 21135: 56939, 21136: 53429, 21138: 57649, 21139: 56939, 21140: 57649, 21141: 86157, 21142: 80140, 21143: 53429, 21144: 2114, 21145: 53429, 21146: 89226, 21147: 88653, 21148: 53429, 21149: 80140, 21150: 80140, 21151: 86213, 21153: 53429, 21154: 1223, 21155: 86157, 21156: 87984, 21157: 1288, 21159: 2346, 21163: 146, 21164: 86157, 21165: 80140, 21166: 90998, 21167: 87984, 21168: 90998, 21170: 90998, 21171: 86213, 21172: 57649, 21173: 2076, 21174: 2114, 21175: 0, 21176: 2076, 21177: 87984, 21178: 88653, 21179: 56939, 21180: 2346, 21181: 57649, 21182: 86157, 21184: 87984, 21185: 0, 21186: 2076, 21187: 0, 21188: 0, 21189: 0, 21190: 63270, 21191: 184, 21192: 1223, 21193: 70500, 21194: 0, 21195: 1167, 21196: 70342, 21197: 74355, 21198: 2114, 21199: 86213, 21203: 2076, 21205: 53429, 21206: 86213, 21208: 87984, 21209: 89226, 21223: 1585, 21226: 1014, 21227: 69985, 21228: 46494, 21229: 395, 21230: 78645, 21231: 395, 21232: 1259, 21233: 683, 21234: 70342, 21235: 1259, 21236: 57381, 21237: 71117, 21238: 1543, 21239: 72051, 21240: 1107, 21241: 1347, 21244: 66626, 21249: 1012, 21262: 57070, 21265: 13699, 21271: 91053, 21279: 59008, 21280: 59008, 21288: 57290, 21290: 51797, 21298: 57639, 21303: 1347, 21304: 35259, 21305: 35259, 21306: 226, 21307: 64790, 21308: 1113, 21311: 1540, 21312: 1294, 21313: 35259, 21314: 88486, 21315: 57417, 21316: 1054, 21317: 1347, 21318: 57455, 21319: 51797, 21322: 690, 21324: 13828, 21325: 13828, 21326: 35259, 21327: 1347, 21328: 519, 21329: 78626, 21331: 72039, 21333: 57455, 21334: 57455, 21335: 226, 21336: 765, 21338: 1502, 21339: 1054, 21340: 1107, 21341: 1294, 21344: 1300, 21345: 72039, 21346: 91053, 21348: 63099, 21349: 0, 21351: 69990, 21354: 519, 21356: 90927, 21357: 75379, 21358: 184, 21363: 57257, 21366: 65941, 21369: 765, 21370: 63756, 21378: 68173, 21384: 44206, 21398: 78626, 21445: 74355, 21446: 62344, 21447: 1347, 21448: 67720, 21450: 1014, 21454: 68173, 21455: 683, 21460: 0, 21462: 82080, 21463: 61726, 21465: 0, 21468: 85669, 21470: 63756, 21474: 46494, 21475: 1012, 21477: 91896, 21478: 69990, 21479: 71117, 21480: 805, 21481: 85687, 21482: 1391, 21483: 0, 21484: 1167, 21487: 65941, 21488: 65161, 21489: 65161, 21490: 0, 21491: 1113, 21492: 1116, 21493: 50453, 21494: 342}",0.0,filho
642122.5655559999,Cruzamento,1733628288.4555125,15,"{20331: 1294, 20332: 70342, 20333: 1482, 20334: 82085, 20335: 1294, 20336: 57257, 20337: 65341, 20338: 1182, 20339: 1084, 20340: 57309, 20341: 765, 20342: 2048, 20343: 69242, 20344: 849, 20345: 63099, 20346: 1583, 20347: 1084, 20348: 69242, 20349: 1291, 20350: 1291, 20351: 46793, 20352: 46793, 20353: 1084, 20354: 75421, 20355: 51797, 20356: 1412, 20357: 1291, 20358: 2048, 20359: 765, 20360: 2048, 20361: 58096, 20362: 1412, 20363: 1489, 20364: 184, 20365: 1617, 20366: 70171, 20367: 57309, 20368: 90927, 20369: 1617, 20370: 48266, 20371: 70373, 20372: 49332, 20373: 1291, 20378: 1182, 20379: 69990, 20380: 70342, 20381: 57070, 20383: 1583, 20384: 686, 20385: 75421, 20386: 68182, 20387: 75421, 20388: 13699, 20389: 68182, 20392: 1291, 20393: 63099, 20394: 75453, 20395: 48266, 20396: 1543, 20397: 849, 20398: 75421, 20399: 70342, 20400: 58096, 20401: 57455, 20402: 1489, 20403: 1084, 20404: 57455, 20405: 1288, 20406: 519, 20407: 743, 20408: 71117, 20409: 1288, 20410: 57381, 20411: 449, 20412: 226, 20413: 58096, 20414: 1014, 20415: 46494, 20416: 805, 20417: 57290, 20418: 683, 20419: 1617, 20421: 65341, 20422: 82085, 20423: 1585, 20427: 68173, 20428: 78645, 20429: 48922, 20432: 44206, 20433: 1502, 20434: 57290, 20436: 182, 20437: 1188, 20438: 1502, 20439: 57381, 20440: 73383, 20441: 70342, 20442: 57381, 20443: 13828, 20444: 71117, 20445: 683, 20446: 1502, 20447: 71117, 20449: 50588, 20450: 913, 20451: 80479, 20452: 80479, 20453: 35245, 20454: 69995, 20455: 52945, 20456: 70342, 20457: 46793, 20458: 1012, 20459: 51797, 20460: 63756, 20461: 35245, 20462: 64790, 20463: 57257, 20465: 57070, 20466: 63756, 20467: 849, 20468: 743, 20469: 67720, 20471: 1014, 20472: 13828, 20473: 1188, 20475: 67720, 20476: 1259, 20481: 71117, 20482: 35245, 20484: 85646, 20485: 46793, 20486: 913, 20487: 743, 20488: 44206, 20489: 683, 20490: 519, 20491: 78645, 20492: 57381, 20493: 82080, 20494: 91896, 20495: 1585, 20496: 58096, 20497: 54448, 20499: 1054, 20501: 1347, 20503: 35259, 20504: 57070, 20505: 83288, 20506: 1012, 20507: 46494, 20508: 69995, 20509: 1012, 20510: 52945, 20511: 64727, 20512: 54448, 20513: 1291, 20514: 146, 20515: 52945, 20517: 35245, 20518: 226, 20519: 75379, 20520: 69995, 20521: 50588, 20522: 52945, 20523: 1543, 20524: 449, 20525: 728, 20527: 1617, 20528: 44206, 20530: 72051, 20531: 13828, 20532: 1259, 20533: 69990, 20534: 46793, 20535: 75958, 20536: 68173, 20537: 1617, 20538: 690, 20539: 69990, 20540: 1617, 20541: 71117, 20542: 1288, 20543: 449, 20544: 1014, 20545: 1585, 20546: 91896, 20547: 57070, 20549: 80479, 20550: 63270, 20552: 46494, 20553: 71117, 20554: 1288, 20555: 61726, 20556: 78631, 20557: 1391, 20558: 1502, 20559: 1399, 20560: 686, 20561: 46494, 20563: 65877, 20564: 1167, 20565: 85710, 20567: 69990, 20569: 51797, 20570: 743, 20571: 68173, 20572: 1347, 20573: 690, 20574: 67720, 20575: 449, 20576: 728, 20577: 48922, 20578: 1014, 20579: 1347, 20580: 35259, 20581: 75958, 20582: 48922, 20583: 743, 20584: 1347, 20585: 1543, 20587: 1161, 20588: 1012, 20589: 65161, 20590: 395, 20591: 449, 20592: 1188, 20593: 57290, 20594: 690, 20595: 522, 20596: 73383, 20597: 805, 20599: 1012, 20600: 63270, 20601: 63270, 20602: 35245, 20605: 226, 20606: 1161, 20607: 52945, 20608: 58096, 20609: 1173, 20610: 1084, 20611: 65877, 20612: 75453, 20613: 1457, 20614: 57309, 20615: 69995, 20616: 849, 20617: 1167, 20618: 1540, 20619: 765, 20620: 1457, 20621: 1167, 20622: 686, 20624: 1457, 20625: 65877, 20626: 686, 20628: 686, 20630: 66626, 20631: 519, 20633: 1107, 20634: 72051, 20635: 1084, 20636: 913, 20637: 1391, 20638: 146, 20639: 85669, 20640: 57639, 20641: 52945, 20642: 1391, 20643: 1193, 20645: 1391, 20646: 953, 20647: 686, 20648: 58096, 20650: 58096, 20651: 62344, 20652: 686, 20653: 1193, 20654: 85669, 20655: 1412, 20656: 184, 20659: 1585, 20661: 69995, 20662: 70373, 20663: 913, 20669: 522, 20670: 78631, 20671: 57639, 20672: 35259, 20673: 57972, 20675: 61726, 20676: 57972, 20677: 73235, 20678: 62344, 20680: 68173, 20681: 449, 20684: 1347, 20688: 1617, 20689: 69995, 20690: 52945, 20692: 57257, 20693: 85669, 20694: 66626, 20695: 1489, 20696: 1173, 20697: 1182, 20698: 58543, 20699: 63756, 20700: 50588, 20701: 913, 20702: 1167, 20703: 54448, 20704: 66626, 20705: 75379, 20706: 1182, 20707: 70342, 20708: 46494, 20709: 1161, 20710: 1161, 20711: 1543, 20712: 0, 20713: 75421, 20714: 52945, 20715: 690, 20716: 70342, 20717: 57639, 20719: 1585, 20720: 75453, 20721: 913, 20722: 805, 20723: 51797, 20724: 80479, 20725: 85669, 20726: 46793, 20727: 78631, 20729: 1617, 20730: 88486, 20731: 48922, 20732: 1054, 20734: 1288, 20735: 57309, 20736: 1014, 20737: 73383, 20739: 35259, 20740: 57455, 20741: 686, 20742: 1167, 20743: 1116, 20744: 68650, 20746: 69990, 20747: 91053, 20748: 58096, 20749: 69990, 20750: 686, 20751: 1399, 20752: 1502, 20754: 44206, 20757: 1161, 20758: 1012, 20759: 62344, 20761: 1482, 20762: 75453, 20763: 63099, 20764: 1084, 20765: 63099, 20766: 63099, 20768: 184, 20769: 395, 20770: 77145, 20773: 70500, 20774: 1154, 20775: 69990, 20777: 1391, 20778: 70500, 20779: 1399, 20781: 1457, 20782: 49332, 20784: 57290, 20785: 2048, 20786: 70500, 20789: 1347, 20790: 58543, 20791: 70342, 20792: 46793, 20793: 146, 20794: 49332, 20795: 59008, 20796: 1188, 20797: 75421, 20798: 13699, 20799: 70373, 20800: 1482, 20802: 69242, 20803: 85710, 20804: 57309, 20805: 69242, 20806: 1391, 20807: 72051, 20808: 82067, 20809: 1291, 20810: 63099, 20811: 57070, 20813: 48266, 20814: 1482, 20815: 85687, 20816: 57455, 20817: 85687, 20818: 1391, 20819: 1502, 20820: 1167, 20821: 1116, 20822: 85687, 20823: 46494, 20824: 57417, 20825: 75453, 20826: 75379, 20827: 46494, 20828: 184, 20829: 67720, 20831: 57290, 20832: 57639, 20833: 1291, 20834: 728, 20835: 1502, 20836: 1583, 20837: 57070, 20838: 57070, 20840: 2048, 20841: 1412, 20842: 1357, 20843: 226, 20844: 57455, 20845: 65877, 20846: 1300, 20850: 65877, 20852: 90927, 20853: 51797, 20854: 72051, 20856: 46793, 20858: 48266, 20859: 82070, 20860: 63882, 20861: 63882, 20862: 82070, 20863: 82070, 20864: 395, 20872: 953, 20873: 395, 20874: 0, 20875: 91053, 20876: 683, 20877: 83288, 20881: 75379, 20883: 75453, 20884: 57972, 20885: 59008, 20886: 64727, 20887: 1540, 20888: 82070, 20889: 683, 20890: 64727, 20891: 1391, 20892: 82070, 20894: 85669, 20895: 64790, 20897: 1540, 20900: 1457, 20901: 75379, 20902: 72039, 20904: 63099, 20905: 522, 20906: 765, 20907: 1188, 20909: 65877, 20910: 182, 20911: 849, 20913: 72051, 20916: 85669, 20917: 87001, 20918: 73383, 20919: 63882, 20921: 58543, 20922: 82070, 20923: 690, 20925: 1294, 20926: 85700, 20928: 1300, 20929: 51797, 20930: 61726, 20931: 51797, 20932: 1288, 20933: 57290, 20934: 63099, 20935: 82070, 20936: 91053, 20937: 1399, 20938: 1193, 20939: 1502, 20940: 1223, 20941: 72039, 20942: 1399, 20943: 69985, 20944: 1193, 20948: 83288, 20949: 1193, 20950: 87001, 20951: 1300, 20953: 64727, 20954: 68173, 20955: 1457, 20956: 57639, 20958: 57639, 20959: 65877, 20960: 54448, 20961: 1012, 20962: 1300, 20963: 69995, 20964: 72039, 20965: 91053, 20966: 64790, 20967: 1054, 20968: 44206, 20969: 85700, 20970: 57972, 20971: 63756, 20973: 85710, 20974: 59008, 20975: 1154, 20977: 85710, 20978: 63756, 20979: 0, 20980: 63756, 20981: 49332, 20982: 72039, 20983: 1054, 20985: 72039, 20986: 728, 20987: 64790, 20988: 1054, 20990: 85710, 20992: 68650, 20993: 72039, 20995: 1012, 20997: 83288, 20998: 82070, 20999: 87001, 21000: 63882, 21001: 70500, 21002: 57639, 21003: 57972, 21005: 83288, 21006: 72051, 21007: 2048, 21008: 69995, 21009: 65877, 21011: 72039, 21012: 87001, 21013: 57290, 21014: 65877, 21015: 91053, 21016: 72051, 21017: 64790, 21018: 1193, 21019: 184, 21020: 69985, 21021: 1543, 21022: 75379, 21023: 63270, 21028: 86055, 21030: 85700, 21032: 52945, 21033: 35245, 21034: 1154, 21035: 58543, 21036: 35259, 21037: 1223, 21038: 728, 21039: 63270, 21041: 85700, 21043: 67720, 21045: 1188, 21047: 86055, 21050: 83288, 21053: 1294, 21055: 82080, 21056: 1585, 21057: 1107, 21058: 1107, 21059: 395, 21060: 1107, 21061: 46494, 21062: 1502, 21063: 1014, 21064: 57381, 21065: 1543, 21066: 1188, 21067: 683, 21068: 73383, 21069: 46494, 21070: 69990, 21072: 1107, 21073: 1182, 21074: 67720, 21075: 78645, 21077: 1540, 21084: 1617, 21085: 2114, 21086: 89226, 21087: 87984, 21091: 1012, 21092: 78631, 21093: 63270, 21096: 2114, 21097: 53429, 21098: 65941, 21099: 2114, 21100: 2076, 21101: 57649, 21102: 80140, 21103: 1457, 21104: 51797, 21105: 88653, 21106: 2346, 21107: 62344, 21108: 2346, 21109: 2114, 21110: 90942, 21112: 75379, 21113: 88653, 21115: 2346, 21116: 80140, 21117: 57649, 21118: 88486, 21119: 2076, 21120: 2076, 21121: 74355, 21123: 57649, 21124: 2076, 21125: 53429, 21126: 57649, 21127: 74355, 21128: 57649, 21129: 2114, 21130: 74355, 21132: 53429, 21133: 87984, 21134: 57649, 21135: 88653, 21136: 74355, 21138: 53429, 21139: 88653, 21140: 53429, 21141: 80140, 21142: 2346, 21143: 57649, 21144: 2114, 21145: 88653, 21146: 89226, 21147: 53429, 21148: 2114, 21149: 2076, 21150: 86213, 21151: 87984, 21153: 2114, 21154: 44206, 21155: 86157, 21156: 80140, 21157: 1188, 21159: 89226, 21163: 146, 21164: 86157, 21165: 88653, 21166: 88653, 21167: 80140, 21168: 2114, 21170: 88653, 21171: 53429, 21172: 57649, 21173: 56939, 21174: 90998, 21175: 1223, 21176: 56939, 21177: 56939, 21178: 57649, 21179: 86213, 21180: 90998, 21181: 86213, 21182: 86157, 21184: 56939, 21185: 86213, 21186: 86213, 21187: 0, 21188: 0, 21189: 0, 21190: 78631, 21191: 184, 21192: 59008, 21193: 57639, 21194: 0, 21195: 395, 21196: 1489, 21197: 57649, 21198: 74355, 21199: 2076, 21203: 90998, 21205: 74355, 21206: 86213, 21208: 87984, 21209: 89226, 21223: 683, 21226: 683, 21227: 1585, 21228: 68173, 21229: 0, 21230: 69990, 21231: 519, 21232: 57381, 21233: 1259, 21234: 805, 21235: 690, 21236: 71117, 21237: 71117, 21238: 1288, 21239: 805, 21240: 82080, 21241: 395, 21244: 64727, 21249: 0, 21262: 1489, 21265: 68182, 21271: 65161, 21279: 91053, 21280: 57639, 21288: 63756, 21290: 59008, 21298: 72051, 21303: 1457, 21304: 46494, 21305: 1294, 21306: 1167, 21307: 728, 21308: 1294, 21311: 1347, 21312: 88486, 21313: 1054, 21314: 1540, 21315: 1347, 21316: 71117, 21317: 765, 21318: 395, 21319: 1294, 21322: 69985, 21324: 71117, 21325: 550, 21326: 57455, 21327: 519, 21328: 35259, 21329: 805, 21331: 57972, 21333: 51797, 21334: 57455, 21335: 1357, 21336: 765, 21338: 1054, 21339: 1457, 21340: 1294, 21341: 765, 21344: 1288, 21345: 0, 21346: 57309, 21348: 63099, 21349: 0, 21351: 1259, 21354: 78626, 21356: 77145, 21357: 85646, 21358: 35245, 21363: 1347, 21366: 65941, 21369: 88486, 21370: 1054, 21378: 70342, 21384: 1188, 21398: 805, 21445: 2114, 21446: 58096, 21447: 1357, 21448: 35259, 21450: 69990, 21454: 48922, 21455: 1014, 21460: 13699, 21462: 1585, 21463: 57972, 21465: 0, 21468: 1347, 21470: 226, 21474: 1182, 21475: 1116, 21477: 48922, 21478: 44206, 21479: 1113, 21480: 13828, 21481: 75453, 21482: 1161, 21483: 0, 21484: 1182, 21487: 75453, 21488: 50588, 21489: 48266, 21490: 743, 21491: 245, 21492: 85687, 21493: 50453, 21494: 342}",0.0,filho
645498.7626956668,Cruzamento,1733628288.4555125,15,"{20331: 57070, 20332: 1182, 20333: 57309, 20334: 65341, 20335: 1412, 20336: 1412, 20337: 1084, 20338: 1482, 20339: 1617, 20340: 49332, 20341: 1583, 20342: 69242, 20343: 69990, 20344: 1182, 20345: 70342, 20346: 1084, 20347: 1489, 20348: 48266, 20349: 1347, 20350: 69990, 20351: 1347, 20352: 57309, 20353: 57257, 20354: 46793, 20355: 1347, 20356: 849, 20357: 1583, 20358: 2048, 20359: 1291, 20360: 765, 20361: 75421, 20362: 1489, 20363: 1412, 20364: 70342, 20365: 70171, 20366: 70171, 20367: 77145, 20368: 65341, 20369: 75453, 20370: 48266, 20371: 1347, 20372: 46793, 20373: 1617, 20378: 65341, 20379: 75421, 20380: 1489, 20381: 1182, 20383: 57257, 20384: 63099, 20385: 57257, 20386: 13699, 20387: 70342, 20388: 1084, 20389: 75421, 20392: 849, 20393: 69242, 20394: 51797, 20395: 48266, 20396: 449, 20397: 1583, 20398: 765, 20399: 44206, 20400: 46793, 20401: 1412, 20402: 48266, 20403: 184, 20404: 743, 20405: 82080, 20406: 728, 20407: 395, 20408: 449, 20409: 35259, 20410: 690, 20411: 67720, 20412: 75379, 20413: 1482, 20414: 67720, 20415: 71117, 20416: 70342, 20417: 57381, 20418: 82080, 20419: 519, 20421: 1294, 20422: 1489, 20423: 1585, 20427: 44206, 20428: 57381, 20429: 449, 20432: 1543, 20433: 449, 20434: 46494, 20436: 805, 20437: 69242, 20438: 69990, 20439: 1259, 20440: 743, 20441: 46494, 20442: 69985, 20443: 690, 20444: 82080, 20445: 805, 20446: 67720, 20447: 78645, 20449: 1012, 20450: 69995, 20451: 80479, 20452: 57455, 20453: 57455, 20454: 52945, 20455: 913, 20456: 50588, 20457: 51797, 20458: 913, 20459: 1161, 20460: 1585, 20461: 63270, 20462: 69995, 20463: 49332, 20465: 65341, 20466: 1012, 20467: 1291, 20468: 1107, 20469: 1259, 20471: 57381, 20472: 57381, 20473: 743, 20475: 72051, 20476: 1617, 20481: 1107, 20482: 75379, 20484: 52945, 20485: 75379, 20486: 54448, 20487: 449, 20488: 1188, 20489: 69990, 20490: 70342, 20491: 67720, 20492: 805, 20493: 1107, 20494: 46494, 20495: 683, 20496: 75453, 20497: 50588, 20499: 65877, 20501: 44206, 20503: 57639, 20504: 69990, 20505: 62344, 20506: 85710, 20507: 1357, 20508: 1161, 20509: 50588, 20510: 913, 20511: 85646, 20512: 70342, 20513: 1291, 20514: 64790, 20515: 913, 20517: 69995, 20518: 69995, 20519: 63270, 20520: 52945, 20521: 65161, 20522: 1161, 20523: 1259, 20524: 68173, 20525: 519, 20527: 82080, 20528: 1502, 20530: 46494, 20531: 59008, 20532: 805, 20533: 75421, 20534: 65161, 20535: 48922, 20536: 44206, 20537: 69985, 20538: 69990, 20539: 449, 20540: 690, 20541: 1617, 20542: 75958, 20543: 48922, 20544: 728, 20545: 91896, 20546: 71117, 20547: 64790, 20549: 80479, 20550: 51797, 20552: 1288, 20553: 1502, 20554: 57290, 20555: 62344, 20556: 65877, 20557: 75379, 20558: 1107, 20559: 1391, 20560: 65877, 20561: 85710, 20563: 1167, 20564: 57070, 20565: 69990, 20567: 849, 20569: 52945, 20570: 91896, 20571: 1585, 20572: 1288, 20573: 35259, 20574: 48922, 20575: 44206, 20576: 75958, 20577: 69985, 20578: 1347, 20579: 71117, 20580: 68173, 20581: 1014, 20582: 35259, 20583: 1288, 20584: 71117, 20585: 2048, 20587: 1012, 20588: 63270, 20589: 52945, 20590: 82080, 20591: 57455, 20592: 683, 20593: 805, 20594: 72051, 20595: 59008, 20596: 1347, 20597: 1585, 20599: 64727, 20600: 49332, 20601: 75379, 20602: 35245, 20605: 35245, 20606: 50588, 20607: 913, 20608: 57417, 20609: 1585, 20610: 1482, 20611: 1107, 20612: 686, 20613: 57309, 20614: 1167, 20615: 75453, 20616: 953, 20617: 61726, 20618: 85669, 20619: 1182, 20620: 1054, 20621: 1457, 20622: 849, 20624: 226, 20625: 1457, 20626: 69995, 20628: 1540, 20630: 69995, 20631: 449, 20633: 69242, 20634: 73383, 20635: 1583, 20636: 54448, 20637: 1583, 20638: 226, 20639: 1391, 20640: 52945, 20641: 85669, 20642: 62344, 20643: 1391, 20645: 52945, 20646: 85669, 20647: 57639, 20648: 686, 20650: 686, 20651: 1193, 20652: 58096, 20653: 1391, 20654: 953, 20655: 1482, 20656: 1084, 20659: 70342, 20661: 64727, 20662: 57309, 20663: 1161, 20669: 69242, 20670: 65877, 20671: 1540, 20672: 57972, 20673: 57639, 20675: 78631, 20676: 78631, 20677: 61726, 20678: 75379, 20680: 69990, 20681: 1188, 20684: 1543, 20688: 805, 20689: 50588, 20690: 64727, 20692: 1182, 20693: 58096, 20694: 913, 20695: 75453, 20696: 75379, 20697: 184, 20698: 85669, 20699: 70342, 20700: 54448, 20701: 54448, 20702: 1288, 20703: 66626, 20704: 1173, 20705: 50588, 20706: 57309, 20707: 54448, 20708: 1399, 20709: 1161, 20710: 1161, 20711: 1014, 20712: 0, 20713: 57257, 20714: 52945, 20715: 57290, 20716: 913, 20717: 58543, 20719: 54448, 20720: 75453, 20721: 1012, 20722: 46494, 20723: 1489, 20724: 80479, 20725: 78631, 20726: 46793, 20727: 62344, 20729: 48266, 20730: 1113, 20731: 743, 20732: 765, 20734: 690, 20735: 65877, 20736: 522, 20737: 44206, 20739: 65877, 20740: 1188, 20741: 1357, 20742: 1116, 20743: 78631, 20744: 69995, 20746: 69990, 20747: 57309, 20748: 1107, 20749: 57639, 20750: 849, 20751: 1012, 20752: 190, 20754: 743, 20757: 1585, 20758: 54448, 20759: 57639, 20761: 70373, 20762: 1084, 20763: 63099, 20764: 1617, 20765: 1347, 20766: 70373, 20768: 0, 20769: 519, 20770: 77145, 20773: 1347, 20774: 57290, 20775: 58096, 20777: 1182, 20778: 2048, 20779: 70500, 20781: 57290, 20782: 67720, 20784: 57070, 20785: 57070, 20786: 1167, 20789: 728, 20790: 58543, 20791: 184, 20792: 82085, 20793: 70500, 20794: 49332, 20795: 69242, 20796: 68650, 20797: 2048, 20798: 70373, 20799: 69242, 20800: 1482, 20802: 57381, 20803: 68650, 20804: 68650, 20805: 13699, 20806: 58543, 20807: 57381, 20808: 85687, 20809: 58096, 20810: 46793, 20811: 48266, 20813: 49332, 20814: 49332, 20815: 82067, 20816: 57309, 20817: 82067, 20818: 58096, 20819: 1502, 20820: 85669, 20821: 78631, 20822: 1399, 20823: 1014, 20824: 226, 20825: 849, 20826: 85710, 20827: 62344, 20828: 63270, 20829: 1259, 20831: 1391, 20832: 1399, 20833: 1617, 20834: 86055, 20835: 62344, 20836: 849, 20837: 0, 20838: 1347, 20840: 1583, 20841: 57455, 20842: 83288, 20843: 57290, 20844: 1482, 20845: 57639, 20846: 1223, 20850: 87001, 20852: 57309, 20853: 1457, 20854: 1585, 20856: 686, 20858: 70373, 20859: 82070, 20860: 63882, 20861: 63882, 20862: 82070, 20863: 82070, 20864: 395, 20872: 953, 20873: 226, 20874: 0, 20875: 64727, 20876: 805, 20877: 63882, 20881: 64727, 20883: 70500, 20884: 82070, 20885: 1391, 20886: 67720, 20887: 1457, 20888: 82070, 20889: 1502, 20890: 91053, 20891: 1391, 20892: 72039, 20894: 765, 20895: 44206, 20897: 85669, 20900: 1167, 20901: 68650, 20902: 83288, 20904: 1188, 20905: 73383, 20906: 849, 20907: 1188, 20909: 65877, 20910: 72051, 20911: 1107, 20913: 73383, 20916: 1116, 20917: 84328, 20918: 69990, 20919: 84328, 20921: 63099, 20922: 82070, 20923: 57381, 20925: 1294, 20926: 65941, 20928: 1300, 20929: 51797, 20930: 0, 20931: 1223, 20932: 64790, 20933: 743, 20934: 1193, 20935: 63882, 20936: 65941, 20937: 67720, 20938: 1193, 20939: 395, 20940: 65161, 20941: 87001, 20942: 75379, 20943: 57290, 20944: 59008, 20948: 65877, 20949: 1193, 20950: 63882, 20951: 64790, 20953: 64727, 20954: 48922, 20955: 1116, 20956: 58096, 20958: 63756, 20959: 87001, 20960: 1399, 20961: 1502, 20962: 184, 20963: 146, 20964: 72039, 20965: 65941, 20966: 59008, 20967: 85710, 20968: 75453, 20969: 1300, 20970: 72039, 20971: 59008, 20973: 1054, 20974: 63756, 20975: 58096, 20977: 1399, 20978: 1502, 20979: 1193, 20980: 63756, 20981: 57070, 20982: 83288, 20983: 57972, 20985: 83288, 20986: 1167, 20987: 0, 20988: 63756, 20990: 57972, 20992: 57417, 20993: 83288, 20995: 85710, 20997: 72039, 20998: 63882, 20999: 57972, 21000: 82070, 21001: 78631, 21002: 1167, 21003: 57972, 21005: 83288, 21006: 57070, 21007: 1300, 21008: 69995, 21009: 57972, 21011: 87001, 21012: 84328, 21013: 57639, 21014: 65877, 21015: 91053, 21016: 146, 21017: 85700, 21018: 35245, 21019: 63756, 21020: 68173, 21021: 1188, 21022: 63270, 21023: 1457, 21028: 86055, 21030: 85700, 21032: 54448, 21033: 728, 21034: 57417, 21035: 1399, 21036: 91896, 21037: 2048, 21038: 1457, 21039: 1300, 21041: 72051, 21043: 146, 21045: 75453, 21047: 57290, 21050: 57639, 21053: 1294, 21055: 82080, 21056: 57381, 21057: 449, 21058: 63756, 21059: 1107, 21060: 1107, 21061: 78645, 21062: 1014, 21063: 46494, 21064: 1014, 21065: 1188, 21066: 1259, 21067: 683, 21068: 72051, 21069: 72051, 21070: 57290, 21072: 71117, 21073: 69995, 21074: 1617, 21075: 78645, 21077: 1540, 21084: 67720, 21085: 88653, 21086: 90942, 21087: 57649, 21091: 85710, 21092: 58096, 21093: 85646, 21096: 2346, 21097: 74355, 21098: 63756, 21099: 2114, 21100: 2076, 21101: 2346, 21102: 2114, 21103: 1116, 21104: 59008, 21105: 80140, 21106: 2114, 21107: 73235, 21108: 56939, 21109: 56939, 21110: 80140, 21112: 1391, 21113: 89226, 21115: 2114, 21116: 89226, 21117: 80140, 21118: 83288, 21119: 89226, 21120: 2076, 21121: 74355, 21123: 80140, 21124: 88653, 21125: 88653, 21126: 74355, 21127: 56939, 21128: 74355, 21129: 74355, 21130: 53429, 21132: 57649, 21133: 87984, 21134: 53429, 21135: 56939, 21136: 53429, 21138: 57649, 21139: 56939, 21140: 57649, 21141: 86157, 21142: 80140, 21143: 53429, 21144: 2114, 21145: 53429, 21146: 89226, 21147: 88653, 21148: 53429, 21149: 80140, 21150: 80140, 21151: 86213, 21153: 53429, 21154: 1223, 21155: 86157, 21156: 87984, 21157: 1288, 21159: 2346, 21163: 146, 21164: 86157, 21165: 80140, 21166: 90998, 21167: 87984, 21168: 90998, 21170: 90998, 21171: 86213, 21172: 57649, 21173: 2076, 21174: 2114, 21175: 0, 21176: 2076, 21177: 87984, 21178: 88653, 21179: 56939, 21180: 2346, 21181: 57649, 21182: 86157, 21184: 87984, 21185: 0, 21186: 2076, 21187: 0, 21188: 0, 21189: 0, 21190: 63270, 21191: 184, 21192: 1223, 21193: 70500, 21194: 0, 21195: 1167, 21196: 70342, 21197: 74355, 21198: 2114, 21199: 86213, 21203: 2076, 21205: 53429, 21206: 86213, 21208: 87984, 21209: 89226, 21223: 1585, 21226: 1014, 21227: 69985, 21228: 46494, 21229: 395, 21230: 78645, 21231: 395, 21232: 1259, 21233: 683, 21234: 70342, 21235: 1259, 21236: 57381, 21237: 71117, 21238: 1543, 21239: 72051, 21240: 1107, 21241: 1347, 21244: 66626, 21249: 1012, 21262: 57070, 21265: 13699, 21271: 91053, 21279: 59008, 21280: 59008, 21288: 57290, 21290: 51797, 21298: 57639, 21303: 1347, 21304: 35259, 21305: 35259, 21306: 226, 21307: 64790, 21308: 1113, 21311: 1540, 21312: 1294, 21313: 35259, 21314: 88486, 21315: 57417, 21316: 1054, 21317: 1347, 21318: 57455, 21319: 51797, 21322: 690, 21324: 13828, 21325: 13828, 21326: 35259, 21327: 1347, 21328: 519, 21329: 78626, 21331: 72039, 21333: 57455, 21334: 57455, 21335: 226, 21336: 765, 21338: 1502, 21339: 1054, 21340: 1107, 21341: 1294, 21344: 1300, 21345: 72039, 21346: 91053, 21348: 63099, 21349: 0, 21351: 69990, 21354: 519, 21356: 90927, 21357: 75379, 21358: 184, 21363: 57257, 21366: 65941, 21369: 765, 21370: 63756, 21378: 68173, 21384: 44206, 21398: 78626, 21445: 74355, 21446: 62344, 21447: 1347, 21448: 67720, 21450: 1014, 21454: 68173, 21455: 683, 21460: 0, 21462: 82080, 21463: 61726, 21465: 0, 21468: 85669, 21470: 63756, 21474: 46494, 21475: 1012, 21477: 91896, 21478: 69990, 21479: 71117, 21480: 805, 21481: 85687, 21482: 1391, 21483: 0, 21484: 1167, 21487: 65941, 21488: 65161, 21489: 65161, 21490: 0, 21491: 1113, 21492: 1116, 21493: 50453, 21494: 342}",0.0,filho
641391.1939553331,Cruzamento,1733628291.5782588,16,"{20331: 57309, 20332: 65341, 20333: 82085, 20334: 57070, 20335: 1182, 20336: 1489, 20337: 1291, 20338: 1084, 20339: 184, 20340: 57309, 20341: 65341, 20342: 1182, 20343: 1489, 20344: 1489, 20345: 68182, 20346: 70373, 20347: 70342, 20348: 1084, 20349: 63099, 20350: 57309, 20351: 51797, 20352: 58096, 20353: 46793, 20354: 849, 20355: 48266, 20356: 1291, 20357: 58096, 20358: 1084, 20359: 46793, 20360: 69990, 20361: 1412, 20362: 765, 20363: 57455, 20364: 1291, 20365: 82085, 20366: 75453, 20367: 90927, 20368: 1617, 20369: 65341, 20370: 70342, 20371: 57070, 20372: 48266, 20373: 1412, 20378: 82085, 20379: 57455, 20380: 1391, 20381: 686, 20383: 13699, 20384: 686, 20385: 69990, 20386: 57257, 20387: 13699, 20388: 75421, 20389: 68182, 20392: 63099, 20393: 58096, 20394: 51797, 20395: 184, 20396: 1347, 20397: 65341, 20398: 2048, 20399: 805, 20400: 1084, 20401: 1482, 20402: 46793, 20403: 1482, 20404: 67720, 20405: 1107, 20406: 57381, 20407: 1502, 20408: 743, 20409: 743, 20410: 1347, 20411: 395, 20412: 1585, 20413: 1489, 20414: 449, 20415: 1188, 20416: 67720, 20417: 519, 20418: 46494, 20419: 71117, 20421: 1347, 20422: 1617, 20423: 1585, 20427: 72051, 20428: 48922, 20429: 44206, 20432: 683, 20433: 1502, 20434: 690, 20436: 1259, 20437: 57381, 20438: 48922, 20439: 683, 20440: 69985, 20441: 690, 20442: 69242, 20443: 46494, 20444: 522, 20445: 522, 20446: 69242, 20447: 69242, 20449: 69995, 20450: 57455, 20451: 1012, 20452: 54448, 20453: 1585, 20454: 50588, 20455: 52945, 20456: 50588, 20457: 63756, 20458: 65161, 20459: 1585, 20460: 1161, 20461: 80479, 20462: 57290, 20463: 1412, 20465: 69990, 20466: 1012, 20467: 57257, 20468: 67720, 20469: 743, 20471: 1014, 20472: 71117, 20473: 1107, 20475: 805, 20476: 690, 20481: 1107, 20482: 35245, 20484: 75379, 20485: 69995, 20486: 54448, 20487: 1502, 20488: 1188, 20489: 728, 20490: 71117, 20491: 57381, 20492: 44206, 20493: 1014, 20494: 91896, 20495: 72051, 20496: 849, 20497: 69995, 20499: 88486, 20501: 71117, 20503: 1357, 20504: 765, 20505: 1167, 20506: 1294, 20507: 65877, 20508: 54448, 20509: 46793, 20510: 52945, 20511: 75379, 20512: 52945, 20513: 1291, 20514: 69995, 20515: 70342, 20517: 63270, 20518: 913, 20519: 1012, 20520: 54448, 20521: 63270, 20522: 913, 20523: 519, 20524: 70342, 20525: 1259, 20527: 68173, 20528: 57381, 20530: 91896, 20531: 182, 20532: 71117, 20533: 75421, 20534: 35245, 20535: 71117, 20536: 44206, 20537: 75958, 20538: 35259, 20539: 70342, 20540: 67720, 20541: 1014, 20542: 48922, 20543: 59008, 20544: 1014, 20545: 449, 20546: 1585, 20547: 69995, 20549: 913, 20550: 1161, 20552: 1502, 20553: 728, 20554: 1188, 20555: 85710, 20556: 1182, 20557: 849, 20558: 1399, 20559: 1391, 20560: 1116, 20561: 57070, 20563: 78631, 20564: 44206, 20565: 1167, 20567: 1457, 20569: 63756, 20570: 59008, 20571: 743, 20572: 68173, 20573: 728, 20574: 70342, 20575: 1347, 20576: 44206, 20577: 690, 20578: 91896, 20579: 75958, 20580: 449, 20581: 69990, 20582: 35259, 20583: 69985, 20584: 91896, 20585: 75379, 20587: 63756, 20588: 85646, 20589: 913, 20590: 46494, 20591: 1259, 20592: 57290, 20593: 69985, 20594: 70342, 20595: 1502, 20596: 67720, 20597: 69985, 20599: 1585, 20600: 75379, 20601: 1161, 20602: 226, 20605: 35245, 20606: 64727, 20607: 1585, 20608: 1223, 20609: 64727, 20610: 1482, 20611: 65877, 20612: 69995, 20613: 1457, 20614: 69995, 20615: 686, 20616: 69990, 20617: 1540, 20618: 1116, 20619: 85710, 20620: 1107, 20621: 1107, 20622: 75453, 20624: 75453, 20625: 686, 20626: 953, 20628: 953, 20630: 66626, 20631: 1543, 20633: 46494, 20634: 690, 20635: 68182, 20636: 54448, 20637: 75421, 20638: 1288, 20639: 1391, 20640: 85669, 20641: 57639, 20642: 1193, 20643: 62344, 20645: 52945, 20646: 52945, 20647: 1193, 20648: 58096, 20650: 953, 20651: 85669, 20652: 1391, 20653: 57639, 20654: 686, 20655: 1583, 20656: 70342, 20659: 1173, 20661: 75379, 20662: 75453, 20663: 913, 20669: 69985, 20670: 35259, 20671: 57639, 20672: 65877, 20673: 73235, 20675: 61726, 20676: 75453, 20677: 1540, 20678: 78631, 20680: 1543, 20681: 728, 20684: 743, 20688: 82080, 20689: 1161, 20690: 66626, 20692: 57257, 20693: 58543, 20694: 913, 20695: 1489, 20696: 1161, 20697: 184, 20698: 62344, 20699: 50588, 20700: 1173, 20701: 63756, 20702: 1182, 20703: 54448, 20704: 63756, 20705: 64727, 20706: 69242, 20707: 63756, 20708: 1054, 20709: 1161, 20710: 1161, 20711: 68173, 20712: 0, 20713: 75421, 20714: 52945, 20715: 73383, 20716: 70342, 20717: 58543, 20719: 52945, 20720: 46793, 20721: 1012, 20722: 46494, 20723: 184, 20724: 46793, 20725: 78631, 20726: 80479, 20727: 1347, 20729: 1412, 20730: 57972, 20731: 1014, 20732: 83288, 20734: 57455, 20735: 62344, 20736: 73383, 20737: 59008, 20739: 75379, 20740: 1543, 20741: 85710, 20742: 75379, 20743: 686, 20744: 395, 20746: 1457, 20747: 49332, 20748: 1357, 20749: 63756, 20750: 1012, 20751: 85710, 20752: 46494, 20754: 1259, 20757: 1012, 20758: 35245, 20759: 58096, 20761: 63099, 20762: 75453, 20763: 1084, 20764: 1617, 20765: 1482, 20766: 75453, 20768: 0, 20769: 449, 20770: 77145, 20773: 63270, 20774: 1300, 20775: 57070, 20777: 57070, 20778: 146, 20779: 1347, 20781: 1543, 20782: 1223, 20784: 146, 20785: 146, 20786: 1154, 20789: 690, 20790: 58543, 20791: 1583, 20792: 49332, 20793: 728, 20794: 48266, 20795: 44206, 20796: 78631, 20797: 69242, 20798: 75421, 20799: 2048, 20800: 13699, 20802: 13828, 20803: 1288, 20804: 1154, 20805: 13699, 20806: 1391, 20807: 522, 20808: 85687, 20809: 1347, 20810: 46793, 20811: 70342, 20813: 70373, 20814: 2048, 20815: 85687, 20816: 184, 20817: 85687, 20818: 1347, 20819: 1502, 20820: 62344, 20821: 62344, 20822: 849, 20823: 805, 20824: 57309, 20825: 78631, 20826: 184, 20827: 69990, 20828: 70500, 20829: 1347, 20831: 57290, 20832: 1182, 20833: 1294, 20834: 72051, 20835: 1399, 20836: 58096, 20837: 70373, 20838: 1502, 20840: 49332, 20841: 1182, 20842: 58096, 20843: 1223, 20844: 82085, 20845: 85669, 20846: 1300, 20850: 72039, 20852: 1391, 20853: 1167, 20854: 82080, 20856: 46793, 20858: 70373, 20859: 82070, 20860: 82070, 20861: 63882, 20862: 63882, 20863: 82070, 20864: 395, 20872: 953, 20873: 35245, 20874: 0, 20875: 91053, 20876: 13828, 20877: 57972, 20881: 57417, 20883: 57639, 20884: 83288, 20885: 57417, 20886: 78631, 20887: 71117, 20888: 63882, 20889: 57381, 20890: 59008, 20891: 70500, 20892: 82070, 20894: 69990, 20895: 63270, 20897: 226, 20900: 953, 20901: 1223, 20902: 72039, 20904: 1300, 20905: 44206, 20906: 75453, 20907: 65941, 20909: 65877, 20910: 70342, 20911: 69995, 20913: 73383, 20916: 57309, 20917: 63882, 20918: 57290, 20919: 87001, 20921: 72051, 20922: 84328, 20923: 690, 20925: 1294, 20926: 65941, 20928: 72051, 20929: 85710, 20930: 61726, 20931: 64790, 20932: 69995, 20933: 805, 20934: 63099, 20935: 63882, 20936: 58543, 20937: 146, 20938: 1193, 20939: 35259, 20940: 72051, 20941: 82070, 20942: 67720, 20943: 48922, 20944: 64790, 20948: 63882, 20949: 57639, 20950: 72039, 20951: 64790, 20953: 63099, 20954: 48922, 20955: 1457, 20956: 63099, 20958: 1188, 20959: 87001, 20960: 64790, 20961: 1054, 20962: 51797, 20963: 1193, 20964: 83288, 20965: 57639, 20966: 1399, 20967: 85710, 20968: 59008, 20969: 70500, 20970: 65877, 20971: 52945, 20973: 1116, 20974: 57639, 20975: 63270, 20977: 57070, 20978: 57972, 20979: 1288, 20980: 64727, 20981: 57309, 20982: 72039, 20983: 1502, 20985: 65877, 20986: 1399, 20987: 1399, 20988: 1502, 20990: 1116, 20992: 70500, 20993: 72039, 20995: 63756, 20997: 87001, 20998: 63882, 20999: 87001, 21000: 82070, 21001: 48266, 21002: 1357, 21003: 83288, 21005: 65877, 21006: 57290, 21007: 1288, 21008: 686, 21009: 63882, 21011: 84328, 21012: 87001, 21013: 57417, 21014: 57972, 21015: 85700, 21016: 64790, 21017: 70500, 21018: 35245, 21019: 91053, 21020: 1347, 21021: 44206, 21022: 52945, 21023: 63270, 21028: 85700, 21030: 86055, 21032: 57417, 21033: 85710, 21034: 2048, 21035: 226, 21036: 67720, 21037: 68650, 21038: 395, 21039: 67720, 21041: 1193, 21043: 75379, 21045: 1300, 21047: 52945, 21050: 83288, 21053: 1294, 21055: 82080, 21056: 57381, 21057: 0, 21058: 1161, 21059: 395, 21060: 395, 21061: 78645, 21062: 78645, 21063: 1543, 21064: 46494, 21065: 68173, 21066: 44206, 21067: 1259, 21068: 46494, 21069: 48922, 21070: 1107, 21072: 69990, 21073: 1167, 21074: 67720, 21075: 78645, 21077: 1540, 21084: 1617, 21085: 87984, 21086: 80140, 21087: 90998, 21091: 1357, 21092: 1457, 21093: 85646, 21096: 57649, 21097: 57649, 21098: 63099, 21099: 2114, 21100: 74355, 21101: 2114, 21102: 56939, 21103: 1107, 21104: 91053, 21105: 2076, 21106: 57649, 21107: 57972, 21108: 74355, 21109: 53429, 21110: 80140, 21112: 1540, 21113: 57649, 21115: 89226, 21116: 57649, 21117: 74355, 21118: 58096, 21119: 80140, 21120: 80140, 21121: 56939, 21123: 56939, 21124: 2076, 21125: 53429, 21126: 53429, 21127: 88653, 21128: 74355, 21129: 2114, 21130: 74355, 21132: 57649, 21133: 90998, 21134: 57649, 21135: 80140, 21136: 57649, 21138: 53429, 21139: 89226, 21140: 57649, 21141: 87984, 21142: 80140, 21143: 74355, 21144: 2114, 21145: 2346, 21146: 89226, 21147: 2076, 21148: 53429, 21149: 56939, 21150: 86157, 21151: 2076, 21153: 74355, 21154: 146, 21155: 86213, 21156: 86157, 21157: 1188, 21159: 89226, 21163: 1288, 21164: 86157, 21165: 87984, 21166: 86213, 21167: 87984, 21168: 87984, 21170: 2346, 21171: 56939, 21172: 56939, 21173: 86213, 21174: 2076, 21175: 1188, 21176: 86213, 21177: 56939, 21178: 57649, 21179: 86213, 21180: 90998, 21181: 2114, 21182: 0, 21184: 86157, 21185: 0, 21186: 2076, 21187: 0, 21188: 1223, 21189: 0, 21190: 1457, 21191: 184, 21192: 65941, 21193: 1193, 21194: 0, 21195: 57290, 21196: 849, 21197: 53429, 21198: 74355, 21199: 2076, 21203: 86213, 21205: 2346, 21206: 90998, 21208: 87984, 21209: 89226, 21223: 743, 21226: 683, 21227: 449, 21228: 57290, 21229: 519, 21230: 57290, 21231: 1107, 21232: 57381, 21233: 82080, 21234: 82080, 21235: 522, 21236: 82080, 21237: 57290, 21238: 71117, 21239: 0, 21240: 805, 21241: 46494, 21244: 1173, 21249: 80479, 21262: 1391, 21265: 75421, 21271: 75453, 21279: 91053, 21280: 57639, 21288: 1188, 21290: 65941, 21298: 52945, 21303: 57455, 21304: 226, 21305: 88486, 21306: 1457, 21307: 226, 21308: 765, 21311: 46494, 21312: 63756, 21313: 35259, 21314: 88486, 21315: 64790, 21316: 63756, 21317: 1113, 21318: 64790, 21319: 1347, 21322: 82080, 21324: 395, 21325: 78626, 21326: 13828, 21327: 395, 21328: 13828, 21329: 550, 21331: 65877, 21333: 51797, 21334: 57455, 21335: 1113, 21336: 85669, 21338: 226, 21339: 71117, 21340: 1457, 21341: 1294, 21344: 51797, 21345: 0, 21346: 70500, 21348: 1193, 21349: 0, 21351: 72051, 21354: 13828, 21356: 57309, 21357: 64727, 21358: 226, 21363: 1412, 21366: 51797, 21369: 1347, 21370: 1357, 21378: 1014, 21384: 46494, 21398: 550, 21445: 53429, 21446: 57070, 21447: 1399, 21448: 69990, 21450: 78645, 21454: 48922, 21455: 1014, 21460: 13699, 21462: 1585, 21463: 57972, 21465: 0, 21468: 1347, 21470: 226, 21474: 1182, 21475: 1116, 21477: 48922, 21478: 44206, 21479: 1113, 21480: 13828, 21481: 75453, 21482: 1161, 21483: 0, 21484: 1182, 21487: 75453, 21488: 50588, 21489: 48266, 21490: 743, 21491: 245, 21492: 85687, 21493: 50453, 21494: 342}",0.0,filho
646681.2333576663,Cruzamento,1733628291.5782588,16,"{20331: 1294, 20332: 70342, 20333: 1482, 20334: 82085, 20335: 1294, 20336: 57257, 20337: 65341, 20338: 1182, 20339: 1084, 20340: 57309, 20341: 765, 20342: 2048, 20343: 69242, 20344: 849, 20345: 57257, 20346: 1412, 20347: 63099, 20348: 1084, 20349: 75453, 20350: 63099, 20351: 75453, 20352: 69242, 20353: 70342, 20354: 849, 20355: 1489, 20356: 1489, 20357: 849, 20358: 70342, 20359: 57257, 20360: 2048, 20361: 58096, 20362: 1412, 20363: 1489, 20364: 184, 20365: 1617, 20366: 70171, 20367: 57309, 20368: 90927, 20369: 1617, 20370: 48266, 20371: 70373, 20372: 49332, 20373: 1291, 20378: 1182, 20379: 69990, 20380: 70342, 20381: 57070, 20383: 1583, 20384: 686, 20385: 75421, 20386: 68182, 20387: 75421, 20388: 13699, 20389: 68182, 20392: 1291, 20393: 63099, 20394: 75453, 20395: 48266, 20396: 1543, 20397: 849, 20398: 75421, 20399: 70342, 20400: 58096, 20401: 57455, 20402: 1489, 20403: 1084, 20404: 57455, 20405: 1288, 20406: 519, 20407: 743, 20408: 71117, 20409: 1288, 20410: 57381, 20411: 449, 20412: 226, 20413: 58096, 20414: 1014, 20415: 46494, 20416: 805, 20417: 57290, 20418: 683, 20419: 1617, 20421: 65341, 20422: 82085, 20423: 1585, 20427: 68173, 20428: 78645, 20429: 48922, 20432: 44206, 20433: 1502, 20434: 57290, 20436: 182, 20437: 1188, 20438: 1502, 20439: 57381, 20440: 73383, 20441: 70342, 20442: 57381, 20443: 13828, 20444: 71117, 20445: 683, 20446: 1502, 20447: 71117, 20449: 50588, 20450: 913, 20451: 80479, 20452: 80479, 20453: 35245, 20454: 69995, 20455: 52945, 20456: 70342, 20457: 46793, 20458: 1012, 20459: 51797, 20460: 63756, 20461: 35245, 20462: 64790, 20463: 57257, 20465: 57070, 20466: 63756, 20467: 849, 20468: 743, 20469: 67720, 20471: 1014, 20472: 13828, 20473: 1188, 20475: 67720, 20476: 1259, 20481: 71117, 20482: 35245, 20484: 85646, 20485: 46793, 20486: 913, 20487: 743, 20488: 44206, 20489: 683, 20490: 519, 20491: 78645, 20492: 57381, 20493: 82080, 20494: 91896, 20495: 1585, 20496: 58096, 20497: 54448, 20499: 1054, 20501: 1347, 20503: 35259, 20504: 57070, 20505: 83288, 20506: 1012, 20507: 46494, 20508: 69995, 20509: 1012, 20510: 52945, 20511: 64727, 20512: 54448, 20513: 1291, 20514: 146, 20515: 52945, 20517: 35245, 20518: 226, 20519: 75379, 20520: 69995, 20521: 50588, 20522: 52945, 20523: 1543, 20524: 449, 20525: 728, 20527: 1617, 20528: 44206, 20530: 72051, 20531: 13828, 20532: 1259, 20533: 69990, 20534: 46793, 20535: 75958, 20536: 68173, 20537: 1617, 20538: 690, 20539: 69990, 20540: 1617, 20541: 71117, 20542: 1288, 20543: 449, 20544: 1014, 20545: 1585, 20546: 91896, 20547: 57070, 20549: 80479, 20550: 63270, 20552: 46494, 20553: 71117, 20554: 1288, 20555: 61726, 20556: 78631, 20557: 1391, 20558: 1502, 20559: 1399, 20560: 686, 20561: 46494, 20563: 65877, 20564: 1167, 20565: 85710, 20567: 69990, 20569: 51797, 20570: 743, 20571: 68173, 20572: 1347, 20573: 690, 20574: 67720, 20575: 449, 20576: 728, 20577: 48922, 20578: 1014, 20579: 1347, 20580: 35259, 20581: 75958, 20582: 48922, 20583: 743, 20584: 1347, 20585: 1543, 20587: 1161, 20588: 1012, 20589: 65161, 20590: 395, 20591: 449, 20592: 1188, 20593: 57290, 20594: 690, 20595: 522, 20596: 73383, 20597: 805, 20599: 1012, 20600: 63270, 20601: 63270, 20602: 35245, 20605: 226, 20606: 1161, 20607: 52945, 20608: 58096, 20609: 1173, 20610: 1084, 20611: 65877, 20612: 75453, 20613: 1457, 20614: 57309, 20615: 69995, 20616: 849, 20617: 1167, 20618: 1540, 20619: 765, 20620: 1457, 20621: 1167, 20622: 686, 20624: 1457, 20625: 65877, 20626: 686, 20628: 686, 20630: 66626, 20631: 519, 20633: 1107, 20634: 72051, 20635: 1084, 20636: 913, 20637: 1391, 20638: 146, 20639: 85669, 20640: 57639, 20641: 52945, 20642: 1391, 20643: 1193, 20645: 1391, 20646: 953, 20647: 686, 20648: 58096, 20650: 58096, 20651: 62344, 20652: 686, 20653: 1193, 20654: 85669, 20655: 1412, 20656: 184, 20659: 1585, 20661: 69995, 20662: 70373, 20663: 913, 20669: 522, 20670: 78631, 20671: 57639, 20672: 35259, 20673: 57972, 20675: 61726, 20676: 57972, 20677: 73235, 20678: 62344, 20680: 68173, 20681: 449, 20684: 1347, 20688: 1617, 20689: 69995, 20690: 52945, 20692: 57257, 20693: 85669, 20694: 66626, 20695: 1489, 20696: 1173, 20697: 1182, 20698: 58543, 20699: 63756, 20700: 50588, 20701: 913, 20702: 1167, 20703: 54448, 20704: 66626, 20705: 75379, 20706: 1182, 20707: 70342, 20708: 46494, 20709: 1161, 20710: 1161, 20711: 1543, 20712: 0, 20713: 75421, 20714: 52945, 20715: 690, 20716: 70342, 20717: 57639, 20719: 1585, 20720: 75453, 20721: 913, 20722: 805, 20723: 51797, 20724: 80479, 20725: 85669, 20726: 46793, 20727: 78631, 20729: 1617, 20730: 88486, 20731: 48922, 20732: 1054, 20734: 1288, 20735: 57309, 20736: 1014, 20737: 73383, 20739: 35259, 20740: 57455, 20741: 686, 20742: 1167, 20743: 1116, 20744: 68650, 20746: 69990, 20747: 91053, 20748: 58096, 20749: 69990, 20750: 686, 20751: 1399, 20752: 1502, 20754: 44206, 20757: 1161, 20758: 1012, 20759: 62344, 20761: 1482, 20762: 75453, 20763: 63099, 20764: 1084, 20765: 63099, 20766: 63099, 20768: 184, 20769: 395, 20770: 77145, 20773: 70500, 20774: 1154, 20775: 69990, 20777: 1391, 20778: 70500, 20779: 1399, 20781: 1457, 20782: 49332, 20784: 57290, 20785: 2048, 20786: 70500, 20789: 1347, 20790: 58543, 20791: 70342, 20792: 46793, 20793: 146, 20794: 49332, 20795: 59008, 20796: 1188, 20797: 75421, 20798: 13699, 20799: 70373, 20800: 1482, 20802: 69242, 20803: 85710, 20804: 57309, 20805: 69242, 20806: 1391, 20807: 72051, 20808: 82067, 20809: 1291, 20810: 63099, 20811: 57070, 20813: 48266, 20814: 1482, 20815: 85687, 20816: 57455, 20817: 85687, 20818: 1391, 20819: 1502, 20820: 1167, 20821: 1116, 20822: 85687, 20823: 46494, 20824: 57417, 20825: 75453, 20826: 75379, 20827: 46494, 20828: 184, 20829: 67720, 20831: 57290, 20832: 57639, 20833: 1291, 20834: 728, 20835: 1502, 20836: 1583, 20837: 57070, 20838: 57070, 20840: 2048, 20841: 1412, 20842: 1357, 20843: 226, 20844: 57455, 20845: 65877, 20846: 1300, 20850: 65877, 20852: 90927, 20853: 51797, 20854: 72051, 20856: 46793, 20858: 48266, 20859: 82070, 20860: 63882, 20861: 63882, 20862: 82070, 20863: 82070, 20864: 395, 20872: 953, 20873: 395, 20874: 0, 20875: 91053, 20876: 683, 20877: 83288, 20881: 75379, 20883: 75453, 20884: 57972, 20885: 59008, 20886: 64727, 20887: 1540, 20888: 82070, 20889: 683, 20890: 64727, 20891: 1391, 20892: 82070, 20894: 85669, 20895: 64790, 20897: 1540, 20900: 1457, 20901: 75379, 20902: 72039, 20904: 63099, 20905: 522, 20906: 765, 20907: 1188, 20909: 65877, 20910: 182, 20911: 849, 20913: 72051, 20916: 85669, 20917: 87001, 20918: 73383, 20919: 63882, 20921: 58543, 20922: 82070, 20923: 690, 20925: 1294, 20926: 85700, 20928: 1300, 20929: 51797, 20930: 61726, 20931: 51797, 20932: 1288, 20933: 57290, 20934: 63099, 20935: 82070, 20936: 91053, 20937: 1399, 20938: 1193, 20939: 1502, 20940: 1223, 20941: 72039, 20942: 1399, 20943: 69985, 20944: 1193, 20948: 83288, 20949: 1193, 20950: 87001, 20951: 1300, 20953: 64727, 20954: 68173, 20955: 1457, 20956: 57639, 20958: 57639, 20959: 65877, 20960: 54448, 20961: 1012, 20962: 1300, 20963: 69995, 20964: 72039, 20965: 91053, 20966: 64790, 20967: 1054, 20968: 44206, 20969: 85700, 20970: 57972, 20971: 63756, 20973: 85710, 20974: 59008, 20975: 1154, 20977: 85710, 20978: 63756, 20979: 0, 20980: 63756, 20981: 49332, 20982: 72039, 20983: 1054, 20985: 72039, 20986: 728, 20987: 64790, 20988: 1054, 20990: 85710, 20992: 68650, 20993: 72039, 20995: 1012, 20997: 83288, 20998: 82070, 20999: 87001, 21000: 63882, 21001: 70500, 21002: 57639, 21003: 57972, 21005: 83288, 21006: 72051, 21007: 2048, 21008: 69995, 21009: 65877, 21011: 72039, 21012: 87001, 21013: 57290, 21014: 65877, 21015: 91053, 21016: 72051, 21017: 64790, 21018: 1193, 21019: 184, 21020: 69985, 21021: 1543, 21022: 75379, 21023: 63270, 21028: 86055, 21030: 85700, 21032: 52945, 21033: 35245, 21034: 1154, 21035: 58543, 21036: 35259, 21037: 1223, 21038: 728, 21039: 63270, 21041: 85700, 21043: 67720, 21045: 1188, 21047: 86055, 21050: 83288, 21053: 1294, 21055: 82080, 21056: 1585, 21057: 1107, 21058: 1107, 21059: 395, 21060: 1107, 21061: 46494, 21062: 1502, 21063: 1014, 21064: 57381, 21065: 1543, 21066: 1188, 21067: 683, 21068: 73383, 21069: 46494, 21070: 69990, 21072: 1107, 21073: 1182, 21074: 67720, 21075: 78645, 21077: 1540, 21084: 1617, 21085: 2114, 21086: 89226, 21087: 87984, 21091: 1012, 21092: 78631, 21093: 63270, 21096: 2114, 21097: 53429, 21098: 65941, 21099: 2114, 21100: 2076, 21101: 57649, 21102: 80140, 21103: 1457, 21104: 51797, 21105: 88653, 21106: 2346, 21107: 62344, 21108: 2346, 21109: 2114, 21110: 90942, 21112: 75379, 21113: 88653, 21115: 2346, 21116: 80140, 21117: 57649, 21118: 88486, 21119: 2076, 21120: 2076, 21121: 74355, 21123: 57649, 21124: 2076, 21125: 53429, 21126: 57649, 21127: 74355, 21128: 57649, 21129: 2114, 21130: 74355, 21132: 53429, 21133: 87984, 21134: 57649, 21135: 88653, 21136: 74355, 21138: 53429, 21139: 88653, 21140: 53429, 21141: 80140, 21142: 2346, 21143: 57649, 21144: 2114, 21145: 88653, 21146: 89226, 21147: 53429, 21148: 2114, 21149: 2076, 21150: 86213, 21151: 87984, 21153: 2114, 21154: 44206, 21155: 86157, 21156: 80140, 21157: 1188, 21159: 89226, 21163: 146, 21164: 86157, 21165: 88653, 21166: 88653, 21167: 80140, 21168: 2114, 21170: 88653, 21171: 53429, 21172: 57649, 21173: 56939, 21174: 90998, 21175: 1223, 21176: 56939, 21177: 56939, 21178: 57649, 21179: 86213, 21180: 90998, 21181: 86213, 21182: 86157, 21184: 56939, 21185: 86213, 21186: 86213, 21187: 0, 21188: 0, 21189: 0, 21190: 78631, 21191: 184, 21192: 59008, 21193: 57639, 21194: 0, 21195: 395, 21196: 1489, 21197: 57649, 21198: 74355, 21199: 2076, 21203: 90998, 21205: 74355, 21206: 86213, 21208: 87984, 21209: 89226, 21223: 683, 21226: 683, 21227: 1585, 21228: 68173, 21229: 0, 21230: 69990, 21231: 519, 21232: 57381, 21233: 1259, 21234: 805, 21235: 690, 21236: 71117, 21237: 71117, 21238: 1288, 21239: 805, 21240: 82080, 21241: 395, 21244: 64727, 21249: 0, 21262: 1489, 21265: 68182, 21271: 65161, 21279: 91053, 21280: 57639, 21288: 63756, 21290: 59008, 21298: 72051, 21303: 1457, 21304: 46494, 21305: 1294, 21306: 1167, 21307: 728, 21308: 1294, 21311: 1347, 21312: 88486, 21313: 1054, 21314: 1540, 21315: 1347, 21316: 71117, 21317: 765, 21318: 395, 21319: 1294, 21322: 69985, 21324: 71117, 21325: 550, 21326: 57455, 21327: 519, 21328: 35259, 21329: 805, 21331: 57972, 21333: 51797, 21334: 57455, 21335: 1357, 21336: 765, 21338: 1054, 21339: 1457, 21340: 1294, 21341: 765, 21344: 1288, 21345: 0, 21346: 57309, 21348: 63099, 21349: 0, 21351: 1259, 21354: 78626, 21356: 77145, 21357: 85646, 21358: 35245, 21363: 1347, 21366: 65941, 21369: 88486, 21370: 1054, 21378: 70342, 21384: 1188, 21398: 805, 21445: 2114, 21446: 58096, 21447: 1357, 21448: 35259, 21450: 69990, 21454: 48922, 21455: 1014, 21460: 1482, 21462: 1585, 21463: 75453, 21465: 0, 21468: 1391, 21470: 226, 21474: 686, 21475: 1012, 21477: 91896, 21478: 61726, 21479: 1107, 21480: 519, 21481: 1161, 21482: 1161, 21483: 70373, 21484: 69995, 21487: 51797, 21488: 65161, 21489: 91053, 21490: 1259, 21491: 1113, 21492: 1161, 21493: 50453, 21494: 342}",0.0,filho
645033.3456523337,Cruzamento,1733628294.7565587,17,"{20331: 1294, 20332: 70342, 20333: 1482, 20334: 82085, 20335: 1294, 20336: 57257, 20337: 65341, 20338: 1182, 20339: 1084, 20340: 57309, 20341: 765, 20342: 2048, 20343: 69242, 20344: 849, 20345: 57257, 20346: 1412, 20347: 63099, 20348: 1084, 20349: 75453, 20350: 63099, 20351: 75453, 20352: 69242, 20353: 70342, 20354: 849, 20355: 1489, 20356: 1489, 20357: 849, 20358: 70342, 20359: 57257, 20360: 2048, 20361: 58096, 20362: 1412, 20363: 1489, 20364: 184, 20365: 1617, 20366: 70171, 20367: 57309, 20368: 90927, 20369: 1617, 20370: 48266, 20371: 70373, 20372: 49332, 20373: 1291, 20378: 1182, 20379: 69990, 20380: 70342, 20381: 57070, 20383: 1583, 20384: 686, 20385: 75421, 20386: 68182, 20387: 75421, 20388: 13699, 20389: 68182, 20392: 1291, 20393: 63099, 20394: 75453, 20395: 48266, 20396: 1543, 20397: 849, 20398: 75421, 20399: 70342, 20400: 58096, 20401: 57455, 20402: 1489, 20403: 1084, 20404: 57455, 20405: 1288, 20406: 519, 20407: 743, 20408: 71117, 20409: 1288, 20410: 57381, 20411: 449, 20412: 226, 20413: 58096, 20414: 1014, 20415: 46494, 20416: 805, 20417: 57290, 20418: 683, 20419: 1617, 20421: 65341, 20422: 82085, 20423: 1585, 20427: 68173, 20428: 78645, 20429: 48922, 20432: 44206, 20433: 1502, 20434: 57290, 20436: 182, 20437: 1188, 20438: 1502, 20439: 57381, 20440: 73383, 20441: 70342, 20442: 57381, 20443: 13828, 20444: 71117, 20445: 683, 20446: 1502, 20447: 71117, 20449: 50588, 20450: 913, 20451: 80479, 20452: 80479, 20453: 35245, 20454: 69995, 20455: 52945, 20456: 70342, 20457: 46793, 20458: 1012, 20459: 51797, 20460: 63756, 20461: 35245, 20462: 64790, 20463: 57257, 20465: 57070, 20466: 63756, 20467: 849, 20468: 743, 20469: 67720, 20471: 1014, 20472: 13828, 20473: 1188, 20475: 67720, 20476: 1259, 20481: 71117, 20482: 35245, 20484: 85646, 20485: 46793, 20486: 913, 20487: 743, 20488: 44206, 20489: 683, 20490: 519, 20491: 78645, 20492: 57381, 20493: 82080, 20494: 91896, 20495: 1585, 20496: 58096, 20497: 54448, 20499: 1054, 20501: 1347, 20503: 35259, 20504: 57070, 20505: 83288, 20506: 1012, 20507: 46494, 20508: 69995, 20509: 1012, 20510: 52945, 20511: 64727, 20512: 54448, 20513: 1291, 20514: 146, 20515: 52945, 20517: 35245, 20518: 226, 20519: 75379, 20520: 69995, 20521: 50588, 20522: 52945, 20523: 1543, 20524: 449, 20525: 728, 20527: 1617, 20528: 44206, 20530: 72051, 20531: 13828, 20532: 1259, 20533: 69990, 20534: 46793, 20535: 75958, 20536: 68173, 20537: 1617, 20538: 690, 20539: 69990, 20540: 1617, 20541: 71117, 20542: 1288, 20543: 449, 20544: 1014, 20545: 1585, 20546: 91896, 20547: 57070, 20549: 80479, 20550: 63270, 20552: 46494, 20553: 71117, 20554: 1288, 20555: 61726, 20556: 78631, 20557: 1391, 20558: 1502, 20559: 1399, 20560: 686, 20561: 46494, 20563: 65877, 20564: 1167, 20565: 85710, 20567: 69990, 20569: 51797, 20570: 743, 20571: 68173, 20572: 1347, 20573: 690, 20574: 67720, 20575: 449, 20576: 728, 20577: 48922, 20578: 1014, 20579: 1347, 20580: 35259, 20581: 75958, 20582: 48922, 20583: 743, 20584: 1347, 20585: 1543, 20587: 1161, 20588: 1012, 20589: 65161, 20590: 395, 20591: 449, 20592: 1188, 20593: 57290, 20594: 690, 20595: 522, 20596: 73383, 20597: 805, 20599: 1012, 20600: 63270, 20601: 63270, 20602: 35245, 20605: 226, 20606: 1161, 20607: 52945, 20608: 58096, 20609: 1173, 20610: 1084, 20611: 65877, 20612: 75453, 20613: 1457, 20614: 57309, 20615: 69995, 20616: 849, 20617: 1167, 20618: 1540, 20619: 765, 20620: 1457, 20621: 1167, 20622: 686, 20624: 1457, 20625: 65877, 20626: 686, 20628: 686, 20630: 66626, 20631: 519, 20633: 1107, 20634: 72051, 20635: 1084, 20636: 913, 20637: 1391, 20638: 146, 20639: 85669, 20640: 57639, 20641: 52945, 20642: 1391, 20643: 1193, 20645: 1391, 20646: 953, 20647: 686, 20648: 58096, 20650: 58096, 20651: 62344, 20652: 686, 20653: 1193, 20654: 85669, 20655: 1412, 20656: 184, 20659: 1585, 20661: 69995, 20662: 70373, 20663: 913, 20669: 522, 20670: 78631, 20671: 57639, 20672: 35259, 20673: 57972, 20675: 61726, 20676: 57972, 20677: 73235, 20678: 62344, 20680: 68173, 20681: 449, 20684: 1347, 20688: 1617, 20689: 69995, 20690: 52945, 20692: 57257, 20693: 85669, 20694: 66626, 20695: 1489, 20696: 1173, 20697: 1182, 20698: 58543, 20699: 63756, 20700: 50588, 20701: 913, 20702: 1167, 20703: 54448, 20704: 66626, 20705: 75379, 20706: 1182, 20707: 70342, 20708: 46494, 20709: 1161, 20710: 1161, 20711: 1543, 20712: 0, 20713: 75421, 20714: 52945, 20715: 690, 20716: 70342, 20717: 57639, 20719: 1585, 20720: 75453, 20721: 913, 20722: 805, 20723: 51797, 20724: 80479, 20725: 85669, 20726: 46793, 20727: 78631, 20729: 1617, 20730: 88486, 20731: 48922, 20732: 1054, 20734: 1288, 20735: 57309, 20736: 1014, 20737: 73383, 20739: 35259, 20740: 57455, 20741: 686, 20742: 1167, 20743: 1116, 20744: 68650, 20746: 69990, 20747: 91053, 20748: 58096, 20749: 69990, 20750: 686, 20751: 1399, 20752: 1502, 20754: 44206, 20757: 1161, 20758: 1012, 20759: 62344, 20761: 1482, 20762: 75453, 20763: 63099, 20764: 1084, 20765: 63099, 20766: 63099, 20768: 184, 20769: 395, 20770: 77145, 20773: 70500, 20774: 1154, 20775: 69990, 20777: 1391, 20778: 70500, 20779: 1399, 20781: 1457, 20782: 49332, 20784: 57290, 20785: 2048, 20786: 70500, 20789: 1347, 20790: 58543, 20791: 70342, 20792: 46793, 20793: 146, 20794: 49332, 20795: 59008, 20796: 1188, 20797: 75421, 20798: 13699, 20799: 70373, 20800: 1482, 20802: 69242, 20803: 85710, 20804: 57309, 20805: 69242, 20806: 1391, 20807: 72051, 20808: 82067, 20809: 1291, 20810: 63099, 20811: 57070, 20813: 48266, 20814: 1482, 20815: 85687, 20816: 57455, 20817: 85687, 20818: 1391, 20819: 1502, 20820: 1167, 20821: 1116, 20822: 85687, 20823: 46494, 20824: 57417, 20825: 75453, 20826: 75379, 20827: 46494, 20828: 184, 20829: 67720, 20831: 57290, 20832: 57639, 20833: 1291, 20834: 728, 20835: 1502, 20836: 1583, 20837: 57070, 20838: 57070, 20840: 2048, 20841: 1412, 20842: 1357, 20843: 226, 20844: 57455, 20845: 65877, 20846: 1300, 20850: 65877, 20852: 90927, 20853: 51797, 20854: 72051, 20856: 46793, 20858: 48266, 20859: 82070, 20860: 63882, 20861: 63882, 20862: 82070, 20863: 82070, 20864: 395, 20872: 953, 20873: 395, 20874: 0, 20875: 91053, 20876: 683, 20877: 83288, 20881: 75379, 20883: 75453, 20884: 57972, 20885: 59008, 20886: 64727, 20887: 1540, 20888: 82070, 20889: 683, 20890: 64727, 20891: 1391, 20892: 82070, 20894: 85669, 20895: 64790, 20897: 1540, 20900: 1457, 20901: 75379, 20902: 72039, 20904: 63099, 20905: 522, 20906: 765, 20907: 1188, 20909: 65877, 20910: 182, 20911: 849, 20913: 72051, 20916: 85669, 20917: 87001, 20918: 73383, 20919: 63882, 20921: 58543, 20922: 82070, 20923: 690, 20925: 1294, 20926: 85700, 20928: 1300, 20929: 51797, 20930: 61726, 20931: 51797, 20932: 1288, 20933: 57290, 20934: 63099, 20935: 82070, 20936: 91053, 20937: 1399, 20938: 1193, 20939: 1502, 20940: 1223, 20941: 72039, 20942: 1399, 20943: 69985, 20944: 1193, 20948: 83288, 20949: 1193, 20950: 87001, 20951: 1300, 20953: 64727, 20954: 68173, 20955: 1457, 20956: 57639, 20958: 57639, 20959: 65877, 20960: 54448, 20961: 1012, 20962: 1300, 20963: 69995, 20964: 72039, 20965: 91053, 20966: 64790, 20967: 1054, 20968: 44206, 20969: 85700, 20970: 57972, 20971: 63756, 20973: 85710, 20974: 59008, 20975: 1154, 20977: 85710, 20978: 63756, 20979: 0, 20980: 63756, 20981: 49332, 20982: 72039, 20983: 1054, 20985: 72039, 20986: 728, 20987: 64790, 20988: 1054, 20990: 85710, 20992: 68650, 20993: 72039, 20995: 1012, 20997: 83288, 20998: 82070, 20999: 87001, 21000: 63882, 21001: 70500, 21002: 57639, 21003: 57972, 21005: 83288, 21006: 72051, 21007: 2048, 21008: 69995, 21009: 65877, 21011: 72039, 21012: 87001, 21013: 57290, 21014: 65877, 21015: 91053, 21016: 72051, 21017: 64790, 21018: 1193, 21019: 184, 21020: 69985, 21021: 1543, 21022: 75379, 21023: 63270, 21028: 86055, 21030: 85700, 21032: 52945, 21033: 35245, 21034: 1154, 21035: 58543, 21036: 35259, 21037: 1223, 21038: 728, 21039: 63270, 21041: 85700, 21043: 67720, 21045: 1188, 21047: 86055, 21050: 83288, 21053: 1294, 21055: 82080, 21056: 1585, 21057: 1107, 21058: 1107, 21059: 395, 21060: 1107, 21061: 46494, 21062: 1502, 21063: 1014, 21064: 57381, 21065: 1543, 21066: 1188, 21067: 683, 21068: 73383, 21069: 46494, 21070: 69990, 21072: 1107, 21073: 1182, 21074: 67720, 21075: 78645, 21077: 1540, 21084: 1617, 21085: 2114, 21086: 89226, 21087: 87984, 21091: 1012, 21092: 78631, 21093: 63270, 21096: 2114, 21097: 53429, 21098: 65941, 21099: 2114, 21100: 2076, 21101: 57649, 21102: 80140, 21103: 1457, 21104: 51797, 21105: 88653, 21106: 2346, 21107: 62344, 21108: 2346, 21109: 2114, 21110: 80140, 21112: 1540, 21113: 57649, 21115: 89226, 21116: 57649, 21117: 74355, 21118: 58096, 21119: 80140, 21120: 80140, 21121: 56939, 21123: 56939, 21124: 2076, 21125: 53429, 21126: 53429, 21127: 88653, 21128: 74355, 21129: 2114, 21130: 74355, 21132: 57649, 21133: 90998, 21134: 57649, 21135: 80140, 21136: 57649, 21138: 53429, 21139: 89226, 21140: 57649, 21141: 87984, 21142: 80140, 21143: 74355, 21144: 2114, 21145: 2346, 21146: 89226, 21147: 2076, 21148: 53429, 21149: 56939, 21150: 86157, 21151: 2076, 21153: 74355, 21154: 146, 21155: 86213, 21156: 86157, 21157: 1188, 21159: 89226, 21163: 1288, 21164: 86157, 21165: 87984, 21166: 86213, 21167: 87984, 21168: 87984, 21170: 2346, 21171: 56939, 21172: 56939, 21173: 86213, 21174: 2076, 21175: 1188, 21176: 86213, 21177: 56939, 21178: 57649, 21179: 86213, 21180: 90998, 21181: 2114, 21182: 0, 21184: 86157, 21185: 0, 21186: 2076, 21187: 0, 21188: 1223, 21189: 0, 21190: 1457, 21191: 184, 21192: 65941, 21193: 1193, 21194: 0, 21195: 57290, 21196: 849, 21197: 53429, 21198: 74355, 21199: 2076, 21203: 86213, 21205: 2346, 21206: 90998, 21208: 87984, 21209: 89226, 21223: 743, 21226: 683, 21227: 449, 21228: 57290, 21229: 519, 21230: 57290, 21231: 1107, 21232: 57381, 21233: 82080, 21234: 82080, 21235: 522, 21236: 82080, 21237: 57290, 21238: 71117, 21239: 0, 21240: 805, 21241: 46494, 21244: 1173, 21249: 80479, 21262: 1391, 21265: 75421, 21271: 75453, 21279: 91053, 21280: 57639, 21288: 1188, 21290: 65941, 21298: 52945, 21303: 57455, 21304: 226, 21305: 88486, 21306: 1457, 21307: 226, 21308: 765, 21311: 46494, 21312: 63756, 21313: 35259, 21314: 88486, 21315: 64790, 21316: 63756, 21317: 1113, 21318: 64790, 21319: 1347, 21322: 82080, 21324: 395, 21325: 78626, 21326: 13828, 21327: 395, 21328: 13828, 21329: 550, 21331: 65877, 21333: 51797, 21334: 57455, 21335: 1113, 21336: 85669, 21338: 226, 21339: 71117, 21340: 1457, 21341: 1294, 21344: 51797, 21345: 0, 21346: 70500, 21348: 1193, 21349: 0, 21351: 72051, 21354: 13828, 21356: 57309, 21357: 64727, 21358: 226, 21363: 1412, 21366: 51797, 21369: 1347, 21370: 1357, 21378: 1014, 21384: 46494, 21398: 550, 21445: 53429, 21446: 57070, 21447: 1399, 21448: 69990, 21450: 78645, 21454: 48922, 21455: 1014, 21460: 1482, 21462: 1585, 21463: 75453, 21465: 0, 21468: 1391, 21470: 226, 21474: 686, 21475: 1012, 21477: 91896, 21478: 61726, 21479: 1107, 21480: 519, 21481: 1161, 21482: 1161, 21483: 70373, 21484: 69995, 21487: 51797, 21488: 65161, 21489: 91053, 21490: 1259, 21491: 1113, 21492: 1161, 21493: 50453, 21494: 342}",0.0,filho
632623.5369109993,Cruzamento,1733628294.7565587,17,"{20331: 57070, 20332: 1182, 20333: 57309, 20334: 65341, 20335: 1412, 20336: 1412, 20337: 1084, 20338: 1482, 20339: 1617, 20340: 49332, 20341: 1583, 20342: 69242, 20343: 69990, 20344: 1182, 20345: 70342, 20346: 1583, 20347: 1084, 20348: 69242, 20349: 1291, 20350: 1291, 20351: 46793, 20352: 46793, 20353: 1084, 20354: 75421, 20355: 51797, 20356: 1412, 20357: 1291, 20358: 2048, 20359: 765, 20360: 48266, 20361: 1583, 20362: 1617, 20363: 1583, 20364: 65341, 20365: 65341, 20366: 90927, 20367: 57309, 20368: 82085, 20369: 70171, 20370: 49332, 20371: 70373, 20372: 48266, 20373: 57455, 20378: 49332, 20379: 48266, 20380: 69242, 20381: 849, 20383: 63099, 20384: 68182, 20385: 57257, 20386: 1412, 20387: 70373, 20388: 1482, 20389: 63099, 20392: 57309, 20393: 69242, 20394: 686, 20395: 1294, 20396: 67720, 20397: 57257, 20398: 58096, 20399: 1585, 20400: 75421, 20401: 48266, 20402: 184, 20403: 75421, 20404: 35259, 20405: 67720, 20406: 728, 20407: 44206, 20408: 71117, 20409: 683, 20410: 743, 20411: 683, 20412: 75379, 20413: 1347, 20414: 71117, 20415: 57381, 20416: 35259, 20417: 82080, 20418: 70342, 20419: 67720, 20421: 57070, 20422: 57257, 20423: 1502, 20427: 1188, 20428: 72051, 20429: 70342, 20432: 1347, 20433: 70342, 20434: 57290, 20436: 46494, 20437: 57290, 20438: 1347, 20439: 68173, 20440: 1014, 20441: 57290, 20442: 743, 20443: 13828, 20444: 91896, 20445: 683, 20446: 57381, 20447: 805, 20449: 35245, 20450: 50588, 20451: 57455, 20452: 75379, 20453: 69995, 20454: 63270, 20455: 913, 20456: 35245, 20457: 63270, 20458: 1585, 20459: 63756, 20460: 63756, 20461: 1161, 20462: 64790, 20463: 69990, 20465: 1294, 20466: 1012, 20467: 184, 20468: 1502, 20469: 182, 20471: 46494, 20472: 69985, 20473: 67720, 20475: 73383, 20476: 728, 20481: 1288, 20482: 52945, 20484: 63270, 20485: 913, 20486: 52945, 20487: 69990, 20488: 1259, 20489: 743, 20490: 1502, 20491: 71117, 20492: 72051, 20493: 46494, 20494: 1502, 20495: 690, 20496: 1182, 20497: 80479, 20499: 78631, 20501: 71117, 20503: 57639, 20504: 1347, 20505: 1347, 20506: 1502, 20507: 765, 20508: 913, 20509: 1161, 20510: 913, 20511: 85646, 20512: 52945, 20513: 68182, 20514: 68650, 20515: 70342, 20517: 52945, 20518: 57455, 20519: 63756, 20520: 46793, 20521: 46793, 20522: 1012, 20523: 1543, 20524: 71117, 20525: 1259, 20527: 70342, 20528: 519, 20530: 1014, 20531: 690, 20532: 1288, 20533: 1291, 20534: 63756, 20535: 69985, 20536: 1014, 20537: 48922, 20538: 68173, 20539: 91896, 20540: 67720, 20541: 70342, 20542: 69990, 20543: 68173, 20544: 35259, 20545: 69985, 20546: 690, 20547: 2048, 20549: 75379, 20550: 35245, 20552: 1288, 20553: 57290, 20554: 395, 20555: 1391, 20556: 57070, 20557: 44206, 20558: 85687, 20559: 686, 20560: 1357, 20561: 69990, 20563: 78631, 20564: 1502, 20565: 85710, 20567: 57070, 20569: 1585, 20570: 1288, 20571: 1585, 20572: 71117, 20573: 91896, 20574: 91896, 20575: 1288, 20576: 68173, 20577: 1347, 20578: 449, 20579: 67720, 20580: 70342, 20581: 743, 20582: 70342, 20583: 690, 20584: 44206, 20585: 1300, 20587: 52945, 20588: 63756, 20589: 1161, 20590: 1014, 20591: 82080, 20592: 57290, 20593: 805, 20594: 743, 20595: 805, 20596: 57381, 20597: 72051, 20599: 51797, 20600: 68650, 20601: 75379, 20602: 226, 20605: 35245, 20606: 1161, 20607: 66626, 20608: 1223, 20609: 75379, 20610: 1084, 20611: 226, 20612: 1288, 20613: 85669, 20614: 1116, 20615: 69995, 20616: 71117, 20617: 1540, 20618: 75453, 20619: 57309, 20620: 61726, 20621: 1540, 20622: 69995, 20624: 69995, 20625: 65877, 20626: 849, 20628: 1107, 20630: 1585, 20631: 728, 20633: 82080, 20634: 73383, 20635: 63099, 20636: 52945, 20637: 1583, 20638: 728, 20639: 58096, 20640: 58096, 20641: 57639, 20642: 62344, 20643: 57639, 20645: 1193, 20646: 1391, 20647: 686, 20648: 62344, 20650: 953, 20651: 686, 20652: 85669, 20653: 85669, 20654: 686, 20655: 68182, 20656: 69242, 20659: 1173, 20661: 66626, 20662: 69990, 20663: 913, 20669: 46494, 20670: 1540, 20671: 73235, 20672: 57639, 20673: 1391, 20675: 65877, 20676: 61726, 20677: 73235, 20678: 35259, 20680: 1107, 20681: 805, 20684: 70342, 20688: 1188, 20689: 69995, 20690: 1585, 20692: 57309, 20693: 1167, 20694: 913, 20695: 1347, 20696: 63756, 20697: 1489, 20698: 58096, 20699: 1173, 20700: 1161, 20701: 69995, 20702: 62344, 20703: 54448, 20704: 50588, 20705: 52945, 20706: 75453, 20707: 75379, 20708: 57309, 20709: 1161, 20710: 0, 20711: 35259, 20712: 52945, 20713: 849, 20714: 52945, 20715: 46494, 20716: 913, 20717: 58096, 20719: 63270, 20720: 75453, 20721: 1012, 20722: 728, 20723: 70373, 20724: 46793, 20725: 62344, 20726: 80479, 20727: 75379, 20729: 69990, 20730: 1054, 20731: 69985, 20732: 1457, 20734: 57290, 20735: 62344, 20736: 73383, 20737: 805, 20739: 75453, 20740: 1259, 20741: 75379, 20742: 85669, 20743: 83288, 20744: 1457, 20746: 85687, 20747: 1347, 20748: 1357, 20749: 1116, 20750: 1357, 20751: 1107, 20752: 61726, 20754: 46494, 20757: 50588, 20758: 57455, 20759: 1193, 20761: 1617, 20762: 1617, 20763: 0, 20764: 75453, 20765: 70373, 20766: 1482, 20768: 184, 20769: 519, 20770: 77145, 20773: 70500, 20774: 75379, 20775: 1489, 20777: 1391, 20778: 70500, 20779: 1457, 20781: 57070, 20782: 1154, 20784: 1288, 20785: 395, 20786: 68650, 20789: 44206, 20790: 58543, 20791: 2048, 20792: 57309, 20793: 1154, 20794: 57070, 20795: 182, 20796: 57070, 20797: 70373, 20798: 2048, 20799: 13699, 20800: 1482, 20802: 82080, 20803: 1543, 20804: 1399, 20805: 70373, 20806: 58543, 20807: 1107, 20808: 82067, 20809: 1182, 20810: 46793, 20811: 49332, 20813: 1347, 20814: 1482, 20815: 82067, 20816: 184, 20817: 85687, 20818: 85710, 20819: 1502, 20820: 62344, 20821: 62344, 20822: 849, 20823: 805, 20824: 57309, 20825: 78631, 20826: 184, 20827: 69990, 20828: 70500, 20829: 1347, 20831: 57290, 20832: 1182, 20833: 1294, 20834: 72051, 20835: 1399, 20836: 58096, 20837: 70373, 20838: 1502, 20840: 49332, 20841: 1182, 20842: 58096, 20843: 1223, 20844: 82085, 20845: 85669, 20846: 1300, 20850: 72039, 20852: 1391, 20853: 1167, 20854: 82080, 20856: 46793, 20858: 70373, 20859: 82070, 20860: 82070, 20861: 63882, 20862: 63882, 20863: 82070, 20864: 395, 20872: 953, 20873: 35245, 20874: 0, 20875: 91053, 20876: 13828, 20877: 57972, 20881: 57417, 20883: 57639, 20884: 83288, 20885: 57417, 20886: 78631, 20887: 71117, 20888: 63882, 20889: 57381, 20890: 59008, 20891: 70500, 20892: 82070, 20894: 69990, 20895: 63270, 20897: 226, 20900: 953, 20901: 1223, 20902: 72039, 20904: 1300, 20905: 44206, 20906: 75453, 20907: 65941, 20909: 65877, 20910: 70342, 20911: 69995, 20913: 73383, 20916: 57309, 20917: 63882, 20918: 57290, 20919: 87001, 20921: 72051, 20922: 84328, 20923: 690, 20925: 1294, 20926: 65941, 20928: 72051, 20929: 85710, 20930: 61726, 20931: 64790, 20932: 69995, 20933: 805, 20934: 63099, 20935: 63882, 20936: 58543, 20937: 146, 20938: 1193, 20939: 35259, 20940: 72051, 20941: 82070, 20942: 67720, 20943: 48922, 20944: 64790, 20948: 63882, 20949: 57639, 20950: 72039, 20951: 64790, 20953: 63099, 20954: 48922, 20955: 1457, 20956: 63099, 20958: 1188, 20959: 87001, 20960: 64790, 20961: 1054, 20962: 51797, 20963: 1193, 20964: 83288, 20965: 57639, 20966: 1399, 20967: 85710, 20968: 59008, 20969: 70500, 20970: 65877, 20971: 52945, 20973: 1116, 20974: 57639, 20975: 63270, 20977: 57070, 20978: 57972, 20979: 1288, 20980: 64727, 20981: 57309, 20982: 72039, 20983: 1502, 20985: 65877, 20986: 1399, 20987: 1399, 20988: 1502, 20990: 1116, 20992: 70500, 20993: 72039, 20995: 63756, 20997: 87001, 20998: 63882, 20999: 87001, 21000: 82070, 21001: 48266, 21002: 1357, 21003: 83288, 21005: 65877, 21006: 57290, 21007: 1288, 21008: 686, 21009: 63882, 21011: 84328, 21012: 87001, 21013: 57417, 21014: 57972, 21015: 85700, 21016: 64790, 21017: 70500, 21018: 35245, 21019: 91053, 21020: 1347, 21021: 44206, 21022: 52945, 21023: 63270, 21028: 85700, 21030: 86055, 21032: 57417, 21033: 85710, 21034: 2048, 21035: 226, 21036: 67720, 21037: 68650, 21038: 395, 21039: 67720, 21041: 1193, 21043: 75379, 21045: 1300, 21047: 52945, 21050: 83288, 21053: 1294, 21055: 82080, 21056: 57381, 21057: 0, 21058: 1161, 21059: 395, 21060: 395, 21061: 78645, 21062: 78645, 21063: 1543, 21064: 46494, 21065: 68173, 21066: 44206, 21067: 1259, 21068: 46494, 21069: 48922, 21070: 1107, 21072: 69990, 21073: 1167, 21074: 67720, 21075: 78645, 21077: 1540, 21084: 1617, 21085: 87984, 21086: 80140, 21087: 90998, 21091: 1357, 21092: 1457, 21093: 85646, 21096: 57649, 21097: 57649, 21098: 63099, 21099: 2114, 21100: 74355, 21101: 2114, 21102: 56939, 21103: 1107, 21104: 91053, 21105: 2076, 21106: 57649, 21107: 57972, 21108: 74355, 21109: 53429, 21110: 90942, 21112: 75379, 21113: 88653, 21115: 2346, 21116: 80140, 21117: 57649, 21118: 88486, 21119: 2076, 21120: 2076, 21121: 74355, 21123: 57649, 21124: 2076, 21125: 53429, 21126: 57649, 21127: 74355, 21128: 57649, 21129: 2114, 21130: 74355, 21132: 53429, 21133: 87984, 21134: 57649, 21135: 88653, 21136: 74355, 21138: 53429, 21139: 88653, 21140: 53429, 21141: 80140, 21142: 2346, 21143: 57649, 21144: 2114, 21145: 88653, 21146: 89226, 21147: 53429, 21148: 2114, 21149: 2076, 21150: 86213, 21151: 87984, 21153: 2114, 21154: 44206, 21155: 86157, 21156: 80140, 21157: 1188, 21159: 89226, 21163: 146, 21164: 86157, 21165: 88653, 21166: 88653, 21167: 80140, 21168: 2114, 21170: 88653, 21171: 53429, 21172: 57649, 21173: 56939, 21174: 90998, 21175: 1223, 21176: 56939, 21177: 56939, 21178: 57649, 21179: 86213, 21180: 90998, 21181: 86213, 21182: 86157, 21184: 56939, 21185: 86213, 21186: 86213, 21187: 0, 21188: 0, 21189: 0, 21190: 78631, 21191: 184, 21192: 59008, 21193: 57639, 21194: 0, 21195: 395, 21196: 1489, 21197: 57649, 21198: 74355, 21199: 2076, 21203: 90998, 21205: 74355, 21206: 86213, 21208: 87984, 21209: 89226, 21223: 683, 21226: 683, 21227: 1585, 21228: 68173, 21229: 0, 21230: 69990, 21231: 519, 21232: 57381, 21233: 1259, 21234: 805, 21235: 690, 21236: 71117, 21237: 71117, 21238: 1288, 21239: 805, 21240: 82080, 21241: 395, 21244: 64727, 21249: 0, 21262: 1489, 21265: 68182, 21271: 65161, 21279: 91053, 21280: 57639, 21288: 63756, 21290: 59008, 21298: 72051, 21303: 1457, 21304: 46494, 21305: 1294, 21306: 1167, 21307: 728, 21308: 1294, 21311: 1347, 21312: 88486, 21313: 1054, 21314: 1540, 21315: 1347, 21316: 71117, 21317: 765, 21318: 395, 21319: 1294, 21322: 69985, 21324: 71117, 21325: 550, 21326: 57455, 21327: 519, 21328: 35259, 21329: 805, 21331: 57972, 21333: 51797, 21334: 57455, 21335: 1357, 21336: 765, 21338: 1054, 21339: 1457, 21340: 1294, 21341: 765, 21344: 1288, 21345: 0, 21346: 57309, 21348: 63099, 21349: 0, 21351: 1259, 21354: 78626, 21356: 77145, 21357: 85646, 21358: 35245, 21363: 1347, 21366: 65941, 21369: 88486, 21370: 1054, 21378: 70342, 21384: 1188, 21398: 805, 21445: 2114, 21446: 58096, 21447: 1357, 21448: 35259, 21450: 69990, 21454: 48922, 21455: 1014, 21460: 13699, 21462: 1585, 21463: 57972, 21465: 0, 21468: 1347, 21470: 226, 21474: 1182, 21475: 1116, 21477: 48922, 21478: 44206, 21479: 1113, 21480: 13828, 21481: 75453, 21482: 1161, 21483: 0, 21484: 1182, 21487: 75453, 21488: 50588, 21489: 48266, 21490: 743, 21491: 245, 21492: 85687, 21493: 50453, 21494: 342}",0.0,invalido
644588.8524623333,Cruzamento,1733628297.883591,18,"{20331: 1182, 20332: 1412, 20333: 1583, 20334: 49332, 20335: 49332, 20336: 82085, 20337: 75421, 20338: 57455, 20339: 49332, 20340: 849, 20341: 57309, 20342: 69242, 20343: 70342, 20344: 2048, 20345: 1291, 20346: 63099, 20347: 48266, 20348: 70373, 20349: 70342, 20350: 70373, 20351: 849, 20352: 63099, 20353: 184, 20354: 51797, 20355: 75421, 20356: 48266, 20357: 46793, 20358: 48266, 20359: 82085, 20360: 48266, 20361: 58096, 20362: 57070, 20363: 75421, 20364: 57070, 20365: 82085, 20366: 82085, 20367: 90927, 20368: 77145, 20369: 65341, 20370: 49332, 20371: 48266, 20372: 46793, 20373: 1347, 20378: 1347, 20379: 65341, 20380: 75453, 20381: 69242, 20383: 1391, 20384: 1391, 20385: 75421, 20386: 686, 20387: 686, 20388: 69990, 20389: 686, 20392: 48266, 20393: 57257, 20394: 849, 20395: 1583, 20396: 395, 20397: 1182, 20398: 1489, 20399: 1107, 20400: 65341, 20401: 1489, 20402: 1482, 20403: 58096, 20404: 44206, 20405: 57290, 20406: 57455, 20407: 71117, 20408: 1585, 20409: 69990, 20410: 1585, 20411: 68173, 20412: 75379, 20413: 1583, 20414: 68173, 20415: 395, 20416: 1014, 20417: 728, 20418: 1188, 20419: 71117, 20421: 2048, 20422: 1294, 20423: 82080, 20427: 46494, 20428: 78645, 20429: 78645, 20432: 449, 20433: 48922, 20434: 690, 20436: 59008, 20437: 1347, 20438: 70342, 20439: 57381, 20440: 690, 20441: 70342, 20442: 1585, 20443: 522, 20444: 522, 20445: 91896, 20446: 13828, 20447: 44206, 20449: 69995, 20450: 226, 20451: 52945, 20452: 1585, 20453: 63270, 20454: 57455, 20455: 70342, 20456: 63270, 20457: 50588, 20458: 63756, 20459: 63270, 20460: 1161, 20461: 75379, 20462: 1154, 20463: 1482, 20465: 2048, 20466: 65161, 20467: 1583, 20468: 1014, 20469: 57381, 20471: 72051, 20472: 1259, 20473: 1107, 20475: 743, 20476: 46494, 20481: 1543, 20482: 70342, 20484: 70342, 20485: 50588, 20486: 913, 20487: 1347, 20488: 1617, 20489: 71117, 20490: 1502, 20491: 82080, 20492: 67720, 20493: 46494, 20494: 522, 20495: 91896, 20496: 686, 20497: 226, 20499: 1457, 20501: 65877, 20503: 85710, 20504: 1167, 20505: 765, 20506: 57309, 20507: 57070, 20508: 1161, 20509: 50588, 20510: 70342, 20511: 85646, 20512: 54448, 20513: 69990, 20514: 35245, 20515: 913, 20517: 35245, 20518: 35245, 20519: 80479, 20520: 1012, 20521: 63756, 20522: 85646, 20523: 1288, 20524: 35259, 20525: 1502, 20527: 1543, 20528: 519, 20530: 67720, 20531: 1188, 20532: 690, 20533: 1084, 20534: 1161, 20535: 67720, 20536: 59008, 20537: 68173, 20538: 68173, 20539: 1585, 20540: 1347, 20541: 69990, 20542: 1617, 20543: 71117, 20544: 69985, 20545: 48922, 20546: 743, 20547: 91053, 20549: 913, 20550: 51797, 20552: 57381, 20553: 1347, 20554: 35259, 20555: 85687, 20556: 83288, 20557: 1116, 20558: 1167, 20559: 46494, 20560: 1457, 20561: 65877, 20563: 65877, 20564: 1391, 20565: 849, 20567: 1161, 20569: 51797, 20570: 728, 20571: 69985, 20572: 728, 20573: 75958, 20574: 44206, 20575: 91896, 20576: 1014, 20577: 1617, 20578: 71117, 20579: 69985, 20580: 743, 20581: 690, 20582: 35259, 20583: 71117, 20584: 1347, 20585: 184, 20587: 65161, 20588: 63270, 20589: 1161, 20590: 68173, 20591: 57455, 20592: 1288, 20593: 46494, 20594: 70342, 20595: 73383, 20596: 743, 20597: 44206, 20599: 51797, 20600: 54448, 20601: 80479, 20602: 226, 20605: 35245, 20606: 66626, 20607: 66626, 20608: 57417, 20609: 69995, 20610: 1084, 20611: 1054, 20612: 85710, 20613: 85669, 20614: 953, 20615: 226, 20616: 71117, 20617: 765, 20618: 1054, 20619: 75453, 20620: 61726, 20621: 765, 20622: 65877, 20624: 69990, 20625: 1116, 20626: 1288, 20628: 1540, 20630: 52945, 20631: 57381, 20633: 743, 20634: 182, 20635: 1084, 20636: 54448, 20637: 686, 20638: 54448, 20639: 85669, 20640: 1193, 20641: 52945, 20642: 57639, 20643: 62344, 20645: 58096, 20646: 953, 20647: 62344, 20648: 1391, 20650: 686, 20651: 57639, 20652: 1391, 20653: 1193, 20654: 58096, 20655: 70373, 20656: 1291, 20659: 66626, 20661: 54448, 20662: 46793, 20663: 54448, 20669: 683, 20670: 35259, 20671: 78631, 20672: 61726, 20673: 57309, 20675: 57972, 20676: 57972, 20677: 73235, 20678: 65877, 20680: 1585, 20681: 805, 20684: 805, 20688: 67720, 20689: 913, 20690: 52945, 20692: 58096, 20693: 85669, 20694: 1161, 20695: 58096, 20696: 70342, 20697: 70373, 20698: 62344, 20699: 75379, 20700: 63756, 20701: 1173, 20702: 85710, 20703: 1173, 20704: 1173, 20705: 50588, 20706: 63099, 20707: 75379, 20708: 1457, 20709: 1161, 20710: 0, 20711: 1259, 20712: 0, 20713: 1489, 20714: 52945, 20715: 46494, 20716: 1012, 20717: 85669, 20719: 75379, 20720: 57257, 20721: 70342, 20722: 57290, 20723: 1291, 20724: 46793, 20725: 1167, 20726: 0, 20727: 1457, 20729: 69990, 20730: 83288, 20731: 57290, 20732: 1054, 20734: 690, 20735: 57309, 20736: 522, 20737: 72051, 20739: 1540, 20740: 1617, 20741: 190, 20742: 1182, 20743: 1502, 20744: 146, 20746: 190, 20747: 58543, 20748: 1502, 20749: 85710, 20750: 1540, 20751: 63756, 20752: 46494, 20754: 71117, 20757: 46793, 20758: 913, 20759: 85669, 20761: 58096, 20762: 75453, 20763: 1482, 20764: 69990, 20765: 70373, 20766: 75453, 20768: 184, 20769: 395, 20770: 77145, 20773: 1188, 20774: 1347, 20775: 69242, 20777: 686, 20778: 57070, 20779: 1399, 20781: 57639, 20782: 78631, 20784: 52945, 20785: 35245, 20786: 2048, 20789: 1014, 20790: 1540, 20791: 1412, 20792: 65341, 20793: 1300, 20794: 70342, 20795: 73383, 20796: 1223, 20797: 1084, 20798: 70373, 20799: 13699, 20800: 2048, 20802: 82080, 20803: 75379, 20804: 395, 20805: 70373, 20806: 52945, 20807: 805, 20808: 82067, 20809: 1291, 20810: 46793, 20811: 49332, 20813: 48266, 20814: 1489, 20815: 82067, 20816: 82085, 20817: 82067, 20818: 85669, 20819: 67720, 20820: 78631, 20821: 1167, 20822: 62344, 20823: 1014, 20824: 57070, 20825: 69990, 20826: 67720, 20827: 190, 20828: 1154, 20829: 44206, 20831: 1391, 20832: 190, 20833: 184, 20834: 58543, 20835: 44206, 20836: 1182, 20837: 0, 20838: 78631, 20840: 57257, 20841: 765, 20842: 190, 20843: 1543, 20844: 82085, 20845: 190, 20846: 1167, 20850: 72039, 20852: 1391, 20853: 85710, 20854: 1014, 20856: 0, 20858: 48266, 20859: 82070, 20860: 63882, 20861: 63882, 20862: 82070, 20863: 82070, 20864: 395, 20872: 953, 20873: 35245, 20874: 184, 20875: 70500, 20876: 59008, 20877: 82070, 20881: 57417, 20883: 75379, 20884: 65877, 20885: 85646, 20886: 78631, 20887: 61726, 20888: 65877, 20889: 805, 20890: 57639, 20891: 64727, 20892: 65877, 20894: 1457, 20895: 1300, 20897: 71117, 20900: 61726, 20901: 75379, 20902: 72039, 20904: 184, 20905: 44206, 20906: 57309, 20907: 64790, 20909: 0, 20910: 67720, 20911: 69990, 20913: 522, 20916: 1457, 20917: 82070, 20918: 73383, 20919: 72039, 20921: 72051, 20922: 84328, 20923: 68173, 20925: 1294, 20926: 1188, 20928: 48266, 20929: 51797, 20930: 61726, 20931: 51797, 20932: 59008, 20933: 72051, 20934: 63099, 20935: 84328, 20936: 57639, 20937: 54448, 20938: 63099, 20939: 1107, 20940: 1347, 20941: 63882, 20942: 63756, 20943: 728, 20944: 1391, 20948: 57972, 20949: 64727, 20950: 72039, 20951: 1223, 20953: 59008, 20954: 1585, 20955: 1116, 20956: 1399, 20958: 65161, 20959: 57972, 20960: 146, 20961: 1502, 20962: 1223, 20963: 69995, 20964: 83288, 20965: 57639, 20966: 63099, 20967: 1054, 20968: 64727, 20969: 91053, 20970: 83288, 20971: 1193, 20973: 1054, 20974: 146, 20975: 1188, 20977: 78631, 20978: 57972, 20979: 64790, 20980: 64727, 20981: 67720, 20982: 83288, 20983: 1502, 20985: 87001, 20986: 91053, 20987: 59008, 20988: 85710, 20990: 63756, 20992: 64790, 20993: 87001, 20995: 1012, 20997: 83288, 20998: 82070, 20999: 83288, 21000: 63882, 21001: 1188, 21002: 1167, 21003: 57972, 21005: 72039, 21006: 57417, 21007: 54448, 21008: 953, 21009: 57972, 21011: 72039, 21012: 63882, 21013: 2048, 21014: 87001, 21015: 184, 21016: 65941, 21017: 58543, 21018: 85700, 21019: 75453, 21020: 1617, 21021: 63756, 21022: 2048, 21023: 1167, 21028: 86055, 21030: 85700, 21032: 1543, 21033: 146, 21034: 1167, 21035: 54448, 21036: 449, 21037: 1154, 21038: 85710, 21039: 226, 21041: 52945, 21043: 57417, 21045: 57639, 21047: 86055, 21050: 1182, 21053: 1294, 21055: 1585, 21056: 57381, 21057: 1107, 21058: 58096, 21059: 395, 21060: 1107, 21061: 72051, 21062: 683, 21063: 449, 21064: 1107, 21065: 44206, 21066: 57381, 21067: 1014, 21068: 72051, 21069: 72051, 21070: 57290, 21072: 57381, 21073: 849, 21074: 35259, 21075: 48922, 21077: 1540, 21084: 82080, 21085: 56939, 21086: 90942, 21087: 56939, 21091: 190, 21092: 1399, 21093: 2048, 21096: 2114, 21097: 2114, 21098: 51797, 21099: 87984, 21100: 74355, 21101: 80140, 21102: 56939, 21103: 1116, 21104: 1193, 21105: 88653, 21106: 74355, 21107: 61726, 21108: 53429, 21109: 2114, 21110: 89226, 21112: 75453, 21113: 2346, 21115: 89226, 21116: 53429, 21117: 74355, 21118: 35259, 21119: 74355, 21120: 2076, 21121: 88653, 21123: 80140, 21124: 88653, 21125: 2114, 21126: 2114, 21127: 74355, 21128: 53429, 21129: 57649, 21130: 74355, 21132: 53429, 21133: 90998, 21134: 53429, 21135: 89226, 21136: 2114, 21138: 57649, 21139: 88653, 21140: 74355, 21141: 56939, 21142: 89226, 21143: 53429, 21144: 2114, 21145: 2346, 21146: 89226, 21147: 88653, 21148: 53429, 21149: 86213, 21150: 80140, 21151: 87984, 21153: 80140, 21154: 146, 21155: 86213, 21156: 56939, 21157: 1188, 21159: 2076, 21163: 1223, 21164: 2076, 21165: 90998, 21166: 2346, 21167: 56939, 21168: 88653, 21170: 80140, 21171: 2076, 21172: 87984, 21173: 2076, 21174: 90998, 21175: 57417, 21176: 57649, 21177: 86157, 21178: 86213, 21179: 80140, 21180: 2346, 21181: 86213, 21182: 86157, 21184: 86157, 21185: 80140, 21186: 86213, 21187: 0, 21188: 0, 21189: 0, 21190: 91053, 21191: 184, 21192: 65941, 21193: 146, 21194: 0, 21195: 1300, 21196: 58096, 21197: 53429, 21198: 2114, 21199: 2076, 21203: 80140, 21205: 80140, 21206: 90998, 21208: 87984, 21209: 80140, 21223: 44206, 21226: 69990, 21227: 75958, 21228: 449, 21229: 519, 21230: 1014, 21231: 449, 21232: 78645, 21233: 69242, 21234: 78645, 21235: 78645, 21236: 1288, 21237: 1107, 21238: 1288, 21239: 1014, 21240: 1617, 21241: 395, 21244: 1173, 21249: 1012, 21262: 1489, 21265: 1412, 21271: 70500, 21279: 57417, 21280: 1391, 21288: 57070, 21290: 63270, 21298: 63270, 21303: 57455, 21304: 226, 21305: 1167, 21306: 1347, 21307: 1347, 21308: 1294, 21311: 1294, 21312: 46494, 21313: 765, 21314: 1113, 21315: 226, 21316: 1054, 21317: 46494, 21318: 64790, 21319: 765, 21322: 522, 21324: 1347, 21325: 78626, 21326: 805, 21327: 46494, 21328: 78626, 21329: 805, 21331: 65877, 21333: 51797, 21334: 57455, 21335: 71117, 21336: 1457, 21338: 1457, 21339: 1113, 21340: 63756, 21341: 51797, 21344: 1300, 21345: 65877, 21346: 1391, 21348: 63099, 21349: 0, 21351: 1259, 21354: 395, 21356: 77145, 21357: 85646, 21358: 226, 21363: 1294, 21366: 1223, 21369: 226, 21370: 1357, 21378: 1543, 21384: 69242, 21398: 550, 21445: 57649, 21446: 57639, 21447: 46494, 21448: 728, 21450: 69242, 21454: 57290, 21455: 449, 21460: 13699, 21462: 1502, 21463: 65877, 21465: 0, 21468: 1167, 21470: 1502, 21474: 1161, 21475: 63756, 21477: 75958, 21478: 1357, 21479: 46494, 21480: 805, 21481: 1116, 21482: 78631, 21483: 0, 21484: 69995, 21487: 63756, 21488: 51797, 21489: 85700, 21490: 1259, 21491: 245, 21492: 62344, 21493: 342, 21494: 50453}",0.0,filho
637295.4560293341,Cruzamento,1733628301.0190058,19,"{20331: 1294, 20332: 70342, 20333: 1482, 20334: 82085, 20335: 1294, 20336: 57257, 20337: 65341, 20338: 1182, 20339: 1084, 20340: 57309, 20341: 765, 20342: 2048, 20343: 69242, 20344: 849, 20345: 57257, 20346: 1412, 20347: 63099, 20348: 1084, 20349: 75453, 20350: 63099, 20351: 75453, 20352: 69242, 20353: 70342, 20354: 849, 20355: 1489, 20356: 1489, 20357: 849, 20358: 70342, 20359: 57257, 20360: 2048, 20361: 58096, 20362: 1412, 20363: 1489, 20364: 184, 20365: 1617, 20366: 70171, 20367: 57309, 20368: 90927, 20369: 1617, 20370: 48266, 20371: 70373, 20372: 49332, 20373: 1291, 20378: 1182, 20379: 69990, 20380: 70342, 20381: 57070, 20383: 1583, 20384: 686, 20385: 75421, 20386: 68182, 20387: 75421, 20388: 13699, 20389: 68182, 20392: 1291, 20393: 63099, 20394: 75453, 20395: 48266, 20396: 1543, 20397: 849, 20398: 75421, 20399: 70342, 20400: 58096, 20401: 57455, 20402: 1489, 20403: 1084, 20404: 57455, 20405: 1288, 20406: 519, 20407: 743, 20408: 71117, 20409: 1288, 20410: 57381, 20411: 449, 20412: 226, 20413: 58096, 20414: 1014, 20415: 46494, 20416: 805, 20417: 57290, 20418: 683, 20419: 1617, 20421: 65341, 20422: 82085, 20423: 1585, 20427: 68173, 20428: 78645, 20429: 48922, 20432: 44206, 20433: 1502, 20434: 57290, 20436: 182, 20437: 1188, 20438: 1502, 20439: 57381, 20440: 73383, 20441: 70342, 20442: 57381, 20443: 13828, 20444: 71117, 20445: 683, 20446: 1502, 20447: 71117, 20449: 50588, 20450: 913, 20451: 80479, 20452: 80479, 20453: 35245, 20454: 69995, 20455: 52945, 20456: 70342, 20457: 46793, 20458: 1012, 20459: 51797, 20460: 63756, 20461: 35245, 20462: 64790, 20463: 57257, 20465: 57070, 20466: 63756, 20467: 849, 20468: 743, 20469: 67720, 20471: 1014, 20472: 13828, 20473: 1188, 20475: 67720, 20476: 1259, 20481: 71117, 20482: 35245, 20484: 85646, 20485: 46793, 20486: 913, 20487: 743, 20488: 44206, 20489: 683, 20490: 519, 20491: 78645, 20492: 57381, 20493: 82080, 20494: 91896, 20495: 1585, 20496: 58096, 20497: 54448, 20499: 1054, 20501: 1347, 20503: 35259, 20504: 57070, 20505: 83288, 20506: 1012, 20507: 46494, 20508: 69995, 20509: 1012, 20510: 52945, 20511: 64727, 20512: 54448, 20513: 1291, 20514: 146, 20515: 52945, 20517: 35245, 20518: 226, 20519: 75379, 20520: 69995, 20521: 50588, 20522: 52945, 20523: 1543, 20524: 449, 20525: 728, 20527: 1617, 20528: 44206, 20530: 72051, 20531: 13828, 20532: 1259, 20533: 69990, 20534: 46793, 20535: 75958, 20536: 68173, 20537: 1617, 20538: 690, 20539: 69990, 20540: 1617, 20541: 71117, 20542: 1288, 20543: 449, 20544: 1014, 20545: 1585, 20546: 91896, 20547: 57070, 20549: 80479, 20550: 63270, 20552: 46494, 20553: 71117, 20554: 1288, 20555: 61726, 20556: 78631, 20557: 1391, 20558: 1502, 20559: 1399, 20560: 686, 20561: 46494, 20563: 65877, 20564: 1167, 20565: 85710, 20567: 69990, 20569: 51797, 20570: 743, 20571: 68173, 20572: 1347, 20573: 690, 20574: 67720, 20575: 449, 20576: 728, 20577: 48922, 20578: 1014, 20579: 1347, 20580: 35259, 20581: 75958, 20582: 48922, 20583: 743, 20584: 1347, 20585: 1543, 20587: 1161, 20588: 1012, 20589: 65161, 20590: 395, 20591: 449, 20592: 1188, 20593: 57290, 20594: 690, 20595: 522, 20596: 73383, 20597: 805, 20599: 1012, 20600: 63270, 20601: 63270, 20602: 35245, 20605: 226, 20606: 1161, 20607: 52945, 20608: 58096, 20609: 1173, 20610: 1084, 20611: 65877, 20612: 75453, 20613: 1457, 20614: 57309, 20615: 69995, 20616: 849, 20617: 1167, 20618: 1540, 20619: 765, 20620: 1457, 20621: 1167, 20622: 686, 20624: 1457, 20625: 65877, 20626: 686, 20628: 686, 20630: 66626, 20631: 519, 20633: 1107, 20634: 72051, 20635: 1084, 20636: 913, 20637: 1391, 20638: 146, 20639: 85669, 20640: 57639, 20641: 52945, 20642: 1391, 20643: 1193, 20645: 1391, 20646: 953, 20647: 686, 20648: 58096, 20650: 58096, 20651: 62344, 20652: 686, 20653: 1193, 20654: 85669, 20655: 1412, 20656: 184, 20659: 1585, 20661: 69995, 20662: 70373, 20663: 913, 20669: 522, 20670: 78631, 20671: 57639, 20672: 35259, 20673: 57972, 20675: 61726, 20676: 57972, 20677: 73235, 20678: 62344, 20680: 68173, 20681: 449, 20684: 1347, 20688: 1617, 20689: 69995, 20690: 52945, 20692: 57257, 20693: 85669, 20694: 66626, 20695: 1489, 20696: 1173, 20697: 1182, 20698: 58543, 20699: 63756, 20700: 50588, 20701: 913, 20702: 1167, 20703: 54448, 20704: 66626, 20705: 75379, 20706: 1182, 20707: 70342, 20708: 46494, 20709: 1161, 20710: 1161, 20711: 1543, 20712: 0, 20713: 75421, 20714: 52945, 20715: 690, 20716: 70342, 20717: 57639, 20719: 1585, 20720: 75453, 20721: 913, 20722: 805, 20723: 51797, 20724: 80479, 20725: 85669, 20726: 46793, 20727: 78631, 20729: 1617, 20730: 88486, 20731: 48922, 20732: 1054, 20734: 1288, 20735: 57309, 20736: 1014, 20737: 73383, 20739: 35259, 20740: 57455, 20741: 686, 20742: 1167, 20743: 1116, 20744: 68650, 20746: 69990, 20747: 91053, 20748: 58096, 20749: 69990, 20750: 686, 20751: 1399, 20752: 1502, 20754: 44206, 20757: 1161, 20758: 1012, 20759: 62344, 20761: 1482, 20762: 75453, 20763: 63099, 20764: 1084, 20765: 63099, 20766: 63099, 20768: 184, 20769: 395, 20770: 77145, 20773: 70500, 20774: 1154, 20775: 69990, 20777: 1391, 20778: 70500, 20779: 1399, 20781: 1457, 20782: 49332, 20784: 57290, 20785: 2048, 20786: 70500, 20789: 1347, 20790: 58543, 20791: 70342, 20792: 46793, 20793: 146, 20794: 49332, 20795: 59008, 20796: 1188, 20797: 75421, 20798: 13699, 20799: 70373, 20800: 1482, 20802: 69242, 20803: 85710, 20804: 57309, 20805: 69242, 20806: 1391, 20807: 72051, 20808: 82067, 20809: 1291, 20810: 63099, 20811: 57070, 20813: 48266, 20814: 1482, 20815: 85687, 20816: 57455, 20817: 85687, 20818: 1391, 20819: 1502, 20820: 1167, 20821: 1116, 20822: 85687, 20823: 46494, 20824: 57417, 20825: 75453, 20826: 75379, 20827: 46494, 20828: 70500, 20829: 1347, 20831: 57290, 20832: 1182, 20833: 1294, 20834: 72051, 20835: 1399, 20836: 58096, 20837: 70373, 20838: 1502, 20840: 49332, 20841: 1182, 20842: 58096, 20843: 1223, 20844: 82085, 20845: 85669, 20846: 1300, 20850: 72039, 20852: 1391, 20853: 1167, 20854: 82080, 20856: 46793, 20858: 70373, 20859: 82070, 20860: 82070, 20861: 63882, 20862: 63882, 20863: 82070, 20864: 395, 20872: 953, 20873: 35245, 20874: 0, 20875: 91053, 20876: 13828, 20877: 57972, 20881: 57417, 20883: 57639, 20884: 83288, 20885: 57417, 20886: 78631, 20887: 71117, 20888: 63882, 20889: 57381, 20890: 59008, 20891: 70500, 20892: 82070, 20894: 69990, 20895: 63270, 20897: 226, 20900: 953, 20901: 1223, 20902: 72039, 20904: 1300, 20905: 44206, 20906: 75453, 20907: 65941, 20909: 65877, 20910: 70342, 20911: 69995, 20913: 73383, 20916: 57309, 20917: 63882, 20918: 57290, 20919: 87001, 20921: 72051, 20922: 84328, 20923: 690, 20925: 1294, 20926: 65941, 20928: 72051, 20929: 85710, 20930: 61726, 20931: 64790, 20932: 69995, 20933: 805, 20934: 63099, 20935: 63882, 20936: 58543, 20937: 146, 20938: 1193, 20939: 35259, 20940: 72051, 20941: 82070, 20942: 67720, 20943: 48922, 20944: 64790, 20948: 63882, 20949: 57639, 20950: 72039, 20951: 64790, 20953: 63099, 20954: 48922, 20955: 1457, 20956: 63099, 20958: 1188, 20959: 87001, 20960: 64790, 20961: 1054, 20962: 51797, 20963: 1193, 20964: 83288, 20965: 57639, 20966: 1399, 20967: 85710, 20968: 59008, 20969: 70500, 20970: 65877, 20971: 52945, 20973: 1116, 20974: 57639, 20975: 63270, 20977: 57070, 20978: 57972, 20979: 1288, 20980: 64727, 20981: 57309, 20982: 72039, 20983: 1502, 20985: 65877, 20986: 1399, 20987: 1399, 20988: 1502, 20990: 1116, 20992: 70500, 20993: 72039, 20995: 63756, 20997: 87001, 20998: 63882, 20999: 87001, 21000: 82070, 21001: 48266, 21002: 1357, 21003: 83288, 21005: 65877, 21006: 57290, 21007: 1288, 21008: 686, 21009: 63882, 21011: 84328, 21012: 87001, 21013: 57417, 21014: 57972, 21015: 85700, 21016: 64790, 21017: 70500, 21018: 35245, 21019: 91053, 21020: 1347, 21021: 44206, 21022: 52945, 21023: 63270, 21028: 85700, 21030: 86055, 21032: 57417, 21033: 85710, 21034: 2048, 21035: 226, 21036: 67720, 21037: 68650, 21038: 395, 21039: 67720, 21041: 1193, 21043: 75379, 21045: 1300, 21047: 52945, 21050: 83288, 21053: 1294, 21055: 82080, 21056: 57381, 21057: 0, 21058: 1161, 21059: 395, 21060: 395, 21061: 78645, 21062: 78645, 21063: 1543, 21064: 46494, 21065: 68173, 21066: 44206, 21067: 1259, 21068: 46494, 21069: 48922, 21070: 1107, 21072: 69990, 21073: 1167, 21074: 67720, 21075: 78645, 21077: 1540, 21084: 1617, 21085: 87984, 21086: 80140, 21087: 90998, 21091: 1357, 21092: 1457, 21093: 85646, 21096: 57649, 21097: 57649, 21098: 63099, 21099: 2114, 21100: 74355, 21101: 2114, 21102: 56939, 21103: 1107, 21104: 91053, 21105: 2076, 21106: 57649, 21107: 57972, 21108: 74355, 21109: 53429, 21110: 80140, 21112: 1540, 21113: 57649, 21115: 89226, 21116: 57649, 21117: 74355, 21118: 58096, 21119: 80140, 21120: 80140, 21121: 56939, 21123: 56939, 21124: 2076, 21125: 53429, 21126: 53429, 21127: 88653, 21128: 74355, 21129: 2114, 21130: 74355, 21132: 57649, 21133: 90998, 21134: 57649, 21135: 80140, 21136: 57649, 21138: 53429, 21139: 89226, 21140: 57649, 21141: 87984, 21142: 80140, 21143: 74355, 21144: 2114, 21145: 2346, 21146: 89226, 21147: 2076, 21148: 53429, 21149: 56939, 21150: 86157, 21151: 2076, 21153: 74355, 21154: 146, 21155: 86213, 21156: 86157, 21157: 1188, 21159: 89226, 21163: 1288, 21164: 86157, 21165: 87984, 21166: 86213, 21167: 87984, 21168: 87984, 21170: 2346, 21171: 56939, 21172: 56939, 21173: 86213, 21174: 2076, 21175: 1188, 21176: 86213, 21177: 56939, 21178: 57649, 21179: 86213, 21180: 90998, 21181: 2114, 21182: 0, 21184: 86157, 21185: 0, 21186: 2076, 21187: 0, 21188: 1223, 21189: 0, 21190: 1457, 21191: 184, 21192: 65941, 21193: 1193, 21194: 0, 21195: 57290, 21196: 849, 21197: 53429, 21198: 74355, 21199: 2076, 21203: 86213, 21205: 2346, 21206: 90998, 21208: 87984, 21209: 89226, 21223: 743, 21226: 683, 21227: 449, 21228: 57290, 21229: 519, 21230: 57290, 21231: 1107, 21232: 57381, 21233: 82080, 21234: 82080, 21235: 522, 21236: 82080, 21237: 57290, 21238: 71117, 21239: 0, 21240: 805, 21241: 46494, 21244: 1173, 21249: 80479, 21262: 1391, 21265: 75421, 21271: 75453, 21279: 91053, 21280: 57639, 21288: 1188, 21290: 65941, 21298: 52945, 21303: 57455, 21304: 226, 21305: 88486, 21306: 1457, 21307: 226, 21308: 765, 21311: 46494, 21312: 63756, 21313: 35259, 21314: 88486, 21315: 64790, 21316: 63756, 21317: 1113, 21318: 64790, 21319: 1347, 21322: 82080, 21324: 395, 21325: 78626, 21326: 13828, 21327: 395, 21328: 13828, 21329: 550, 21331: 65877, 21333: 51797, 21334: 57455, 21335: 1113, 21336: 85669, 21338: 226, 21339: 71117, 21340: 1457, 21341: 1294, 21344: 51797, 21345: 0, 21346: 70500, 21348: 1193, 21349: 0, 21351: 72051, 21354: 13828, 21356: 57309, 21357: 64727, 21358: 226, 21363: 1412, 21366: 51797, 21369: 1347, 21370: 1357, 21378: 1014, 21384: 46494, 21398: 550, 21445: 53429, 21446: 57070, 21447: 1399, 21448: 69990, 21450: 78645, 21454: 48922, 21455: 1014, 21460: 13699, 21462: 1585, 21463: 57972, 21465: 0, 21468: 1347, 21470: 226, 21474: 1182, 21475: 1116, 21477: 48922, 21478: 44206, 21479: 1113, 21480: 13828, 21481: 75453, 21482: 1161, 21483: 0, 21484: 1182, 21487: 75453, 21488: 50588, 21489: 48266, 21490: 743, 21491: 245, 21492: 85687, 21493: 50453, 21494: 342}",0.0,filho
646497.3397086655,Cruzamento,1733628301.0190058,19,"{20331: 57309, 20332: 65341, 20333: 82085, 20334: 57070, 20335: 1182, 20336: 1489, 20337: 1291, 20338: 1084, 20339: 184, 20340: 57309, 20341: 65341, 20342: 1182, 20343: 1489, 20344: 1489, 20345: 68182, 20346: 70373, 20347: 70342, 20348: 1084, 20349: 63099, 20350: 57309, 20351: 51797, 20352: 58096, 20353: 46793, 20354: 849, 20355: 48266, 20356: 1291, 20357: 58096, 20358: 1084, 20359: 46793, 20360: 69990, 20361: 1412, 20362: 765, 20363: 57455, 20364: 1291, 20365: 82085, 20366: 75453, 20367: 90927, 20368: 1617, 20369: 65341, 20370: 70342, 20371: 57070, 20372: 48266, 20373: 1412, 20378: 82085, 20379: 57455, 20380: 1391, 20381: 686, 20383: 13699, 20384: 686, 20385: 69990, 20386: 57257, 20387: 13699, 20388: 75421, 20389: 68182, 20392: 63099, 20393: 58096, 20394: 51797, 20395: 184, 20396: 1347, 20397: 65341, 20398: 2048, 20399: 805, 20400: 1084, 20401: 1482, 20402: 46793, 20403: 1482, 20404: 67720, 20405: 1107, 20406: 57381, 20407: 1502, 20408: 743, 20409: 743, 20410: 1347, 20411: 395, 20412: 1585, 20413: 1489, 20414: 449, 20415: 1188, 20416: 67720, 20417: 519, 20418: 46494, 20419: 71117, 20421: 1347, 20422: 1617, 20423: 1585, 20427: 72051, 20428: 48922, 20429: 44206, 20432: 683, 20433: 1502, 20434: 690, 20436: 1259, 20437: 57381, 20438: 48922, 20439: 683, 20440: 69985, 20441: 690, 20442: 69242, 20443: 46494, 20444: 522, 20445: 522, 20446: 69242, 20447: 69242, 20449: 69995, 20450: 57455, 20451: 1012, 20452: 54448, 20453: 1585, 20454: 50588, 20455: 52945, 20456: 50588, 20457: 63756, 20458: 65161, 20459: 1585, 20460: 1161, 20461: 80479, 20462: 57290, 20463: 1412, 20465: 69990, 20466: 1012, 20467: 57257, 20468: 67720, 20469: 743, 20471: 1014, 20472: 71117, 20473: 1107, 20475: 805, 20476: 690, 20481: 1107, 20482: 35245, 20484: 75379, 20485: 69995, 20486: 54448, 20487: 1502, 20488: 1188, 20489: 728, 20490: 71117, 20491: 57381, 20492: 44206, 20493: 1014, 20494: 91896, 20495: 72051, 20496: 849, 20497: 69995, 20499: 88486, 20501: 71117, 20503: 1357, 20504: 765, 20505: 1167, 20506: 1294, 20507: 65877, 20508: 54448, 20509: 46793, 20510: 52945, 20511: 75379, 20512: 52945, 20513: 1291, 20514: 69995, 20515: 70342, 20517: 63270, 20518: 913, 20519: 1012, 20520: 54448, 20521: 63270, 20522: 913, 20523: 519, 20524: 70342, 20525: 1259, 20527: 68173, 20528: 57381, 20530: 91896, 20531: 182, 20532: 71117, 20533: 75421, 20534: 35245, 20535: 71117, 20536: 44206, 20537: 75958, 20538: 35259, 20539: 70342, 20540: 67720, 20541: 1014, 20542: 48922, 20543: 59008, 20544: 1014, 20545: 449, 20546: 1585, 20547: 69995, 20549: 913, 20550: 1161, 20552: 1502, 20553: 728, 20554: 1188, 20555: 85710, 20556: 1182, 20557: 849, 20558: 1399, 20559: 1391, 20560: 1116, 20561: 57070, 20563: 78631, 20564: 44206, 20565: 1167, 20567: 1457, 20569: 63756, 20570: 59008, 20571: 743, 20572: 68173, 20573: 728, 20574: 70342, 20575: 1347, 20576: 44206, 20577: 690, 20578: 91896, 20579: 75958, 20580: 449, 20581: 69990, 20582: 35259, 20583: 69985, 20584: 91896, 20585: 75379, 20587: 63756, 20588: 85646, 20589: 913, 20590: 46494, 20591: 1259, 20592: 57290, 20593: 69985, 20594: 70342, 20595: 1502, 20596: 67720, 20597: 69985, 20599: 1585, 20600: 75379, 20601: 1161, 20602: 226, 20605: 35245, 20606: 64727, 20607: 1585, 20608: 1223, 20609: 64727, 20610: 1482, 20611: 65877, 20612: 69995, 20613: 1457, 20614: 69995, 20615: 686, 20616: 69990, 20617: 1540, 20618: 1116, 20619: 85710, 20620: 1107, 20621: 1107, 20622: 75453, 20624: 75453, 20625: 686, 20626: 953, 20628: 953, 20630: 66626, 20631: 1543, 20633: 46494, 20634: 690, 20635: 68182, 20636: 54448, 20637: 75421, 20638: 1288, 20639: 1391, 20640: 85669, 20641: 57639, 20642: 1193, 20643: 62344, 20645: 52945, 20646: 52945, 20647: 1193, 20648: 58096, 20650: 953, 20651: 85669, 20652: 1391, 20653: 57639, 20654: 686, 20655: 1583, 20656: 70342, 20659: 1173, 20661: 75379, 20662: 75453, 20663: 913, 20669: 69985, 20670: 35259, 20671: 57639, 20672: 65877, 20673: 73235, 20675: 61726, 20676: 75453, 20677: 1540, 20678: 78631, 20680: 1543, 20681: 728, 20684: 743, 20688: 82080, 20689: 1161, 20690: 66626, 20692: 57257, 20693: 58543, 20694: 913, 20695: 1489, 20696: 1161, 20697: 184, 20698: 62344, 20699: 50588, 20700: 1173, 20701: 63756, 20702: 1182, 20703: 54448, 20704: 63756, 20705: 64727, 20706: 69242, 20707: 63756, 20708: 1054, 20709: 1161, 20710: 1161, 20711: 68173, 20712: 0, 20713: 75421, 20714: 52945, 20715: 73383, 20716: 70342, 20717: 58543, 20719: 52945, 20720: 46793, 20721: 1012, 20722: 46494, 20723: 184, 20724: 46793, 20725: 78631, 20726: 80479, 20727: 1347, 20729: 1412, 20730: 57972, 20731: 1014, 20732: 83288, 20734: 57455, 20735: 62344, 20736: 73383, 20737: 59008, 20739: 75379, 20740: 1543, 20741: 85710, 20742: 75379, 20743: 686, 20744: 395, 20746: 1457, 20747: 49332, 20748: 1357, 20749: 63756, 20750: 1012, 20751: 85710, 20752: 46494, 20754: 1259, 20757: 1012, 20758: 35245, 20759: 58096, 20761: 63099, 20762: 75453, 20763: 1084, 20764: 1617, 20765: 1482, 20766: 75453, 20768: 0, 20769: 449, 20770: 77145, 20773: 63270, 20774: 1300, 20775: 57070, 20777: 57070, 20778: 146, 20779: 1347, 20781: 1543, 20782: 1223, 20784: 146, 20785: 146, 20786: 1154, 20789: 690, 20790: 58543, 20791: 1583, 20792: 49332, 20793: 728, 20794: 48266, 20795: 44206, 20796: 78631, 20797: 69242, 20798: 75421, 20799: 2048, 20800: 13699, 20802: 13828, 20803: 1288, 20804: 1154, 20805: 13699, 20806: 1391, 20807: 522, 20808: 85687, 20809: 1347, 20810: 46793, 20811: 70342, 20813: 70373, 20814: 2048, 20815: 85687, 20816: 184, 20817: 85687, 20818: 1347, 20819: 1502, 20820: 62344, 20821: 62344, 20822: 849, 20823: 805, 20824: 57309, 20825: 78631, 20826: 184, 20827: 69990, 20828: 184, 20829: 67720, 20831: 57290, 20832: 57639, 20833: 1291, 20834: 728, 20835: 1502, 20836: 1583, 20837: 57070, 20838: 57070, 20840: 2048, 20841: 1412, 20842: 1357, 20843: 226, 20844: 57455, 20845: 65877, 20846: 1300, 20850: 65877, 20852: 90927, 20853: 51797, 20854: 72051, 20856: 46793, 20858: 48266, 20859: 82070, 20860: 63882, 20861: 63882, 20862: 82070, 20863: 82070, 20864: 395, 20872: 953, 20873: 395, 20874: 0, 20875: 91053, 20876: 683, 20877: 83288, 20881: 75379, 20883: 75453, 20884: 57972, 20885: 59008, 20886: 64727, 20887: 1540, 20888: 82070, 20889: 683, 20890: 64727, 20891: 1391, 20892: 82070, 20894: 85669, 20895: 64790, 20897: 1540, 20900: 1457, 20901: 75379, 20902: 72039, 20904: 63099, 20905: 522, 20906: 765, 20907: 1188, 20909: 65877, 20910: 182, 20911: 849, 20913: 72051, 20916: 85669, 20917: 87001, 20918: 73383, 20919: 63882, 20921: 58543, 20922: 82070, 20923: 690, 20925: 1294, 20926: 85700, 20928: 1300, 20929: 51797, 20930: 61726, 20931: 51797, 20932: 1288, 20933: 57290, 20934: 63099, 20935: 82070, 20936: 91053, 20937: 1399, 20938: 1193, 20939: 1502, 20940: 1223, 20941: 72039, 20942: 1399, 20943: 69985, 20944: 1193, 20948: 83288, 20949: 1193, 20950: 87001, 20951: 1300, 20953: 64727, 20954: 68173, 20955: 1457, 20956: 57639, 20958: 57639, 20959: 65877, 20960: 54448, 20961: 1012, 20962: 1300, 20963: 69995, 20964: 72039, 20965: 91053, 20966: 64790, 20967: 1054, 20968: 44206, 20969: 85700, 20970: 57972, 20971: 63756, 20973: 85710, 20974: 59008, 20975: 1154, 20977: 85710, 20978: 63756, 20979: 0, 20980: 63756, 20981: 49332, 20982: 72039, 20983: 1054, 20985: 72039, 20986: 728, 20987: 64790, 20988: 1054, 20990: 85710, 20992: 68650, 20993: 72039, 20995: 1012, 20997: 83288, 20998: 82070, 20999: 87001, 21000: 63882, 21001: 70500, 21002: 57639, 21003: 57972, 21005: 83288, 21006: 72051, 21007: 2048, 21008: 69995, 21009: 65877, 21011: 72039, 21012: 87001, 21013: 57290, 21014: 65877, 21015: 91053, 21016: 72051, 21017: 64790, 21018: 1193, 21019: 184, 21020: 69985, 21021: 1543, 21022: 75379, 21023: 63270, 21028: 86055, 21030: 85700, 21032: 52945, 21033: 35245, 21034: 1154, 21035: 58543, 21036: 35259, 21037: 1223, 21038: 728, 21039: 63270, 21041: 85700, 21043: 67720, 21045: 1188, 21047: 86055, 21050: 83288, 21053: 1294, 21055: 82080, 21056: 1585, 21057: 1107, 21058: 1107, 21059: 395, 21060: 1107, 21061: 46494, 21062: 1502, 21063: 1014, 21064: 57381, 21065: 1543, 21066: 1188, 21067: 683, 21068: 73383, 21069: 46494, 21070: 69990, 21072: 1107, 21073: 1182, 21074: 67720, 21075: 78645, 21077: 1540, 21084: 1617, 21085: 2114, 21086: 89226, 21087: 87984, 21091: 1012, 21092: 78631, 21093: 63270, 21096: 2114, 21097: 53429, 21098: 65941, 21099: 2114, 21100: 2076, 21101: 57649, 21102: 80140, 21103: 1457, 21104: 51797, 21105: 88653, 21106: 2346, 21107: 62344, 21108: 2346, 21109: 2114, 21110: 90942, 21112: 75379, 21113: 88653, 21115: 2346, 21116: 80140, 21117: 57649, 21118: 88486, 21119: 2076, 21120: 2076, 21121: 74355, 21123: 57649, 21124: 2076, 21125: 53429, 21126: 57649, 21127: 74355, 21128: 57649, 21129: 2114, 21130: 74355, 21132: 53429, 21133: 87984, 21134: 57649, 21135: 88653, 21136: 74355, 21138: 53429, 21139: 88653, 21140: 53429, 21141: 80140, 21142: 2346, 21143: 57649, 21144: 2114, 21145: 88653, 21146: 89226, 21147: 53429, 21148: 2114, 21149: 2076, 21150: 86213, 21151: 87984, 21153: 2114, 21154: 44206, 21155: 86157, 21156: 80140, 21157: 1188, 21159: 89226, 21163: 146, 21164: 86157, 21165: 88653, 21166: 88653, 21167: 80140, 21168: 2114, 21170: 88653, 21171: 53429, 21172: 57649, 21173: 56939, 21174: 90998, 21175: 1223, 21176: 56939, 21177: 56939, 21178: 57649, 21179: 86213, 21180: 90998, 21181: 86213, 21182: 86157, 21184: 56939, 21185: 86213, 21186: 86213, 21187: 0, 21188: 0, 21189: 0, 21190: 78631, 21191: 184, 21192: 59008, 21193: 57639, 21194: 0, 21195: 395, 21196: 1489, 21197: 57649, 21198: 74355, 21199: 2076, 21203: 90998, 21205: 74355, 21206: 86213, 21208: 87984, 21209: 89226, 21223: 683, 21226: 683, 21227: 1585, 21228: 68173, 21229: 0, 21230: 69990, 21231: 519, 21232: 57381, 21233: 1259, 21234: 805, 21235: 690, 21236: 71117, 21237: 71117, 21238: 1288, 21239: 805, 21240: 82080, 21241: 395, 21244: 64727, 21249: 0, 21262: 1489, 21265: 68182, 21271: 65161, 21279: 91053, 21280: 57639, 21288: 63756, 21290: 59008, 21298: 72051, 21303: 1457, 21304: 46494, 21305: 1294, 21306: 1167, 21307: 728, 21308: 1294, 21311: 1347, 21312: 88486, 21313: 1054, 21314: 1540, 21315: 1347, 21316: 71117, 21317: 765, 21318: 395, 21319: 1294, 21322: 69985, 21324: 71117, 21325: 550, 21326: 57455, 21327: 519, 21328: 35259, 21329: 805, 21331: 57972, 21333: 51797, 21334: 57455, 21335: 1357, 21336: 765, 21338: 1054, 21339: 1457, 21340: 1294, 21341: 765, 21344: 1288, 21345: 0, 21346: 57309, 21348: 63099, 21349: 0, 21351: 1259, 21354: 78626, 21356: 77145, 21357: 85646, 21358: 35245, 21363: 1347, 21366: 65941, 21369: 88486, 21370: 1054, 21378: 70342, 21384: 1188, 21398: 805, 21445: 2114, 21446: 58096, 21447: 1357, 21448: 35259, 21450: 69990, 21454: 48922, 21455: 1014, 21460: 1482, 21462: 1585, 21463: 75453, 21465: 0, 21468: 1391, 21470: 226, 21474: 686, 21475: 1012, 21477: 91896, 21478: 61726, 21479: 1107, 21480: 519, 21481: 1161, 21482: 1161, 21483: 70373, 21484: 69995, 21487: 51797, 21488: 65161, 21489: 91053, 21490: 1259, 21491: 1113, 21492: 1161, 21493: 50453, 21494: 342}",0.0,filho
644439.7348486668,Cruzamento,1733628304.1458778,20,"{20331: 57070, 20332: 1182, 20333: 57309, 20334: 65341, 20335: 1412, 20336: 1412, 20337: 1084, 20338: 1482, 20339: 1617, 20340: 49332, 20341: 1583, 20342: 69242, 20343: 69990, 20344: 1182, 20345: 70342, 20346: 1583, 20347: 1084, 20348: 69242, 20349: 1291, 20350: 1291, 20351: 46793, 20352: 46793, 20353: 1084, 20354: 75421, 20355: 51797, 20356: 1412, 20357: 1291, 20358: 2048, 20359: 765, 20360: 2048, 20361: 58096, 20362: 1412, 20363: 1489, 20364: 184, 20365: 1617, 20366: 70171, 20367: 57309, 20368: 90927, 20369: 1617, 20370: 48266, 20371: 70373, 20372: 49332, 20373: 1291, 20378: 1182, 20379: 69990, 20380: 70342, 20381: 57070, 20383: 1583, 20384: 686, 20385: 75421, 20386: 68182, 20387: 75421, 20388: 13699, 20389: 68182, 20392: 1291, 20393: 63099, 20394: 75453, 20395: 48266, 20396: 1543, 20397: 849, 20398: 75421, 20399: 70342, 20400: 58096, 20401: 57455, 20402: 1489, 20403: 1084, 20404: 57455, 20405: 1288, 20406: 519, 20407: 743, 20408: 71117, 20409: 1288, 20410: 57381, 20411: 449, 20412: 226, 20413: 58096, 20414: 1014, 20415: 46494, 20416: 805, 20417: 57290, 20418: 683, 20419: 1617, 20421: 65341, 20422: 82085, 20423: 1585, 20427: 68173, 20428: 78645, 20429: 48922, 20432: 44206, 20433: 1502, 20434: 57290, 20436: 182, 20437: 1188, 20438: 1502, 20439: 57381, 20440: 73383, 20441: 70342, 20442: 57381, 20443: 13828, 20444: 71117, 20445: 683, 20446: 1502, 20447: 71117, 20449: 50588, 20450: 913, 20451: 80479, 20452: 80479, 20453: 35245, 20454: 69995, 20455: 52945, 20456: 70342, 20457: 46793, 20458: 1012, 20459: 51797, 20460: 63756, 20461: 35245, 20462: 64790, 20463: 57257, 20465: 57070, 20466: 63756, 20467: 849, 20468: 743, 20469: 67720, 20471: 1014, 20472: 13828, 20473: 1188, 20475: 67720, 20476: 1259, 20481: 71117, 20482: 35245, 20484: 85646, 20485: 46793, 20486: 913, 20487: 743, 20488: 44206, 20489: 683, 20490: 519, 20491: 78645, 20492: 57381, 20493: 82080, 20494: 91896, 20495: 1585, 20496: 58096, 20497: 54448, 20499: 1054, 20501: 1347, 20503: 35259, 20504: 57070, 20505: 83288, 20506: 1294, 20507: 65877, 20508: 54448, 20509: 46793, 20510: 52945, 20511: 75379, 20512: 52945, 20513: 1291, 20514: 69995, 20515: 70342, 20517: 63270, 20518: 913, 20519: 1012, 20520: 54448, 20521: 63270, 20522: 913, 20523: 519, 20524: 70342, 20525: 1259, 20527: 68173, 20528: 57381, 20530: 91896, 20531: 182, 20532: 71117, 20533: 75421, 20534: 35245, 20535: 71117, 20536: 44206, 20537: 75958, 20538: 35259, 20539: 70342, 20540: 67720, 20541: 1014, 20542: 48922, 20543: 59008, 20544: 1014, 20545: 449, 20546: 1585, 20547: 69995, 20549: 913, 20550: 1161, 20552: 1502, 20553: 728, 20554: 1188, 20555: 85710, 20556: 1182, 20557: 849, 20558: 1399, 20559: 1391, 20560: 1116, 20561: 57070, 20563: 78631, 20564: 44206, 20565: 1167, 20567: 1457, 20569: 63756, 20570: 59008, 20571: 743, 20572: 68173, 20573: 728, 20574: 70342, 20575: 1347, 20576: 44206, 20577: 690, 20578: 91896, 20579: 75958, 20580: 449, 20581: 69990, 20582: 35259, 20583: 69985, 20584: 91896, 20585: 75379, 20587: 63756, 20588: 85646, 20589: 913, 20590: 46494, 20591: 1259, 20592: 57290, 20593: 69985, 20594: 70342, 20595: 1502, 20596: 67720, 20597: 69985, 20599: 1585, 20600: 75379, 20601: 1161, 20602: 226, 20605: 35245, 20606: 64727, 20607: 1585, 20608: 1223, 20609: 64727, 20610: 1482, 20611: 65877, 20612: 69995, 20613: 1457, 20614: 69995, 20615: 686, 20616: 69990, 20617: 1540, 20618: 1116, 20619: 85710, 20620: 1107, 20621: 1107, 20622: 75453, 20624: 75453, 20625: 686, 20626: 953, 20628: 953, 20630: 66626, 20631: 1543, 20633: 46494, 20634: 690, 20635: 68182, 20636: 54448, 20637: 75421, 20638: 1288, 20639: 1391, 20640: 85669, 20641: 57639, 20642: 1193, 20643: 62344, 20645: 52945, 20646: 52945, 20647: 1193, 20648: 58096, 20650: 953, 20651: 85669, 20652: 1391, 20653: 57639, 20654: 686, 20655: 1583, 20656: 70342, 20659: 1173, 20661: 75379, 20662: 75453, 20663: 913, 20669: 69985, 20670: 35259, 20671: 57639, 20672: 65877, 20673: 73235, 20675: 61726, 20676: 75453, 20677: 1540, 20678: 78631, 20680: 1543, 20681: 728, 20684: 743, 20688: 82080, 20689: 1161, 20690: 66626, 20692: 57257, 20693: 58543, 20694: 913, 20695: 1489, 20696: 1161, 20697: 184, 20698: 62344, 20699: 50588, 20700: 1173, 20701: 63756, 20702: 1182, 20703: 54448, 20704: 63756, 20705: 64727, 20706: 69242, 20707: 63756, 20708: 1054, 20709: 1161, 20710: 1161, 20711: 68173, 20712: 0, 20713: 75421, 20714: 52945, 20715: 73383, 20716: 70342, 20717: 58543, 20719: 52945, 20720: 46793, 20721: 1012, 20722: 46494, 20723: 184, 20724: 46793, 20725: 78631, 20726: 80479, 20727: 1347, 20729: 1412, 20730: 57972, 20731: 1014, 20732: 83288, 20734: 57455, 20735: 62344, 20736: 73383, 20737: 59008, 20739: 75379, 20740: 1543, 20741: 85710, 20742: 75379, 20743: 686, 20744: 395, 20746: 1457, 20747: 49332, 20748: 1357, 20749: 63756, 20750: 1012, 20751: 85710, 20752: 46494, 20754: 1259, 20757: 1012, 20758: 35245, 20759: 58096, 20761: 63099, 20762: 75453, 20763: 1084, 20764: 1617, 20765: 1482, 20766: 75453, 20768: 0, 20769: 449, 20770: 77145, 20773: 63270, 20774: 1300, 20775: 57070, 20777: 57070, 20778: 146, 20779: 1347, 20781: 1543, 20782: 1223, 20784: 146, 20785: 146, 20786: 1154, 20789: 690, 20790: 58543, 20791: 1583, 20792: 49332, 20793: 728, 20794: 48266, 20795: 44206, 20796: 78631, 20797: 69242, 20798: 75421, 20799: 2048, 20800: 13699, 20802: 13828, 20803: 1288, 20804: 1154, 20805: 13699, 20806: 1391, 20807: 522, 20808: 85687, 20809: 1347, 20810: 46793, 20811: 70342, 20813: 70373, 20814: 2048, 20815: 85687, 20816: 184, 20817: 85687, 20818: 1347, 20819: 1502, 20820: 62344, 20821: 62344, 20822: 849, 20823: 805, 20824: 57309, 20825: 78631, 20826: 184, 20827: 69990, 20828: 70500, 20829: 1347, 20831: 57290, 20832: 1182, 20833: 1294, 20834: 72051, 20835: 1399, 20836: 58096, 20837: 70373, 20838: 1502, 20840: 49332, 20841: 1182, 20842: 58096, 20843: 1223, 20844: 82085, 20845: 85669, 20846: 1300, 20850: 72039, 20852: 1391, 20853: 1167, 20854: 82080, 20856: 46793, 20858: 70373, 20859: 82070, 20860: 82070, 20861: 63882, 20862: 63882, 20863: 82070, 20864: 395, 20872: 953, 20873: 35245, 20874: 0, 20875: 91053, 20876: 13828, 20877: 57972, 20881: 57417, 20883: 57639, 20884: 83288, 20885: 57417, 20886: 78631, 20887: 71117, 20888: 63882, 20889: 57381, 20890: 59008, 20891: 70500, 20892: 82070, 20894: 69990, 20895: 63270, 20897: 226, 20900: 953, 20901: 1223, 20902: 72039, 20904: 1300, 20905: 44206, 20906: 75453, 20907: 65941, 20909: 65877, 20910: 70342, 20911: 69995, 20913: 73383, 20916: 57309, 20917: 63882, 20918: 57290, 20919: 87001, 20921: 72051, 20922: 84328, 20923: 690, 20925: 1294, 20926: 65941, 20928: 72051, 20929: 85710, 20930: 61726, 20931: 64790, 20932: 69995, 20933: 805, 20934: 63099, 20935: 63882, 20936: 58543, 20937: 146, 20938: 1193, 20939: 35259, 20940: 72051, 20941: 82070, 20942: 67720, 20943: 48922, 20944: 64790, 20948: 63882, 20949: 57639, 20950: 72039, 20951: 64790, 20953: 63099, 20954: 48922, 20955: 1457, 20956: 63099, 20958: 1188, 20959: 87001, 20960: 64790, 20961: 1054, 20962: 51797, 20963: 1193, 20964: 83288, 20965: 57639, 20966: 1399, 20967: 85710, 20968: 59008, 20969: 70500, 20970: 65877, 20971: 52945, 20973: 1116, 20974: 57639, 20975: 63270, 20977: 57070, 20978: 57972, 20979: 1288, 20980: 64727, 20981: 57309, 20982: 72039, 20983: 1502, 20985: 65877, 20986: 1399, 20987: 1399, 20988: 1502, 20990: 1116, 20992: 70500, 20993: 72039, 20995: 63756, 20997: 87001, 20998: 63882, 20999: 87001, 21000: 82070, 21001: 48266, 21002: 1357, 21003: 83288, 21005: 65877, 21006: 57290, 21007: 1288, 21008: 686, 21009: 63882, 21011: 84328, 21012: 87001, 21013: 57417, 21014: 57972, 21015: 85700, 21016: 64790, 21017: 70500, 21018: 35245, 21019: 91053, 21020: 1347, 21021: 44206, 21022: 52945, 21023: 63270, 21028: 85700, 21030: 86055, 21032: 57417, 21033: 85710, 21034: 2048, 21035: 226, 21036: 67720, 21037: 68650, 21038: 395, 21039: 67720, 21041: 1193, 21043: 75379, 21045: 1300, 21047: 52945, 21050: 83288, 21053: 1294, 21055: 82080, 21056: 57381, 21057: 0, 21058: 1161, 21059: 395, 21060: 395, 21061: 78645, 21062: 78645, 21063: 1543, 21064: 46494, 21065: 68173, 21066: 44206, 21067: 1259, 21068: 46494, 21069: 48922, 21070: 1107, 21072: 69990, 21073: 1167, 21074: 67720, 21075: 78645, 21077: 1540, 21084: 1617, 21085: 87984, 21086: 80140, 21087: 90998, 21091: 1357, 21092: 1457, 21093: 85646, 21096: 57649, 21097: 57649, 21098: 63099, 21099: 2114, 21100: 74355, 21101: 2114, 21102: 56939, 21103: 1107, 21104: 91053, 21105: 2076, 21106: 57649, 21107: 57972, 21108: 74355, 21109: 53429, 21110: 80140, 21112: 1540, 21113: 57649, 21115: 89226, 21116: 57649, 21117: 74355, 21118: 58096, 21119: 80140, 21120: 80140, 21121: 56939, 21123: 56939, 21124: 2076, 21125: 53429, 21126: 53429, 21127: 88653, 21128: 74355, 21129: 2114, 21130: 74355, 21132: 57649, 21133: 90998, 21134: 57649, 21135: 80140, 21136: 57649, 21138: 53429, 21139: 89226, 21140: 57649, 21141: 87984, 21142: 80140, 21143: 74355, 21144: 2114, 21145: 2346, 21146: 89226, 21147: 2076, 21148: 53429, 21149: 56939, 21150: 86157, 21151: 2076, 21153: 74355, 21154: 146, 21155: 86213, 21156: 86157, 21157: 1188, 21159: 89226, 21163: 1288, 21164: 86157, 21165: 87984, 21166: 86213, 21167: 87984, 21168: 87984, 21170: 2346, 21171: 56939, 21172: 56939, 21173: 86213, 21174: 2076, 21175: 1188, 21176: 86213, 21177: 56939, 21178: 57649, 21179: 86213, 21180: 90998, 21181: 2114, 21182: 0, 21184: 86157, 21185: 0, 21186: 2076, 21187: 0, 21188: 1223, 21189: 0, 21190: 1457, 21191: 184, 21192: 65941, 21193: 1193, 21194: 0, 21195: 57290, 21196: 849, 21197: 53429, 21198: 74355, 21199: 2076, 21203: 86213, 21205: 2346, 21206: 90998, 21208: 87984, 21209: 89226, 21223: 743, 21226: 683, 21227: 449, 21228: 57290, 21229: 519, 21230: 57290, 21231: 1107, 21232: 57381, 21233: 82080, 21234: 82080, 21235: 522, 21236: 82080, 21237: 57290, 21238: 71117, 21239: 0, 21240: 805, 21241: 46494, 21244: 1173, 21249: 80479, 21262: 1391, 21265: 75421, 21271: 75453, 21279: 91053, 21280: 57639, 21288: 1188, 21290: 65941, 21298: 52945, 21303: 57455, 21304: 226, 21305: 88486, 21306: 1457, 21307: 226, 21308: 765, 21311: 46494, 21312: 63756, 21313: 35259, 21314: 88486, 21315: 64790, 21316: 63756, 21317: 1113, 21318: 64790, 21319: 1347, 21322: 82080, 21324: 395, 21325: 78626, 21326: 13828, 21327: 395, 21328: 13828, 21329: 550, 21331: 65877, 21333: 51797, 21334: 57455, 21335: 1113, 21336: 85669, 21338: 226, 21339: 71117, 21340: 1457, 21341: 1294, 21344: 51797, 21345: 0, 21346: 70500, 21348: 1193, 21349: 0, 21351: 72051, 21354: 13828, 21356: 57309, 21357: 64727, 21358: 226, 21363: 1412, 21366: 51797, 21369: 1347, 21370: 1357, 21378: 1014, 21384: 46494, 21398: 550, 21445: 53429, 21446: 57070, 21447: 1399, 21448: 69990, 21450: 78645, 21454: 48922, 21455: 1014, 21460: 1482, 21462: 1585, 21463: 75453, 21465: 0, 21468: 1391, 21470: 226, 21474: 686, 21475: 1012, 21477: 91896, 21478: 61726, 21479: 1107, 21480: 519, 21481: 1161, 21482: 1161, 21483: 70373, 21484: 69995, 21487: 51797, 21488: 65161, 21489: 91053, 21490: 1259, 21491: 1113, 21492: 1161, 21493: 50453, 21494: 342}",0.0,invalido
638544.4644226662,Cruzamento,1733628304.1458778,20,"{20331: 57309, 20332: 65341, 20333: 82085, 20334: 57070, 20335: 1182, 20336: 1489, 20337: 1291, 20338: 1084, 20339: 184, 20340: 57309, 20341: 65341, 20342: 1182, 20343: 1489, 20344: 1489, 20345: 68182, 20346: 70373, 20347: 70342, 20348: 1084, 20349: 63099, 20350: 57309, 20351: 51797, 20352: 58096, 20353: 46793, 20354: 849, 20355: 48266, 20356: 1291, 20357: 58096, 20358: 1084, 20359: 46793, 20360: 69990, 20361: 1412, 20362: 765, 20363: 57455, 20364: 1291, 20365: 82085, 20366: 75453, 20367: 90927, 20368: 1617, 20369: 65341, 20370: 70342, 20371: 57070, 20372: 48266, 20373: 1412, 20378: 82085, 20379: 57455, 20380: 1391, 20381: 686, 20383: 13699, 20384: 686, 20385: 69990, 20386: 57257, 20387: 13699, 20388: 75421, 20389: 68182, 20392: 63099, 20393: 58096, 20394: 51797, 20395: 184, 20396: 1347, 20397: 65341, 20398: 2048, 20399: 805, 20400: 1084, 20401: 1482, 20402: 46793, 20403: 1482, 20404: 67720, 20405: 1107, 20406: 57381, 20407: 1502, 20408: 743, 20409: 743, 20410: 1347, 20411: 395, 20412: 1585, 20413: 1489, 20414: 449, 20415: 1188, 20416: 67720, 20417: 519, 20418: 46494, 20419: 71117, 20421: 1347, 20422: 1617, 20423: 1585, 20427: 72051, 20428: 48922, 20429: 44206, 20432: 683, 20433: 1502, 20434: 690, 20436: 1259, 20437: 57381, 20438: 48922, 20439: 683, 20440: 69985, 20441: 690, 20442: 69242, 20443: 46494, 20444: 522, 20445: 522, 20446: 69242, 20447: 69242, 20449: 69995, 20450: 57455, 20451: 1012, 20452: 54448, 20453: 1585, 20454: 50588, 20455: 52945, 20456: 50588, 20457: 63756, 20458: 65161, 20459: 1585, 20460: 1161, 20461: 80479, 20462: 57290, 20463: 1412, 20465: 69990, 20466: 1012, 20467: 57257, 20468: 67720, 20469: 743, 20471: 1014, 20472: 71117, 20473: 1107, 20475: 805, 20476: 690, 20481: 1107, 20482: 35245, 20484: 75379, 20485: 69995, 20486: 54448, 20487: 1502, 20488: 1188, 20489: 728, 20490: 71117, 20491: 57381, 20492: 44206, 20493: 1014, 20494: 91896, 20495: 72051, 20496: 849, 20497: 69995, 20499: 88486, 20501: 71117, 20503: 1357, 20504: 765, 20505: 1167, 20506: 1012, 20507: 46494, 20508: 69995, 20509: 1012, 20510: 52945, 20511: 64727, 20512: 54448, 20513: 1291, 20514: 146, 20515: 52945, 20517: 35245, 20518: 226, 20519: 75379, 20520: 69995, 20521: 50588, 20522: 52945, 20523: 1543, 20524: 449, 20525: 728, 20527: 1617, 20528: 44206, 20530: 72051, 20531: 13828, 20532: 1259, 20533: 69990, 20534: 46793, 20535: 75958, 20536: 68173, 20537: 1617, 20538: 690, 20539: 69990, 20540: 1617, 20541: 71117, 20542: 1288, 20543: 449, 20544: 1014, 20545: 1585, 20546: 91896, 20547: 57070, 20549: 80479, 20550: 63270, 20552: 46494, 20553: 71117, 20554: 1288, 20555: 61726, 20556: 78631, 20557: 1391, 20558: 1502, 20559: 1399, 20560: 686, 20561: 46494, 20563: 65877, 20564: 1167, 20565: 85710, 20567: 69990, 20569: 51797, 20570: 743, 20571: 68173, 20572: 1347, 20573: 690, 20574: 67720, 20575: 449, 20576: 728, 20577: 48922, 20578: 1014, 20579: 1347, 20580: 35259, 20581: 75958, 20582: 48922, 20583: 743, 20584: 1347, 20585: 1543, 20587: 1161, 20588: 1012, 20589: 65161, 20590: 395, 20591: 449, 20592: 1188, 20593: 57290, 20594: 690, 20595: 522, 20596: 73383, 20597: 805, 20599: 1012, 20600: 63270, 20601: 63270, 20602: 35245, 20605: 226, 20606: 1161, 20607: 52945, 20608: 58096, 20609: 1173, 20610: 1084, 20611: 65877, 20612: 75453, 20613: 1457, 20614: 57309, 20615: 69995, 20616: 849, 20617: 1167, 20618: 1540, 20619: 765, 20620: 1457, 20621: 1167, 20622: 686, 20624: 1457, 20625: 65877, 20626: 686, 20628: 686, 20630: 66626, 20631: 519, 20633: 1107, 20634: 72051, 20635: 1084, 20636: 913, 20637: 1391, 20638: 146, 20639: 85669, 20640: 57639, 20641: 52945, 20642: 1391, 20643: 1193, 20645: 1391, 20646: 953, 20647: 686, 20648: 58096, 20650: 58096, 20651: 62344, 20652: 686, 20653: 1193, 20654: 85669, 20655: 1412, 20656: 184, 20659: 1585, 20661: 69995, 20662: 70373, 20663: 913, 20669: 522, 20670: 78631, 20671: 57639, 20672: 35259, 20673: 57972, 20675: 61726, 20676: 57972, 20677: 73235, 20678: 62344, 20680: 68173, 20681: 449, 20684: 1347, 20688: 1617, 20689: 69995, 20690: 52945, 20692: 57257, 20693: 85669, 20694: 66626, 20695: 1489, 20696: 1173, 20697: 1182, 20698: 58543, 20699: 63756, 20700: 50588, 20701: 913, 20702: 1167, 20703: 54448, 20704: 66626, 20705: 75379, 20706: 1182, 20707: 70342, 20708: 46494, 20709: 1161, 20710: 1161, 20711: 1543, 20712: 0, 20713: 75421, 20714: 52945, 20715: 690, 20716: 70342, 20717: 57639, 20719: 1585, 20720: 75453, 20721: 913, 20722: 805, 20723: 51797, 20724: 80479, 20725: 85669, 20726: 46793, 20727: 78631, 20729: 1617, 20730: 88486, 20731: 48922, 20732: 1054, 20734: 1288, 20735: 57309, 20736: 1014, 20737: 73383, 20739: 35259, 20740: 57455, 20741: 686, 20742: 1167, 20743: 1116, 20744: 68650, 20746: 69990, 20747: 91053, 20748: 58096, 20749: 69990, 20750: 686, 20751: 1399, 20752: 1502, 20754: 44206, 20757: 1161, 20758: 1012, 20759: 62344, 20761: 1482, 20762: 75453, 20763: 63099, 20764: 1084, 20765: 63099, 20766: 63099, 20768: 184, 20769: 395, 20770: 77145, 20773: 70500, 20774: 1154, 20775: 69990, 20777: 1391, 20778: 70500, 20779: 1399, 20781: 1457, 20782: 49332, 20784: 57290, 20785: 2048, 20786: 70500, 20789: 1347, 20790: 58543, 20791: 70342, 20792: 46793, 20793: 146, 20794: 49332, 20795: 59008, 20796: 1188, 20797: 75421, 20798: 13699, 20799: 70373, 20800: 1482, 20802: 69242, 20803: 85710, 20804: 57309, 20805: 69242, 20806: 1391, 20807: 72051, 20808: 82067, 20809: 1291, 20810: 63099, 20811: 57070, 20813: 48266, 20814: 1482, 20815: 85687, 20816: 57455, 20817: 85687, 20818: 1391, 20819: 1502, 20820: 1167, 20821: 1116, 20822: 85687, 20823: 46494, 20824: 57417, 20825: 75453, 20826: 75379, 20827: 46494, 20828: 184, 20829: 67720, 20831: 57290, 20832: 57639, 20833: 1291, 20834: 728, 20835: 1502, 20836: 1583, 20837: 57070, 20838: 57070, 20840: 2048, 20841: 1412, 20842: 1357, 20843: 226, 20844: 57455, 20845: 65877, 20846: 1300, 20850: 65877, 20852: 90927, 20853: 51797, 20854: 72051, 20856: 46793, 20858: 48266, 20859: 82070, 20860: 63882, 20861: 63882, 20862: 82070, 20863: 82070, 20864: 395, 20872: 953, 20873: 395, 20874: 0, 20875: 91053, 20876: 683, 20877: 83288, 20881: 75379, 20883: 75453, 20884: 57972, 20885: 59008, 20886: 64727, 20887: 1540, 20888: 82070, 20889: 683, 20890: 64727, 20891: 1391, 20892: 82070, 20894: 85669, 20895: 64790, 20897: 1540, 20900: 1457, 20901: 75379, 20902: 72039, 20904: 63099, 20905: 522, 20906: 765, 20907: 1188, 20909: 65877, 20910: 182, 20911: 849, 20913: 72051, 20916: 85669, 20917: 87001, 20918: 73383, 20919: 63882, 20921: 58543, 20922: 82070, 20923: 690, 20925: 1294, 20926: 85700, 20928: 1300, 20929: 51797, 20930: 61726, 20931: 51797, 20932: 1288, 20933: 57290, 20934: 63099, 20935: 82070, 20936: 91053, 20937: 1399, 20938: 1193, 20939: 1502, 20940: 1223, 20941: 72039, 20942: 1399, 20943: 69985, 20944: 1193, 20948: 83288, 20949: 1193, 20950: 87001, 20951: 1300, 20953: 64727, 20954: 68173, 20955: 1457, 20956: 57639, 20958: 57639, 20959: 65877, 20960: 54448, 20961: 1012, 20962: 1300, 20963: 69995, 20964: 72039, 20965: 91053, 20966: 64790, 20967: 1054, 20968: 44206, 20969: 85700, 20970: 57972, 20971: 63756, 20973: 85710, 20974: 59008, 20975: 1154, 20977: 85710, 20978: 63756, 20979: 0, 20980: 63756, 20981: 49332, 20982: 72039, 20983: 1054, 20985: 72039, 20986: 728, 20987: 64790, 20988: 1054, 20990: 85710, 20992: 68650, 20993: 72039, 20995: 1012, 20997: 83288, 20998: 82070, 20999: 87001, 21000: 63882, 21001: 70500, 21002: 57639, 21003: 57972, 21005: 83288, 21006: 72051, 21007: 2048, 21008: 69995, 21009: 65877, 21011: 72039, 21012: 87001, 21013: 57290, 21014: 65877, 21015: 91053, 21016: 72051, 21017: 64790, 21018: 1193, 21019: 184, 21020: 69985, 21021: 1543, 21022: 75379, 21023: 63270, 21028: 86055, 21030: 85700, 21032: 52945, 21033: 35245, 21034: 1154, 21035: 58543, 21036: 35259, 21037: 1223, 21038: 728, 21039: 63270, 21041: 85700, 21043: 67720, 21045: 1188, 21047: 86055, 21050: 83288, 21053: 1294, 21055: 82080, 21056: 1585, 21057: 1107, 21058: 1107, 21059: 395, 21060: 1107, 21061: 46494, 21062: 1502, 21063: 1014, 21064: 57381, 21065: 1543, 21066: 1188, 21067: 683, 21068: 73383, 21069: 46494, 21070: 69990, 21072: 1107, 21073: 1182, 21074: 67720, 21075: 78645, 21077: 1540, 21084: 1617, 21085: 2114, 21086: 89226, 21087: 87984, 21091: 1012, 21092: 78631, 21093: 63270, 21096: 2114, 21097: 53429, 21098: 65941, 21099: 2114, 21100: 2076, 21101: 57649, 21102: 80140, 21103: 1457, 21104: 51797, 21105: 88653, 21106: 2346, 21107: 62344, 21108: 2346, 21109: 2114, 21110: 90942, 21112: 75379, 21113: 88653, 21115: 2346, 21116: 80140, 21117: 57649, 21118: 88486, 21119: 2076, 21120: 2076, 21121: 74355, 21123: 57649, 21124: 2076, 21125: 53429, 21126: 57649, 21127: 74355, 21128: 57649, 21129: 2114, 21130: 74355, 21132: 53429, 21133: 87984, 21134: 57649, 21135: 88653, 21136: 74355, 21138: 53429, 21139: 88653, 21140: 53429, 21141: 80140, 21142: 2346, 21143: 57649, 21144: 2114, 21145: 88653, 21146: 89226, 21147: 53429, 21148: 2114, 21149: 2076, 21150: 86213, 21151: 87984, 21153: 2114, 21154: 44206, 21155: 86157, 21156: 80140, 21157: 1188, 21159: 89226, 21163: 146, 21164: 86157, 21165: 88653, 21166: 88653, 21167: 80140, 21168: 2114, 21170: 88653, 21171: 53429, 21172: 57649, 21173: 56939, 21174: 90998, 21175: 1223, 21176: 56939, 21177: 56939, 21178: 57649, 21179: 86213, 21180: 90998, 21181: 86213, 21182: 86157, 21184: 56939, 21185: 86213, 21186: 86213, 21187: 0, 21188: 0, 21189: 0, 21190: 78631, 21191: 184, 21192: 59008, 21193: 57639, 21194: 0, 21195: 395, 21196: 1489, 21197: 57649, 21198: 74355, 21199: 2076, 21203: 90998, 21205: 74355, 21206: 86213, 21208: 87984, 21209: 89226, 21223: 683, 21226: 683, 21227: 1585, 21228: 68173, 21229: 0, 21230: 69990, 21231: 519, 21232: 57381, 21233: 1259, 21234: 805, 21235: 690, 21236: 71117, 21237: 71117, 21238: 1288, 21239: 805, 21240: 82080, 21241: 395, 21244: 64727, 21249: 0, 21262: 1489, 21265: 68182, 21271: 65161, 21279: 91053, 21280: 57639, 21288: 63756, 21290: 59008, 21298: 72051, 21303: 1457, 21304: 46494, 21305: 1294, 21306: 1167, 21307: 728, 21308: 1294, 21311: 1347, 21312: 88486, 21313: 1054, 21314: 1540, 21315: 1347, 21316: 71117, 21317: 765, 21318: 395, 21319: 1294, 21322: 69985, 21324: 71117, 21325: 550, 21326: 57455, 21327: 519, 21328: 35259, 21329: 805, 21331: 57972, 21333: 51797, 21334: 57455, 21335: 1357, 21336: 765, 21338: 1054, 21339: 1457, 21340: 1294, 21341: 765, 21344: 1288, 21345: 0, 21346: 57309, 21348: 63099, 21349: 0, 21351: 1259, 21354: 78626, 21356: 77145, 21357: 85646, 21358: 35245, 21363: 1347, 21366: 65941, 21369: 88486, 21370: 1054, 21378: 70342, 21384: 1188, 21398: 805, 21445: 2114, 21446: 58096, 21447: 1357, 21448: 35259, 21450: 69990, 21454: 48922, 21455: 1014, 21460: 13699, 21462: 1585, 21463: 57972, 21465: 0, 21468: 1347, 21470: 226, 21474: 1182, 21475: 1116, 21477: 48922, 21478: 44206, 21479: 1113, 21480: 13828, 21481: 75453, 21482: 1161, 21483: 0, 21484: 1182, 21487: 75453, 21488: 50588, 21489: 48266, 21490: 743, 21491: 245, 21492: 85687, 21493: 50453, 21494: 342}",0.0,filho
638496.1134749989,Cruzamento,1733628307.1208348,21,"{20331: 1294, 20332: 70342, 20333: 1482, 20334: 82085, 20335: 1294, 20336: 57257, 20337: 65341, 20338: 1182, 20339: 1084, 20340: 57309, 20341: 765, 20342: 2048, 20343: 69242, 20344: 849, 20345: 57257, 20346: 1412, 20347: 63099, 20348: 1084, 20349: 75453, 20350: 63099, 20351: 75453, 20352: 69242, 20353: 70342, 20354: 849, 20355: 1489, 20356: 1489, 20357: 849, 20358: 70342, 20359: 57257, 20360: 2048, 20361: 58096, 20362: 1412, 20363: 1489, 20364: 184, 20365: 1617, 20366: 70171, 20367: 57309, 20368: 90927, 20369: 1617, 20370: 48266, 20371: 70373, 20372: 49332, 20373: 1291, 20378: 1182, 20379: 69990, 20380: 70342, 20381: 57070, 20383: 1583, 20384: 686, 20385: 75421, 20386: 68182, 20387: 75421, 20388: 13699, 20389: 68182, 20392: 1291, 20393: 63099, 20394: 75453, 20395: 48266, 20396: 1543, 20397: 849, 20398: 75421, 20399: 70342, 20400: 58096, 20401: 57455, 20402: 1489, 20403: 1084, 20404: 57455, 20405: 1288, 20406: 519, 20407: 743, 20408: 71117, 20409: 1288, 20410: 57381, 20411: 449, 20412: 226, 20413: 58096, 20414: 1014, 20415: 46494, 20416: 805, 20417: 57290, 20418: 683, 20419: 1617, 20421: 65341, 20422: 82085, 20423: 1585, 20427: 68173, 20428: 78645, 20429: 48922, 20432: 44206, 20433: 1502, 20434: 57290, 20436: 182, 20437: 1188, 20438: 1502, 20439: 57381, 20440: 73383, 20441: 70342, 20442: 57381, 20443: 13828, 20444: 71117, 20445: 683, 20446: 1502, 20447: 71117, 20449: 50588, 20450: 913, 20451: 80479, 20452: 80479, 20453: 35245, 20454: 69995, 20455: 52945, 20456: 70342, 20457: 46793, 20458: 1012, 20459: 51797, 20460: 63756, 20461: 35245, 20462: 64790, 20463: 57257, 20465: 57070, 20466: 63756, 20467: 849, 20468: 743, 20469: 67720, 20471: 1014, 20472: 13828, 20473: 1188, 20475: 67720, 20476: 1259, 20481: 71117, 20482: 35245, 20484: 85646, 20485: 46793, 20486: 913, 20487: 743, 20488: 44206, 20489: 683, 20490: 519, 20491: 78645, 20492: 57381, 20493: 82080, 20494: 91896, 20495: 1585, 20496: 58096, 20497: 54448, 20499: 1054, 20501: 1347, 20503: 35259, 20504: 57070, 20505: 83288, 20506: 1012, 20507: 46494, 20508: 69995, 20509: 1012, 20510: 52945, 20511: 64727, 20512: 54448, 20513: 1291, 20514: 146, 20515: 52945, 20517: 35245, 20518: 226, 20519: 75379, 20520: 69995, 20521: 50588, 20522: 52945, 20523: 1543, 20524: 449, 20525: 728, 20527: 1617, 20528: 44206, 20530: 72051, 20531: 13828, 20532: 1259, 20533: 69990, 20534: 46793, 20535: 75958, 20536: 68173, 20537: 1617, 20538: 690, 20539: 69990, 20540: 1617, 20541: 71117, 20542: 1288, 20543: 449, 20544: 1014, 20545: 1585, 20546: 91896, 20547: 57070, 20549: 80479, 20550: 63270, 20552: 46494, 20553: 71117, 20554: 1288, 20555: 61726, 20556: 78631, 20557: 1391, 20558: 1502, 20559: 1399, 20560: 686, 20561: 46494, 20563: 65877, 20564: 1167, 20565: 85710, 20567: 69990, 20569: 51797, 20570: 743, 20571: 68173, 20572: 1347, 20573: 690, 20574: 67720, 20575: 449, 20576: 728, 20577: 48922, 20578: 1014, 20579: 1347, 20580: 35259, 20581: 75958, 20582: 48922, 20583: 743, 20584: 1347, 20585: 1543, 20587: 1161, 20588: 1012, 20589: 65161, 20590: 395, 20591: 449, 20592: 1188, 20593: 57290, 20594: 690, 20595: 522, 20596: 73383, 20597: 805, 20599: 1012, 20600: 63270, 20601: 63270, 20602: 35245, 20605: 226, 20606: 1161, 20607: 52945, 20608: 58096, 20609: 1173, 20610: 1084, 20611: 65877, 20612: 75453, 20613: 1457, 20614: 57309, 20615: 69995, 20616: 849, 20617: 1167, 20618: 1540, 20619: 765, 20620: 1457, 20621: 1167, 20622: 686, 20624: 1457, 20625: 65877, 20626: 686, 20628: 686, 20630: 66626, 20631: 519, 20633: 1107, 20634: 72051, 20635: 1084, 20636: 913, 20637: 1391, 20638: 146, 20639: 85669, 20640: 57639, 20641: 52945, 20642: 1391, 20643: 1193, 20645: 1391, 20646: 953, 20647: 686, 20648: 58096, 20650: 58096, 20651: 62344, 20652: 686, 20653: 1193, 20654: 85669, 20655: 1412, 20656: 184, 20659: 1585, 20661: 69995, 20662: 70373, 20663: 913, 20669: 522, 20670: 78631, 20671: 57639, 20672: 35259, 20673: 57972, 20675: 61726, 20676: 57972, 20677: 73235, 20678: 62344, 20680: 68173, 20681: 449, 20684: 1347, 20688: 1617, 20689: 69995, 20690: 52945, 20692: 57257, 20693: 85669, 20694: 66626, 20695: 1489, 20696: 1173, 20697: 1182, 20698: 58543, 20699: 63756, 20700: 50588, 20701: 913, 20702: 1167, 20703: 54448, 20704: 66626, 20705: 75379, 20706: 1182, 20707: 70342, 20708: 46494, 20709: 1161, 20710: 1161, 20711: 1543, 20712: 0, 20713: 75421, 20714: 52945, 20715: 690, 20716: 70342, 20717: 57639, 20719: 1585, 20720: 75453, 20721: 913, 20722: 805, 20723: 51797, 20724: 80479, 20725: 85669, 20726: 46793, 20727: 78631, 20729: 1617, 20730: 88486, 20731: 48922, 20732: 1054, 20734: 1288, 20735: 57309, 20736: 1014, 20737: 73383, 20739: 35259, 20740: 57455, 20741: 686, 20742: 1167, 20743: 1116, 20744: 68650, 20746: 69990, 20747: 91053, 20748: 58096, 20749: 69990, 20750: 686, 20751: 85710, 20752: 46494, 20754: 1259, 20757: 1012, 20758: 35245, 20759: 58096, 20761: 63099, 20762: 75453, 20763: 1084, 20764: 1617, 20765: 1482, 20766: 75453, 20768: 0, 20769: 449, 20770: 77145, 20773: 63270, 20774: 1300, 20775: 57070, 20777: 57070, 20778: 146, 20779: 1347, 20781: 1543, 20782: 1223, 20784: 146, 20785: 146, 20786: 1154, 20789: 690, 20790: 58543, 20791: 1583, 20792: 49332, 20793: 728, 20794: 48266, 20795: 44206, 20796: 78631, 20797: 69242, 20798: 75421, 20799: 2048, 20800: 13699, 20802: 13828, 20803: 1288, 20804: 1154, 20805: 13699, 20806: 1391, 20807: 522, 20808: 85687, 20809: 1347, 20810: 46793, 20811: 70342, 20813: 70373, 20814: 2048, 20815: 85687, 20816: 184, 20817: 85687, 20818: 1347, 20819: 690, 20820: 78631, 20821: 46494, 20822: 75379, 20823: 82080, 20824: 57455, 20825: 83288, 20826: 1188, 20827: 85710, 20828: 1399, 20829: 59008, 20831: 72051, 20832: 1357, 20833: 57257, 20834: 58543, 20835: 44206, 20836: 1182, 20837: 0, 20838: 78631, 20840: 57257, 20841: 765, 20842: 190, 20843: 1543, 20844: 82085, 20845: 190, 20846: 1167, 20850: 72039, 20852: 1391, 20853: 85710, 20854: 1014, 20856: 0, 20858: 48266, 20859: 82070, 20860: 63882, 20861: 63882, 20862: 82070, 20863: 82070, 20864: 395, 20872: 953, 20873: 35245, 20874: 184, 20875: 70500, 20876: 59008, 20877: 82070, 20881: 57417, 20883: 75379, 20884: 65877, 20885: 85646, 20886: 78631, 20887: 61726, 20888: 65877, 20889: 805, 20890: 57639, 20891: 64727, 20892: 65877, 20894: 1457, 20895: 1300, 20897: 71117, 20900: 61726, 20901: 75379, 20902: 72039, 20904: 184, 20905: 44206, 20906: 57309, 20907: 64790, 20909: 0, 20910: 67720, 20911: 69990, 20913: 522, 20916: 1457, 20917: 82070, 20918: 73383, 20919: 72039, 20921: 72051, 20922: 84328, 20923: 68173, 20925: 1294, 20926: 1188, 20928: 48266, 20929: 51797, 20930: 61726, 20931: 51797, 20932: 59008, 20933: 72051, 20934: 63099, 20935: 84328, 20936: 57639, 20937: 54448, 20938: 63099, 20939: 1107, 20940: 1347, 20941: 63882, 20942: 63756, 20943: 728, 20944: 1391, 20948: 57972, 20949: 64727, 20950: 72039, 20951: 1223, 20953: 59008, 20954: 1585, 20955: 1116, 20956: 1399, 20958: 65161, 20959: 57972, 20960: 146, 20961: 1502, 20962: 1223, 20963: 69995, 20964: 83288, 20965: 57639, 20966: 63099, 20967: 1054, 20968: 64727, 20969: 91053, 20970: 83288, 20971: 1193, 20973: 1054, 20974: 146, 20975: 1188, 20977: 78631, 20978: 57972, 20979: 64790, 20980: 64727, 20981: 67720, 20982: 83288, 20983: 1502, 20985: 87001, 20986: 91053, 20987: 59008, 20988: 85710, 20990: 63756, 20992: 64790, 20993: 87001, 20995: 1012, 20997: 83288, 20998: 82070, 20999: 83288, 21000: 63882, 21001: 1188, 21002: 1167, 21003: 57972, 21005: 72039, 21006: 57417, 21007: 54448, 21008: 953, 21009: 57972, 21011: 72039, 21012: 63882, 21013: 2048, 21014: 87001, 21015: 184, 21016: 65941, 21017: 58543, 21018: 85700, 21019: 75453, 21020: 1617, 21021: 63756, 21022: 2048, 21023: 1167, 21028: 86055, 21030: 85700, 21032: 1543, 21033: 146, 21034: 1167, 21035: 54448, 21036: 449, 21037: 1154, 21038: 85710, 21039: 226, 21041: 52945, 21043: 57417, 21045: 57639, 21047: 86055, 21050: 1182, 21053: 1294, 21055: 1585, 21056: 57381, 21057: 1107, 21058: 58096, 21059: 395, 21060: 1107, 21061: 72051, 21062: 683, 21063: 449, 21064: 1107, 21065: 44206, 21066: 57381, 21067: 1014, 21068: 72051, 21069: 72051, 21070: 57290, 21072: 57381, 21073: 849, 21074: 35259, 21075: 48922, 21077: 1540, 21084: 82080, 21085: 56939, 21086: 90942, 21087: 56939, 21091: 190, 21092: 1399, 21093: 2048, 21096: 2114, 21097: 2114, 21098: 51797, 21099: 87984, 21100: 74355, 21101: 80140, 21102: 56939, 21103: 1116, 21104: 1193, 21105: 88653, 21106: 74355, 21107: 61726, 21108: 53429, 21109: 2114, 21110: 89226, 21112: 75453, 21113: 2346, 21115: 89226, 21116: 53429, 21117: 74355, 21118: 35259, 21119: 74355, 21120: 2076, 21121: 88653, 21123: 80140, 21124: 88653, 21125: 2114, 21126: 2114, 21127: 74355, 21128: 53429, 21129: 57649, 21130: 74355, 21132: 53429, 21133: 90998, 21134: 53429, 21135: 89226, 21136: 2114, 21138: 57649, 21139: 88653, 21140: 74355, 21141: 56939, 21142: 89226, 21143: 53429, 21144: 2114, 21145: 2346, 21146: 89226, 21147: 88653, 21148: 53429, 21149: 86213, 21150: 80140, 21151: 87984, 21153: 80140, 21154: 146, 21155: 86213, 21156: 56939, 21157: 1188, 21159: 2076, 21163: 1223, 21164: 2076, 21165: 90998, 21166: 2346, 21167: 56939, 21168: 88653, 21170: 80140, 21171: 2076, 21172: 87984, 21173: 2076, 21174: 90998, 21175: 57417, 21176: 57649, 21177: 86157, 21178: 86213, 21179: 80140, 21180: 2346, 21181: 86213, 21182: 86157, 21184: 86157, 21185: 80140, 21186: 86213, 21187: 0, 21188: 0, 21189: 0, 21190: 91053, 21191: 184, 21192: 65941, 21193: 146, 21194: 0, 21195: 1300, 21196: 58096, 21197: 53429, 21198: 2114, 21199: 2076, 21203: 80140, 21205: 80140, 21206: 90998, 21208: 87984, 21209: 80140, 21223: 44206, 21226: 69990, 21227: 75958, 21228: 449, 21229: 519, 21230: 1014, 21231: 449, 21232: 78645, 21233: 69242, 21234: 78645, 21235: 78645, 21236: 1288, 21237: 1107, 21238: 1288, 21239: 1014, 21240: 1617, 21241: 395, 21244: 1173, 21249: 1012, 21262: 1489, 21265: 1412, 21271: 70500, 21279: 57417, 21280: 1391, 21288: 57070, 21290: 63270, 21298: 63270, 21303: 57455, 21304: 226, 21305: 1167, 21306: 1347, 21307: 1347, 21308: 1294, 21311: 1294, 21312: 46494, 21313: 765, 21314: 1113, 21315: 226, 21316: 1054, 21317: 46494, 21318: 64790, 21319: 765, 21322: 522, 21324: 1347, 21325: 78626, 21326: 805, 21327: 46494, 21328: 78626, 21329: 805, 21331: 65877, 21333: 51797, 21334: 57455, 21335: 71117, 21336: 1457, 21338: 1457, 21339: 1113, 21340: 63756, 21341: 51797, 21344: 1300, 21345: 65877, 21346: 1391, 21348: 63099, 21349: 0, 21351: 1259, 21354: 395, 21356: 77145, 21357: 85646, 21358: 226, 21363: 1294, 21366: 1223, 21369: 226, 21370: 1357, 21378: 1543, 21384: 57381, 21398: 13828, 21445: 57649, 21446: 65877, 21447: 44206, 21448: 1617, 21450: 1014, 21454: 72051, 21455: 1259, 21460: 69242, 21462: 1585, 21463: 65877, 21465: 0, 21468: 46494, 21470: 1294, 21474: 1399, 21475: 85710, 21477: 75958, 21478: 75379, 21479: 226, 21480: 805, 21481: 63756, 21482: 1161, 21483: 0, 21484: 953, 21487: 63756, 21488: 1585, 21489: 51797, 21490: 67720, 21491: 245, 21492: 78631, 21493: 342, 21494: 50453}",0.0,filho
643773.0551993327,Cruzamento,1733628307.1208348,21,"{20331: 57309, 20332: 65341, 20333: 82085, 20334: 57070, 20335: 1182, 20336: 1489, 20337: 1291, 20338: 1084, 20339: 184, 20340: 57309, 20341: 65341, 20342: 1182, 20343: 1489, 20344: 1489, 20345: 68182, 20346: 70373, 20347: 70342, 20348: 1084, 20349: 63099, 20350: 57309, 20351: 51797, 20352: 58096, 20353: 46793, 20354: 849, 20355: 48266, 20356: 1291, 20357: 58096, 20358: 1084, 20359: 46793, 20360: 69990, 20361: 1412, 20362: 765, 20363: 57455, 20364: 1291, 20365: 82085, 20366: 75453, 20367: 90927, 20368: 1617, 20369: 65341, 20370: 70342, 20371: 57070, 20372: 48266, 20373: 1412, 20378: 82085, 20379: 57455, 20380: 1391, 20381: 686, 20383: 13699, 20384: 686, 20385: 69990, 20386: 57257, 20387: 13699, 20388: 75421, 20389: 68182, 20392: 63099, 20393: 58096, 20394: 51797, 20395: 184, 20396: 1347, 20397: 65341, 20398: 2048, 20399: 805, 20400: 1084, 20401: 1482, 20402: 46793, 20403: 1482, 20404: 67720, 20405: 1107, 20406: 57381, 20407: 1502, 20408: 743, 20409: 743, 20410: 1347, 20411: 395, 20412: 1585, 20413: 1489, 20414: 449, 20415: 1188, 20416: 67720, 20417: 519, 20418: 46494, 20419: 71117, 20421: 1347, 20422: 1617, 20423: 1585, 20427: 72051, 20428: 48922, 20429: 44206, 20432: 683, 20433: 1502, 20434: 690, 20436: 1259, 20437: 57381, 20438: 48922, 20439: 683, 20440: 69985, 20441: 690, 20442: 69242, 20443: 46494, 20444: 522, 20445: 522, 20446: 69242, 20447: 69242, 20449: 69995, 20450: 57455, 20451: 1012, 20452: 54448, 20453: 1585, 20454: 50588, 20455: 52945, 20456: 50588, 20457: 63756, 20458: 65161, 20459: 1585, 20460: 1161, 20461: 80479, 20462: 57290, 20463: 1412, 20465: 69990, 20466: 1012, 20467: 57257, 20468: 67720, 20469: 743, 20471: 1014, 20472: 71117, 20473: 1107, 20475: 805, 20476: 690, 20481: 1107, 20482: 35245, 20484: 75379, 20485: 69995, 20486: 54448, 20487: 1502, 20488: 1188, 20489: 728, 20490: 71117, 20491: 57381, 20492: 44206, 20493: 1014, 20494: 91896, 20495: 72051, 20496: 849, 20497: 69995, 20499: 88486, 20501: 71117, 20503: 1357, 20504: 765, 20505: 1167, 20506: 1294, 20507: 65877, 20508: 54448, 20509: 46793, 20510: 52945, 20511: 75379, 20512: 52945, 20513: 1291, 20514: 69995, 20515: 70342, 20517: 63270, 20518: 913, 20519: 1012, 20520: 54448, 20521: 63270, 20522: 913, 20523: 519, 20524: 70342, 20525: 1259, 20527: 68173, 20528: 57381, 20530: 91896, 20531: 182, 20532: 71117, 20533: 75421, 20534: 35245, 20535: 71117, 20536: 44206, 20537: 75958, 20538: 35259, 20539: 70342, 20540: 67720, 20541: 1014, 20542: 48922, 20543: 59008, 20544: 1014, 20545: 449, 20546: 1585, 20547: 69995, 20549: 913, 20550: 1161, 20552: 1502, 20553: 728, 20554: 1188, 20555: 85710, 20556: 1182, 20557: 849, 20558: 1399, 20559: 1391, 20560: 1116, 20561: 57070, 20563: 78631, 20564: 44206, 20565: 1167, 20567: 1457, 20569: 63756, 20570: 59008, 20571: 743, 20572: 68173, 20573: 728, 20574: 70342, 20575: 1347, 20576: 44206, 20577: 690, 20578: 91896, 20579: 75958, 20580: 449, 20581: 69990, 20582: 35259, 20583: 69985, 20584: 91896, 20585: 75379, 20587: 63756, 20588: 85646, 20589: 913, 20590: 46494, 20591: 1259, 20592: 57290, 20593: 69985, 20594: 70342, 20595: 1502, 20596: 67720, 20597: 69985, 20599: 1585, 20600: 75379, 20601: 1161, 20602: 226, 20605: 35245, 20606: 64727, 20607: 1585, 20608: 1223, 20609: 64727, 20610: 1482, 20611: 65877, 20612: 69995, 20613: 1457, 20614: 69995, 20615: 686, 20616: 69990, 20617: 1540, 20618: 1116, 20619: 85710, 20620: 1107, 20621: 1107, 20622: 75453, 20624: 75453, 20625: 686, 20626: 953, 20628: 953, 20630: 66626, 20631: 1543, 20633: 46494, 20634: 690, 20635: 68182, 20636: 54448, 20637: 75421, 20638: 1288, 20639: 1391, 20640: 85669, 20641: 57639, 20642: 1193, 20643: 62344, 20645: 52945, 20646: 52945, 20647: 1193, 20648: 58096, 20650: 953, 20651: 85669, 20652: 1391, 20653: 57639, 20654: 686, 20655: 1583, 20656: 70342, 20659: 1173, 20661: 75379, 20662: 75453, 20663: 913, 20669: 69985, 20670: 35259, 20671: 57639, 20672: 65877, 20673: 73235, 20675: 61726, 20676: 75453, 20677: 1540, 20678: 78631, 20680: 1543, 20681: 728, 20684: 743, 20688: 82080, 20689: 1161, 20690: 66626, 20692: 57257, 20693: 58543, 20694: 913, 20695: 1489, 20696: 1161, 20697: 184, 20698: 62344, 20699: 50588, 20700: 1173, 20701: 63756, 20702: 1182, 20703: 54448, 20704: 63756, 20705: 64727, 20706: 69242, 20707: 63756, 20708: 1054, 20709: 1161, 20710: 1161, 20711: 68173, 20712: 0, 20713: 75421, 20714: 52945, 20715: 73383, 20716: 70342, 20717: 58543, 20719: 52945, 20720: 46793, 20721: 1012, 20722: 46494, 20723: 184, 20724: 46793, 20725: 78631, 20726: 80479, 20727: 1347, 20729: 1412, 20730: 57972, 20731: 1014, 20732: 83288, 20734: 57455, 20735: 62344, 20736: 73383, 20737: 59008, 20739: 75379, 20740: 1543, 20741: 85710, 20742: 75379, 20743: 686, 20744: 395, 20746: 1457, 20747: 49332, 20748: 1357, 20749: 63756, 20750: 1012, 20751: 1399, 20752: 1502, 20754: 44206, 20757: 1161, 20758: 1012, 20759: 62344, 20761: 1482, 20762: 75453, 20763: 63099, 20764: 1084, 20765: 63099, 20766: 63099, 20768: 184, 20769: 395, 20770: 77145, 20773: 70500, 20774: 1154, 20775: 69990, 20777: 1391, 20778: 70500, 20779: 1399, 20781: 1457, 20782: 49332, 20784: 57290, 20785: 2048, 20786: 70500, 20789: 1347, 20790: 58543, 20791: 70342, 20792: 46793, 20793: 146, 20794: 49332, 20795: 59008, 20796: 1188, 20797: 75421, 20798: 13699, 20799: 70373, 20800: 1482, 20802: 69242, 20803: 85710, 20804: 57309, 20805: 69242, 20806: 1391, 20807: 72051, 20808: 82067, 20809: 1291, 20810: 63099, 20811: 57070, 20813: 48266, 20814: 1482, 20815: 85687, 20816: 57455, 20817: 85687, 20818: 1391, 20819: 1502, 20820: 1167, 20821: 1116, 20822: 85687, 20823: 46494, 20824: 57417, 20825: 75453, 20826: 75379, 20827: 46494, 20828: 184, 20829: 67720, 20831: 57290, 20832: 57639, 20833: 1291, 20834: 728, 20835: 1502, 20836: 1583, 20837: 57070, 20838: 57070, 20840: 2048, 20841: 1412, 20842: 1357, 20843: 226, 20844: 57455, 20845: 65877, 20846: 1300, 20850: 65877, 20852: 90927, 20853: 51797, 20854: 72051, 20856: 46793, 20858: 48266, 20859: 82070, 20860: 63882, 20861: 63882, 20862: 82070, 20863: 82070, 20864: 395, 20872: 953, 20873: 395, 20874: 0, 20875: 91053, 20876: 683, 20877: 83288, 20881: 75379, 20883: 75453, 20884: 57972, 20885: 59008, 20886: 64727, 20887: 1540, 20888: 82070, 20889: 683, 20890: 64727, 20891: 1391, 20892: 82070, 20894: 85669, 20895: 64790, 20897: 1540, 20900: 1457, 20901: 75379, 20902: 72039, 20904: 63099, 20905: 522, 20906: 765, 20907: 1188, 20909: 65877, 20910: 182, 20911: 849, 20913: 72051, 20916: 85669, 20917: 87001, 20918: 73383, 20919: 63882, 20921: 58543, 20922: 82070, 20923: 690, 20925: 1294, 20926: 85700, 20928: 1300, 20929: 51797, 20930: 61726, 20931: 51797, 20932: 1288, 20933: 57290, 20934: 63099, 20935: 82070, 20936: 91053, 20937: 1399, 20938: 1193, 20939: 1502, 20940: 1223, 20941: 72039, 20942: 1399, 20943: 69985, 20944: 1193, 20948: 83288, 20949: 1193, 20950: 87001, 20951: 1300, 20953: 64727, 20954: 68173, 20955: 1457, 20956: 57639, 20958: 57639, 20959: 65877, 20960: 54448, 20961: 1012, 20962: 1300, 20963: 69995, 20964: 72039, 20965: 91053, 20966: 64790, 20967: 1054, 20968: 44206, 20969: 85700, 20970: 57972, 20971: 63756, 20973: 85710, 20974: 59008, 20975: 1154, 20977: 85710, 20978: 63756, 20979: 0, 20980: 63756, 20981: 49332, 20982: 72039, 20983: 1054, 20985: 72039, 20986: 728, 20987: 64790, 20988: 1054, 20990: 85710, 20992: 68650, 20993: 72039, 20995: 1012, 20997: 83288, 20998: 82070, 20999: 87001, 21000: 63882, 21001: 70500, 21002: 57639, 21003: 57972, 21005: 83288, 21006: 72051, 21007: 2048, 21008: 69995, 21009: 65877, 21011: 72039, 21012: 87001, 21013: 57290, 21014: 65877, 21015: 91053, 21016: 72051, 21017: 64790, 21018: 1193, 21019: 184, 21020: 69985, 21021: 1543, 21022: 75379, 21023: 63270, 21028: 86055, 21030: 85700, 21032: 52945, 21033: 35245, 21034: 1154, 21035: 58543, 21036: 35259, 21037: 1223, 21038: 728, 21039: 63270, 21041: 85700, 21043: 67720, 21045: 1188, 21047: 86055, 21050: 83288, 21053: 1294, 21055: 82080, 21056: 1585, 21057: 1107, 21058: 1107, 21059: 395, 21060: 1107, 21061: 46494, 21062: 1502, 21063: 1014, 21064: 57381, 21065: 1543, 21066: 1188, 21067: 683, 21068: 73383, 21069: 46494, 21070: 69990, 21072: 1107, 21073: 1182, 21074: 67720, 21075: 78645, 21077: 1540, 21084: 1617, 21085: 2114, 21086: 89226, 21087: 87984, 21091: 1012, 21092: 78631, 21093: 63270, 21096: 2114, 21097: 53429, 21098: 65941, 21099: 2114, 21100: 2076, 21101: 57649, 21102: 80140, 21103: 1457, 21104: 51797, 21105: 88653, 21106: 2346, 21107: 62344, 21108: 2346, 21109: 2114, 21110: 90942, 21112: 75379, 21113: 88653, 21115: 2346, 21116: 80140, 21117: 57649, 21118: 88486, 21119: 2076, 21120: 2076, 21121: 74355, 21123: 57649, 21124: 2076, 21125: 53429, 21126: 57649, 21127: 74355, 21128: 57649, 21129: 2114, 21130: 74355, 21132: 53429, 21133: 87984, 21134: 57649, 21135: 88653, 21136: 74355, 21138: 53429, 21139: 88653, 21140: 53429, 21141: 80140, 21142: 2346, 21143: 57649, 21144: 2114, 21145: 88653, 21146: 89226, 21147: 53429, 21148: 2114, 21149: 2076, 21150: 86213, 21151: 87984, 21153: 2114, 21154: 44206, 21155: 86157, 21156: 80140, 21157: 1188, 21159: 89226, 21163: 146, 21164: 86157, 21165: 88653, 21166: 88653, 21167: 80140, 21168: 2114, 21170: 88653, 21171: 53429, 21172: 57649, 21173: 56939, 21174: 90998, 21175: 1223, 21176: 56939, 21177: 56939, 21178: 57649, 21179: 86213, 21180: 90998, 21181: 86213, 21182: 86157, 21184: 56939, 21185: 86213, 21186: 86213, 21187: 0, 21188: 0, 21189: 0, 21190: 78631, 21191: 184, 21192: 59008, 21193: 57639, 21194: 0, 21195: 395, 21196: 1489, 21197: 57649, 21198: 74355, 21199: 2076, 21203: 90998, 21205: 74355, 21206: 86213, 21208: 87984, 21209: 89226, 21223: 683, 21226: 683, 21227: 1585, 21228: 68173, 21229: 0, 21230: 69990, 21231: 519, 21232: 57381, 21233: 1259, 21234: 805, 21235: 690, 21236: 71117, 21237: 71117, 21238: 1288, 21239: 805, 21240: 82080, 21241: 395, 21244: 64727, 21249: 0, 21262: 1489, 21265: 68182, 21271: 65161, 21279: 91053, 21280: 57639, 21288: 63756, 21290: 59008, 21298: 72051, 21303: 1457, 21304: 46494, 21305: 1294, 21306: 1167, 21307: 728, 21308: 1294, 21311: 1347, 21312: 88486, 21313: 1054, 21314: 1540, 21315: 1347, 21316: 71117, 21317: 765, 21318: 395, 21319: 1294, 21322: 69985, 21324: 71117, 21325: 550, 21326: 57455, 21327: 519, 21328: 35259, 21329: 805, 21331: 57972, 21333: 51797, 21334: 57455, 21335: 1357, 21336: 765, 21338: 1054, 21339: 1457, 21340: 1294, 21341: 765, 21344: 1288, 21345: 0, 21346: 57309, 21348: 63099, 21349: 0, 21351: 1259, 21354: 78626, 21356: 77145, 21357: 85646, 21358: 35245, 21363: 1347, 21366: 65941, 21369: 88486, 21370: 1054, 21378: 70342, 21384: 1188, 21398: 805, 21445: 2114, 21446: 58096, 21447: 1357, 21448: 35259, 21450: 69990, 21454: 48922, 21455: 1014, 21460: 1482, 21462: 1585, 21463: 75453, 21465: 0, 21468: 1391, 21470: 226, 21474: 686, 21475: 1012, 21477: 91896, 21478: 61726, 21479: 1107, 21480: 519, 21481: 1161, 21482: 1161, 21483: 70373, 21484: 69995, 21487: 51797, 21488: 65161, 21489: 91053, 21490: 1259, 21491: 1113, 21492: 1161, 21493: 50453, 21494: 342}",0.0,filho
639576.6200463325,Cruzamento,1733628310.2788634,22,"{20331: 57309, 20332: 65341, 20333: 82085, 20334: 57070, 20335: 1182, 20336: 1489, 20337: 1291, 20338: 1084, 20339: 184, 20340: 57309, 20341: 65341, 20342: 1182, 20343: 1489, 20344: 1489, 20345: 68182, 20346: 70373, 20347: 70342, 20348: 1084, 20349: 63099, 20350: 57309, 20351: 51797, 20352: 58096, 20353: 46793, 20354: 849, 20355: 48266, 20356: 1291, 20357: 58096, 20358: 1084, 20359: 46793, 20360: 69990, 20361: 1412, 20362: 765, 20363: 57455, 20364: 1291, 20365: 82085, 20366: 75453, 20367: 90927, 20368: 1617, 20369: 65341, 20370: 70342, 20371: 57070, 20372: 48266, 20373: 1412, 20378: 82085, 20379: 57455, 20380: 1391, 20381: 686, 20383: 13699, 20384: 686, 20385: 69990, 20386: 57257, 20387: 13699, 20388: 75421, 20389: 68182, 20392: 63099, 20393: 58096, 20394: 51797, 20395: 184, 20396: 1347, 20397: 65341, 20398: 2048, 20399: 805, 20400: 1084, 20401: 1482, 20402: 46793, 20403: 1482, 20404: 67720, 20405: 1107, 20406: 57381, 20407: 1502, 20408: 743, 20409: 743, 20410: 1347, 20411: 395, 20412: 1585, 20413: 1489, 20414: 449, 20415: 1188, 20416: 67720, 20417: 519, 20418: 46494, 20419: 71117, 20421: 1347, 20422: 1617, 20423: 1585, 20427: 72051, 20428: 48922, 20429: 44206, 20432: 683, 20433: 1502, 20434: 690, 20436: 1259, 20437: 57381, 20438: 48922, 20439: 683, 20440: 69985, 20441: 690, 20442: 69242, 20443: 46494, 20444: 522, 20445: 522, 20446: 69242, 20447: 69242, 20449: 69995, 20450: 57455, 20451: 1012, 20452: 54448, 20453: 1585, 20454: 50588, 20455: 52945, 20456: 50588, 20457: 63756, 20458: 65161, 20459: 1585, 20460: 1161, 20461: 80479, 20462: 57290, 20463: 1412, 20465: 69990, 20466: 1012, 20467: 57257, 20468: 67720, 20469: 743, 20471: 1014, 20472: 71117, 20473: 1107, 20475: 805, 20476: 690, 20481: 1107, 20482: 35245, 20484: 75379, 20485: 69995, 20486: 54448, 20487: 1502, 20488: 1188, 20489: 728, 20490: 71117, 20491: 57381, 20492: 44206, 20493: 1014, 20494: 91896, 20495: 72051, 20496: 849, 20497: 69995, 20499: 88486, 20501: 71117, 20503: 1357, 20504: 765, 20505: 1167, 20506: 1294, 20507: 65877, 20508: 54448, 20509: 46793, 20510: 52945, 20511: 75379, 20512: 52945, 20513: 1291, 20514: 69995, 20515: 70342, 20517: 63270, 20518: 913, 20519: 1012, 20520: 54448, 20521: 63270, 20522: 913, 20523: 519, 20524: 70342, 20525: 1259, 20527: 68173, 20528: 57381, 20530: 91896, 20531: 182, 20532: 71117, 20533: 75421, 20534: 35245, 20535: 71117, 20536: 44206, 20537: 75958, 20538: 35259, 20539: 70342, 20540: 67720, 20541: 1014, 20542: 48922, 20543: 59008, 20544: 1014, 20545: 449, 20546: 1585, 20547: 69995, 20549: 913, 20550: 1161, 20552: 1502, 20553: 728, 20554: 1188, 20555: 85710, 20556: 1182, 20557: 849, 20558: 1399, 20559: 1391, 20560: 1116, 20561: 57070, 20563: 78631, 20564: 44206, 20565: 1167, 20567: 1457, 20569: 63756, 20570: 59008, 20571: 743, 20572: 68173, 20573: 728, 20574: 70342, 20575: 1347, 20576: 44206, 20577: 690, 20578: 91896, 20579: 75958, 20580: 449, 20581: 69990, 20582: 35259, 20583: 69985, 20584: 91896, 20585: 75379, 20587: 63756, 20588: 85646, 20589: 913, 20590: 46494, 20591: 1259, 20592: 57290, 20593: 69985, 20594: 70342, 20595: 1502, 20596: 67720, 20597: 69985, 20599: 1585, 20600: 75379, 20601: 1161, 20602: 226, 20605: 35245, 20606: 64727, 20607: 1585, 20608: 1223, 20609: 64727, 20610: 1482, 20611: 65877, 20612: 69995, 20613: 1457, 20614: 69995, 20615: 686, 20616: 69990, 20617: 1540, 20618: 1116, 20619: 85710, 20620: 1107, 20621: 1107, 20622: 75453, 20624: 75453, 20625: 686, 20626: 953, 20628: 953, 20630: 66626, 20631: 1543, 20633: 46494, 20634: 690, 20635: 68182, 20636: 54448, 20637: 75421, 20638: 1288, 20639: 1391, 20640: 85669, 20641: 57639, 20642: 1193, 20643: 62344, 20645: 52945, 20646: 52945, 20647: 1193, 20648: 58096, 20650: 953, 20651: 85669, 20652: 1391, 20653: 57639, 20654: 686, 20655: 1583, 20656: 70342, 20659: 1173, 20661: 75379, 20662: 75453, 20663: 913, 20669: 69985, 20670: 35259, 20671: 57639, 20672: 65877, 20673: 73235, 20675: 61726, 20676: 75453, 20677: 1540, 20678: 78631, 20680: 1543, 20681: 728, 20684: 743, 20688: 82080, 20689: 1161, 20690: 66626, 20692: 57257, 20693: 58543, 20694: 913, 20695: 1489, 20696: 1161, 20697: 184, 20698: 62344, 20699: 50588, 20700: 1173, 20701: 63756, 20702: 1182, 20703: 54448, 20704: 63756, 20705: 64727, 20706: 69242, 20707: 63756, 20708: 1054, 20709: 1161, 20710: 1161, 20711: 68173, 20712: 0, 20713: 75421, 20714: 52945, 20715: 73383, 20716: 70342, 20717: 58543, 20719: 52945, 20720: 46793, 20721: 1012, 20722: 46494, 20723: 184, 20724: 46793, 20725: 78631, 20726: 80479, 20727: 1347, 20729: 1412, 20730: 57972, 20731: 1014, 20732: 83288, 20734: 57455, 20735: 62344, 20736: 73383, 20737: 59008, 20739: 75379, 20740: 1543, 20741: 85710, 20742: 75379, 20743: 686, 20744: 395, 20746: 1457, 20747: 49332, 20748: 1357, 20749: 63756, 20750: 1012, 20751: 85710, 20752: 46494, 20754: 1259, 20757: 1012, 20758: 35245, 20759: 58096, 20761: 63099, 20762: 75453, 20763: 1084, 20764: 1617, 20765: 1482, 20766: 75453, 20768: 0, 20769: 449, 20770: 77145, 20773: 63270, 20774: 1300, 20775: 57070, 20777: 57070, 20778: 146, 20779: 1347, 20781: 1543, 20782: 1223, 20784: 146, 20785: 146, 20786: 1154, 20789: 690, 20790: 58543, 20791: 1583, 20792: 49332, 20793: 728, 20794: 48266, 20795: 44206, 20796: 78631, 20797: 69242, 20798: 75421, 20799: 2048, 20800: 13699, 20802: 13828, 20803: 1288, 20804: 1154, 20805: 13699, 20806: 1391, 20807: 522, 20808: 85687, 20809: 1347, 20810: 46793, 20811: 70342, 20813: 70373, 20814: 2048, 20815: 85687, 20816: 184, 20817: 85687, 20818: 1347, 20819: 690, 20820: 78631, 20821: 46494, 20822: 75379, 20823: 82080, 20824: 57455, 20825: 83288, 20826: 1188, 20827: 85710, 20828: 1399, 20829: 59008, 20831: 72051, 20832: 1357, 20833: 57257, 20834: 58543, 20835: 44206, 20836: 1182, 20837: 0, 20838: 78631, 20840: 57257, 20841: 765, 20842: 190, 20843: 1543, 20844: 82085, 20845: 190, 20846: 1167, 20850: 72039, 20852: 1391, 20853: 85710, 20854: 1014, 20856: 0, 20858: 48266, 20859: 82070, 20860: 63882, 20861: 63882, 20862: 82070, 20863: 82070, 20864: 395, 20872: 953, 20873: 35245, 20874: 184, 20875: 70500, 20876: 59008, 20877: 82070, 20881: 57417, 20883: 75379, 20884: 65877, 20885: 85646, 20886: 78631, 20887: 61726, 20888: 65877, 20889: 805, 20890: 57639, 20891: 64727, 20892: 65877, 20894: 1457, 20895: 1300, 20897: 71117, 20900: 61726, 20901: 75379, 20902: 72039, 20904: 184, 20905: 44206, 20906: 57309, 20907: 64790, 20909: 0, 20910: 67720, 20911: 69990, 20913: 522, 20916: 1457, 20917: 82070, 20918: 73383, 20919: 72039, 20921: 72051, 20922: 84328, 20923: 68173, 20925: 1294, 20926: 1188, 20928: 48266, 20929: 51797, 20930: 61726, 20931: 51797, 20932: 59008, 20933: 72051, 20934: 63099, 20935: 84328, 20936: 57639, 20937: 54448, 20938: 63099, 20939: 1107, 20940: 1347, 20941: 63882, 20942: 63756, 20943: 728, 20944: 1391, 20948: 57972, 20949: 64727, 20950: 72039, 20951: 1223, 20953: 59008, 20954: 1585, 20955: 1116, 20956: 1399, 20958: 65161, 20959: 57972, 20960: 146, 20961: 1502, 20962: 1223, 20963: 69995, 20964: 83288, 20965: 57639, 20966: 63099, 20967: 1054, 20968: 64727, 20969: 91053, 20970: 83288, 20971: 1193, 20973: 1054, 20974: 146, 20975: 1188, 20977: 78631, 20978: 57972, 20979: 64790, 20980: 64727, 20981: 67720, 20982: 83288, 20983: 1502, 20985: 87001, 20986: 91053, 20987: 59008, 20988: 85710, 20990: 63756, 20992: 64790, 20993: 87001, 20995: 1012, 20997: 83288, 20998: 82070, 20999: 83288, 21000: 63882, 21001: 1188, 21002: 1167, 21003: 57972, 21005: 72039, 21006: 57417, 21007: 54448, 21008: 953, 21009: 57972, 21011: 72039, 21012: 63882, 21013: 2048, 21014: 87001, 21015: 184, 21016: 65941, 21017: 58543, 21018: 85700, 21019: 75453, 21020: 1617, 21021: 63756, 21022: 2048, 21023: 1167, 21028: 86055, 21030: 85700, 21032: 1543, 21033: 146, 21034: 1167, 21035: 54448, 21036: 449, 21037: 1154, 21038: 85710, 21039: 226, 21041: 52945, 21043: 57417, 21045: 57639, 21047: 86055, 21050: 1182, 21053: 1294, 21055: 1585, 21056: 57381, 21057: 1107, 21058: 58096, 21059: 395, 21060: 1107, 21061: 72051, 21062: 683, 21063: 449, 21064: 1107, 21065: 44206, 21066: 57381, 21067: 1014, 21068: 72051, 21069: 72051, 21070: 57290, 21072: 57381, 21073: 849, 21074: 35259, 21075: 48922, 21077: 1540, 21084: 82080, 21085: 56939, 21086: 90942, 21087: 56939, 21091: 190, 21092: 1399, 21093: 2048, 21096: 2114, 21097: 2114, 21098: 51797, 21099: 87984, 21100: 74355, 21101: 80140, 21102: 56939, 21103: 1116, 21104: 1193, 21105: 88653, 21106: 74355, 21107: 61726, 21108: 53429, 21109: 2114, 21110: 89226, 21112: 75453, 21113: 2346, 21115: 89226, 21116: 53429, 21117: 74355, 21118: 35259, 21119: 74355, 21120: 2076, 21121: 88653, 21123: 80140, 21124: 88653, 21125: 2114, 21126: 2114, 21127: 74355, 21128: 53429, 21129: 57649, 21130: 74355, 21132: 53429, 21133: 90998, 21134: 53429, 21135: 89226, 21136: 2114, 21138: 57649, 21139: 88653, 21140: 74355, 21141: 56939, 21142: 89226, 21143: 53429, 21144: 2114, 21145: 2346, 21146: 89226, 21147: 88653, 21148: 53429, 21149: 86213, 21150: 80140, 21151: 87984, 21153: 80140, 21154: 146, 21155: 86213, 21156: 56939, 21157: 1188, 21159: 2076, 21163: 1223, 21164: 2076, 21165: 90998, 21166: 2346, 21167: 56939, 21168: 88653, 21170: 80140, 21171: 2076, 21172: 87984, 21173: 86213, 21174: 2076, 21175: 1188, 21176: 86213, 21177: 56939, 21178: 57649, 21179: 86213, 21180: 90998, 21181: 2114, 21182: 0, 21184: 86157, 21185: 0, 21186: 2076, 21187: 0, 21188: 1223, 21189: 0, 21190: 1457, 21191: 184, 21192: 65941, 21193: 1193, 21194: 0, 21195: 57290, 21196: 849, 21197: 53429, 21198: 74355, 21199: 2076, 21203: 86213, 21205: 2346, 21206: 90998, 21208: 87984, 21209: 89226, 21223: 743, 21226: 683, 21227: 449, 21228: 57290, 21229: 519, 21230: 57290, 21231: 1107, 21232: 57381, 21233: 82080, 21234: 82080, 21235: 522, 21236: 82080, 21237: 57290, 21238: 71117, 21239: 0, 21240: 805, 21241: 46494, 21244: 1173, 21249: 80479, 21262: 1391, 21265: 75421, 21271: 75453, 21279: 91053, 21280: 57639, 21288: 1188, 21290: 65941, 21298: 52945, 21303: 57455, 21304: 226, 21305: 88486, 21306: 1457, 21307: 226, 21308: 765, 21311: 46494, 21312: 63756, 21313: 35259, 21314: 88486, 21315: 64790, 21316: 63756, 21317: 1113, 21318: 64790, 21319: 1347, 21322: 82080, 21324: 395, 21325: 78626, 21326: 13828, 21327: 395, 21328: 13828, 21329: 550, 21331: 65877, 21333: 51797, 21334: 57455, 21335: 1113, 21336: 85669, 21338: 226, 21339: 71117, 21340: 1457, 21341: 1294, 21344: 51797, 21345: 0, 21346: 70500, 21348: 1193, 21349: 0, 21351: 72051, 21354: 13828, 21356: 57309, 21357: 64727, 21358: 226, 21363: 1412, 21366: 51797, 21369: 1347, 21370: 1357, 21378: 1014, 21384: 46494, 21398: 550, 21445: 53429, 21446: 57070, 21447: 1399, 21448: 69990, 21450: 78645, 21454: 48922, 21455: 1014, 21460: 1482, 21462: 1585, 21463: 75453, 21465: 0, 21468: 1391, 21470: 226, 21474: 686, 21475: 1012, 21477: 91896, 21478: 61726, 21479: 1107, 21480: 519, 21481: 1161, 21482: 1161, 21483: 70373, 21484: 69995, 21487: 51797, 21488: 65161, 21489: 91053, 21490: 1259, 21491: 1113, 21492: 1161, 21493: 50453, 21494: 342}",0.0,filho
642115.4996689989,Cruzamento,1733628310.2788634,22,"{20331: 46793, 20332: 48266, 20333: 75421, 20334: 69990, 20335: 46793, 20336: 75421, 20337: 57070, 20338: 1084, 20339: 1482, 20340: 1182, 20341: 1489, 20342: 2048, 20343: 58096, 20344: 1489, 20345: 70373, 20346: 68182, 20347: 48266, 20348: 1182, 20349: 1347, 20350: 70373, 20351: 58096, 20352: 57257, 20353: 63099, 20354: 57257, 20355: 51797, 20356: 765, 20357: 70342, 20358: 57455, 20359: 69990, 20360: 849, 20361: 1583, 20362: 58096, 20363: 1347, 20364: 1294, 20365: 65341, 20366: 1391, 20367: 75453, 20368: 82085, 20369: 90927, 20370: 48266, 20371: 70373, 20372: 70342, 20373: 1583, 20378: 2048, 20379: 1182, 20380: 69242, 20381: 849, 20383: 1482, 20384: 63099, 20385: 63099, 20386: 1412, 20387: 1583, 20388: 63099, 20389: 1482, 20392: 46793, 20393: 70342, 20394: 69990, 20395: 1291, 20396: 728, 20397: 57455, 20398: 49332, 20399: 44206, 20400: 57257, 20401: 849, 20402: 46793, 20403: 57257, 20404: 1502, 20405: 1107, 20406: 57381, 20407: 1502, 20408: 743, 20409: 743, 20410: 1347, 20411: 395, 20412: 1585, 20413: 1489, 20414: 449, 20415: 1188, 20416: 67720, 20417: 519, 20418: 46494, 20419: 71117, 20421: 1347, 20422: 1617, 20423: 1585, 20427: 72051, 20428: 48922, 20429: 44206, 20432: 683, 20433: 1502, 20434: 690, 20436: 1259, 20437: 57381, 20438: 48922, 20439: 683, 20440: 69985, 20441: 690, 20442: 69242, 20443: 46494, 20444: 522, 20445: 522, 20446: 69242, 20447: 69242, 20449: 69995, 20450: 57455, 20451: 1012, 20452: 54448, 20453: 1585, 20454: 50588, 20455: 52945, 20456: 50588, 20457: 63756, 20458: 65161, 20459: 1585, 20460: 1161, 20461: 80479, 20462: 57290, 20463: 1412, 20465: 69990, 20466: 1012, 20467: 57257, 20468: 67720, 20469: 743, 20471: 1014, 20472: 71117, 20473: 1107, 20475: 805, 20476: 690, 20481: 1107, 20482: 35245, 20484: 75379, 20485: 69995, 20486: 54448, 20487: 1502, 20488: 1188, 20489: 728, 20490: 71117, 20491: 57381, 20492: 44206, 20493: 1014, 20494: 91896, 20495: 72051, 20496: 849, 20497: 69995, 20499: 88486, 20501: 71117, 20503: 1357, 20504: 765, 20505: 1167, 20506: 1294, 20507: 65877, 20508: 54448, 20509: 46793, 20510: 52945, 20511: 75379, 20512: 52945, 20513: 1291, 20514: 69995, 20515: 70342, 20517: 63270, 20518: 913, 20519: 1012, 20520: 54448, 20521: 63270, 20522: 913, 20523: 519, 20524: 70342, 20525: 1259, 20527: 68173, 20528: 57381, 20530: 91896, 20531: 182, 20532: 71117, 20533: 75421, 20534: 35245, 20535: 71117, 20536: 44206, 20537: 75958, 20538: 35259, 20539: 70342, 20540: 67720, 20541: 1014, 20542: 48922, 20543: 59008, 20544: 1014, 20545: 449, 20546: 1585, 20547: 69995, 20549: 913, 20550: 1161, 20552: 1502, 20553: 728, 20554: 1188, 20555: 85710, 20556: 1182, 20557: 849, 20558: 1399, 20559: 1391, 20560: 1116, 20561: 57070, 20563: 78631, 20564: 44206, 20565: 1167, 20567: 1457, 20569: 63756, 20570: 59008, 20571: 743, 20572: 68173, 20573: 728, 20574: 70342, 20575: 1347, 20576: 44206, 20577: 690, 20578: 91896, 20579: 75958, 20580: 449, 20581: 69990, 20582: 35259, 20583: 69985, 20584: 91896, 20585: 75379, 20587: 63756, 20588: 85646, 20589: 913, 20590: 46494, 20591: 1259, 20592: 57290, 20593: 69985, 20594: 70342, 20595: 1502, 20596: 67720, 20597: 69985, 20599: 1585, 20600: 75379, 20601: 1161, 20602: 226, 20605: 35245, 20606: 64727, 20607: 1585, 20608: 1223, 20609: 64727, 20610: 1482, 20611: 65877, 20612: 69995, 20613: 1457, 20614: 69995, 20615: 686, 20616: 69990, 20617: 1540, 20618: 1116, 20619: 85710, 20620: 1107, 20621: 1107, 20622: 75453, 20624: 75453, 20625: 686, 20626: 953, 20628: 953, 20630: 66626, 20631: 1543, 20633: 46494, 20634: 690, 20635: 68182, 20636: 54448, 20637: 75421, 20638: 1288, 20639: 1391, 20640: 85669, 20641: 57639, 20642: 1193, 20643: 62344, 20645: 52945, 20646: 52945, 20647: 1193, 20648: 58096, 20650: 953, 20651: 85669, 20652: 1391, 20653: 57639, 20654: 686, 20655: 1583, 20656: 70342, 20659: 1173, 20661: 75379, 20662: 75453, 20663: 913, 20669: 69985, 20670: 35259, 20671: 57639, 20672: 65877, 20673: 73235, 20675: 61726, 20676: 75453, 20677: 1540, 20678: 78631, 20680: 1543, 20681: 728, 20684: 743, 20688: 82080, 20689: 1161, 20690: 66626, 20692: 57257, 20693: 58543, 20694: 913, 20695: 1489, 20696: 1161, 20697: 184, 20698: 62344, 20699: 50588, 20700: 1173, 20701: 63756, 20702: 1182, 20703: 54448, 20704: 63756, 20705: 64727, 20706: 69242, 20707: 63756, 20708: 1054, 20709: 1161, 20710: 1161, 20711: 68173, 20712: 0, 20713: 75421, 20714: 52945, 20715: 73383, 20716: 70342, 20717: 58543, 20719: 52945, 20720: 46793, 20721: 1012, 20722: 46494, 20723: 184, 20724: 46793, 20725: 78631, 20726: 80479, 20727: 1347, 20729: 1412, 20730: 57972, 20731: 1014, 20732: 83288, 20734: 57455, 20735: 62344, 20736: 73383, 20737: 59008, 20739: 75379, 20740: 1543, 20741: 85710, 20742: 75379, 20743: 686, 20744: 395, 20746: 1457, 20747: 49332, 20748: 1357, 20749: 63756, 20750: 1012, 20751: 85710, 20752: 46494, 20754: 1259, 20757: 1012, 20758: 35245, 20759: 58096, 20761: 63099, 20762: 75453, 20763: 1084, 20764: 1617, 20765: 1482, 20766: 75453, 20768: 0, 20769: 449, 20770: 77145, 20773: 63270, 20774: 1300, 20775: 57070, 20777: 57070, 20778: 146, 20779: 1347, 20781: 1543, 20782: 1223, 20784: 146, 20785: 146, 20786: 1154, 20789: 690, 20790: 58543, 20791: 1583, 20792: 49332, 20793: 728, 20794: 48266, 20795: 44206, 20796: 78631, 20797: 69242, 20798: 75421, 20799: 2048, 20800: 13699, 20802: 13828, 20803: 1288, 20804: 1154, 20805: 13699, 20806: 1391, 20807: 522, 20808: 85687, 20809: 1347, 20810: 46793, 20811: 70342, 20813: 70373, 20814: 2048, 20815: 85687, 20816: 184, 20817: 85687, 20818: 1347, 20819: 1502, 20820: 62344, 20821: 62344, 20822: 849, 20823: 805, 20824: 57309, 20825: 78631, 20826: 184, 20827: 69990, 20828: 70500, 20829: 1347, 20831: 57290, 20832: 1182, 20833: 1294, 20834: 72051, 20835: 1399, 20836: 58096, 20837: 70373, 20838: 1502, 20840: 49332, 20841: 1182, 20842: 58096, 20843: 1223, 20844: 82085, 20845: 85669, 20846: 1300, 20850: 72039, 20852: 1391, 20853: 1167, 20854: 82080, 20856: 46793, 20858: 70373, 20859: 82070, 20860: 82070, 20861: 63882, 20862: 63882, 20863: 82070, 20864: 395, 20872: 953, 20873: 35245, 20874: 0, 20875: 91053, 20876: 13828, 20877: 57972, 20881: 57417, 20883: 57639, 20884: 83288, 20885: 57417, 20886: 78631, 20887: 71117, 20888: 63882, 20889: 57381, 20890: 59008, 20891: 70500, 20892: 82070, 20894: 69990, 20895: 63270, 20897: 226, 20900: 953, 20901: 1223, 20902: 72039, 20904: 1300, 20905: 44206, 20906: 75453, 20907: 65941, 20909: 65877, 20910: 70342, 20911: 69995, 20913: 73383, 20916: 57309, 20917: 63882, 20918: 57290, 20919: 87001, 20921: 72051, 20922: 84328, 20923: 690, 20925: 1294, 20926: 65941, 20928: 72051, 20929: 85710, 20930: 61726, 20931: 64790, 20932: 69995, 20933: 805, 20934: 63099, 20935: 63882, 20936: 58543, 20937: 146, 20938: 1193, 20939: 35259, 20940: 72051, 20941: 82070, 20942: 67720, 20943: 48922, 20944: 64790, 20948: 63882, 20949: 57639, 20950: 72039, 20951: 64790, 20953: 63099, 20954: 48922, 20955: 1457, 20956: 63099, 20958: 1188, 20959: 87001, 20960: 64790, 20961: 1054, 20962: 51797, 20963: 1193, 20964: 83288, 20965: 57639, 20966: 1399, 20967: 85710, 20968: 59008, 20969: 70500, 20970: 65877, 20971: 52945, 20973: 1116, 20974: 57639, 20975: 63270, 20977: 57070, 20978: 57972, 20979: 1288, 20980: 64727, 20981: 57309, 20982: 72039, 20983: 1502, 20985: 65877, 20986: 1399, 20987: 1399, 20988: 1502, 20990: 1116, 20992: 70500, 20993: 72039, 20995: 63756, 20997: 87001, 20998: 63882, 20999: 87001, 21000: 82070, 21001: 48266, 21002: 1357, 21003: 83288, 21005: 65877, 21006: 57290, 21007: 1288, 21008: 686, 21009: 63882, 21011: 84328, 21012: 87001, 21013: 57417, 21014: 57972, 21015: 85700, 21016: 64790, 21017: 70500, 21018: 35245, 21019: 91053, 21020: 1347, 21021: 44206, 21022: 52945, 21023: 63270, 21028: 85700, 21030: 86055, 21032: 57417, 21033: 85710, 21034: 2048, 21035: 226, 21036: 67720, 21037: 68650, 21038: 395, 21039: 67720, 21041: 1193, 21043: 75379, 21045: 1300, 21047: 52945, 21050: 83288, 21053: 1294, 21055: 82080, 21056: 57381, 21057: 0, 21058: 1161, 21059: 395, 21060: 395, 21061: 78645, 21062: 78645, 21063: 1543, 21064: 46494, 21065: 68173, 21066: 44206, 21067: 1259, 21068: 46494, 21069: 48922, 21070: 1107, 21072: 69990, 21073: 1167, 21074: 67720, 21075: 78645, 21077: 1540, 21084: 1617, 21085: 87984, 21086: 80140, 21087: 90998, 21091: 1357, 21092: 1457, 21093: 85646, 21096: 57649, 21097: 57649, 21098: 63099, 21099: 2114, 21100: 74355, 21101: 2114, 21102: 56939, 21103: 1107, 21104: 91053, 21105: 2076, 21106: 57649, 21107: 57972, 21108: 74355, 21109: 53429, 21110: 80140, 21112: 1540, 21113: 57649, 21115: 89226, 21116: 57649, 21117: 74355, 21118: 58096, 21119: 80140, 21120: 80140, 21121: 56939, 21123: 56939, 21124: 2076, 21125: 53429, 21126: 53429, 21127: 88653, 21128: 74355, 21129: 2114, 21130: 74355, 21132: 57649, 21133: 90998, 21134: 57649, 21135: 80140, 21136: 57649, 21138: 53429, 21139: 89226, 21140: 57649, 21141: 87984, 21142: 80140, 21143: 74355, 21144: 2114, 21145: 2346, 21146: 89226, 21147: 2076, 21148: 53429, 21149: 56939, 21150: 86157, 21151: 2076, 21153: 74355, 21154: 146, 21155: 86213, 21156: 86157, 21157: 1188, 21159: 89226, 21163: 1288, 21164: 86157, 21165: 87984, 21166: 86213, 21167: 87984, 21168: 87984, 21170: 2346, 21171: 56939, 21172: 56939, 21173: 2076, 21174: 90998, 21175: 57417, 21176: 57649, 21177: 86157, 21178: 86213, 21179: 80140, 21180: 2346, 21181: 86213, 21182: 86157, 21184: 86157, 21185: 80140, 21186: 86213, 21187: 0, 21188: 0, 21189: 0, 21190: 91053, 21191: 184, 21192: 65941, 21193: 146, 21194: 0, 21195: 1300, 21196: 58096, 21197: 53429, 21198: 2114, 21199: 2076, 21203: 80140, 21205: 80140, 21206: 90998, 21208: 87984, 21209: 80140, 21223: 44206, 21226: 69990, 21227: 75958, 21228: 449, 21229: 519, 21230: 1014, 21231: 449, 21232: 78645, 21233: 69242, 21234: 78645, 21235: 78645, 21236: 1288, 21237: 1107, 21238: 1288, 21239: 1014, 21240: 1617, 21241: 395, 21244: 1173, 21249: 1012, 21262: 1489, 21265: 1412, 21271: 70500, 21279: 57417, 21280: 1391, 21288: 57070, 21290: 63270, 21298: 63270, 21303: 57455, 21304: 226, 21305: 1167, 21306: 1347, 21307: 1347, 21308: 1294, 21311: 1294, 21312: 46494, 21313: 765, 21314: 1113, 21315: 226, 21316: 1054, 21317: 46494, 21318: 64790, 21319: 765, 21322: 522, 21324: 1347, 21325: 78626, 21326: 805, 21327: 46494, 21328: 78626, 21329: 805, 21331: 65877, 21333: 51797, 21334: 57455, 21335: 71117, 21336: 1457, 21338: 1457, 21339: 1113, 21340: 63756, 21341: 51797, 21344: 1300, 21345: 65877, 21346: 1391, 21348: 63099, 21349: 0, 21351: 1259, 21354: 395, 21356: 77145, 21357: 85646, 21358: 226, 21363: 1294, 21366: 1223, 21369: 226, 21370: 1357, 21378: 1543, 21384: 69242, 21398: 550, 21445: 57649, 21446: 57639, 21447: 46494, 21448: 728, 21450: 69242, 21454: 57290, 21455: 449, 21460: 13699, 21462: 1502, 21463: 65877, 21465: 0, 21468: 1167, 21470: 1502, 21474: 1161, 21475: 63756, 21477: 75958, 21478: 1357, 21479: 46494, 21480: 805, 21481: 1116, 21482: 78631, 21483: 0, 21484: 69995, 21487: 63756, 21488: 51797, 21489: 85700, 21490: 1259, 21491: 245, 21492: 62344, 21493: 342, 21494: 50453}",0.0,invalido
641939.9572939998,Mutação,1733628313.3684409,23,"{20331: 1294, 20332: 70342, 20333: 1482, 20334: 1347, 20335: 1412, 20336: 48266, 20337: 65341, 20338: 1182, 20339: 1084, 20340: 57309, 20341: 765, 20342: 2048, 20343: 69242, 20344: 849, 20345: 63099, 20346: 1084, 20347: 1489, 20348: 48266, 20349: 1347, 20350: 69990, 20351: 1347, 20352: 57309, 20353: 57257, 20354: 46793, 20355: 1347, 20356: 1291, 20357: 1583, 20358: 2048, 20359: 1291, 20360: 765, 20361: 75421, 20362: 1489, 20363: 184, 20364: 70342, 20365: 70171, 20366: 82085, 20367: 77145, 20368: 65341, 20369: 75453, 20370: 48266, 20371: 1347, 20372: 46793, 20373: 1617, 20378: 65341, 20379: 75421, 20380: 1489, 20381: 1182, 20383: 57257, 20384: 63099, 20385: 57257, 20386: 13699, 20387: 70342, 20388: 1084, 20389: 75421, 20392: 1084, 20393: 69242, 20394: 51797, 20395: 48266, 20396: 449, 20397: 1583, 20398: 765, 20399: 44206, 20400: 46793, 20401: 1412, 20402: 48266, 20403: 184, 20404: 743, 20405: 82080, 20406: 728, 20407: 395, 20408: 449, 20409: 35259, 20410: 690, 20411: 67720, 20412: 75379, 20413: 1482, 20414: 67720, 20415: 71117, 20416: 70342, 20417: 57381, 20418: 82080, 20419: 519, 20421: 1294, 20422: 1489, 20423: 1585, 20427: 44206, 20428: 57381, 20429: 57381, 20432: 1543, 20433: 449, 20434: 690, 20436: 805, 20437: 69242, 20438: 69990, 20439: 1259, 20440: 743, 20441: 46494, 20442: 69985, 20443: 690, 20444: 82080, 20445: 805, 20446: 67720, 20447: 78645, 20449: 1012, 20450: 69995, 20451: 80479, 20452: 57455, 20453: 57455, 20454: 52945, 20455: 913, 20456: 50588, 20457: 51797, 20458: 913, 20459: 1161, 20460: 1585, 20461: 63270, 20462: 69995, 20463: 49332, 20465: 65341, 20466: 1012, 20467: 1291, 20468: 1107, 20469: 71117, 20471: 57381, 20472: 57381, 20473: 743, 20475: 72051, 20476: 1617, 20481: 57290, 20482: 75379, 20484: 85646, 20485: 75379, 20486: 54448, 20487: 449, 20488: 1188, 20489: 743, 20490: 70342, 20491: 67720, 20492: 805, 20493: 1107, 20494: 46494, 20495: 13828, 20496: 75453, 20497: 50588, 20499: 65877, 20501: 44206, 20503: 57639, 20504: 69990, 20505: 62344, 20506: 85710, 20507: 1357, 20508: 1161, 20509: 50588, 20510: 913, 20511: 85646, 20512: 70342, 20513: 1291, 20514: 64790, 20515: 913, 20517: 69995, 20518: 69995, 20519: 63270, 20520: 52945, 20521: 65161, 20522: 1161, 20523: 1259, 20524: 68173, 20525: 519, 20527: 82080, 20528: 1502, 20530: 46494, 20531: 59008, 20532: 805, 20533: 75421, 20534: 65161, 20535: 48922, 20536: 44206, 20537: 69985, 20538: 69990, 20539: 449, 20540: 690, 20541: 1617, 20542: 75958, 20543: 48922, 20544: 728, 20545: 91896, 20546: 71117, 20547: 64790, 20549: 80479, 20550: 51797, 20552: 1288, 20553: 1502, 20554: 743, 20555: 62344, 20556: 65877, 20557: 75379, 20558: 1107, 20559: 61726, 20560: 65877, 20561: 85710, 20563: 1167, 20564: 57070, 20565: 69990, 20567: 849, 20569: 63270, 20570: 91896, 20571: 1585, 20572: 1288, 20573: 67720, 20574: 70342, 20575: 44206, 20576: 75958, 20577: 69985, 20578: 1347, 20579: 71117, 20580: 68173, 20581: 1617, 20582: 35259, 20583: 1288, 20584: 743, 20585: 2048, 20587: 1012, 20588: 63270, 20589: 52945, 20590: 82080, 20591: 57381, 20592: 1188, 20593: 57290, 20594: 46494, 20595: 73383, 20596: 73383, 20597: 805, 20599: 1012, 20600: 63270, 20601: 63270, 20602: 35245, 20605: 226, 20606: 1161, 20607: 52945, 20608: 58096, 20609: 1173, 20610: 1084, 20611: 65877, 20612: 75453, 20613: 1457, 20614: 849, 20615: 69995, 20616: 849, 20617: 1167, 20618: 1540, 20619: 765, 20620: 953, 20621: 1167, 20622: 686, 20624: 1457, 20625: 65877, 20626: 686, 20628: 65877, 20630: 66626, 20631: 519, 20633: 1107, 20634: 72051, 20635: 1084, 20636: 913, 20637: 1291, 20638: 146, 20639: 85669, 20640: 0, 20641: 52945, 20642: 1391, 20643: 1193, 20645: 1391, 20646: 953, 20647: 686, 20648: 58096, 20650: 58096, 20651: 62344, 20652: 686, 20653: 1193, 20654: 85669, 20655: 1412, 20656: 58096, 20659: 1585, 20661: 69995, 20662: 57257, 20663: 913, 20669: 522, 20670: 78631, 20671: 57639, 20672: 35259, 20673: 57972, 20675: 61726, 20676: 57972, 20677: 73235, 20678: 62344, 20680: 68173, 20681: 449, 20684: 1347, 20688: 1617, 20689: 69995, 20690: 1173, 20692: 57257, 20693: 85669, 20694: 66626, 20695: 1489, 20696: 1173, 20697: 1182, 20698: 58543, 20699: 63756, 20700: 50588, 20701: 913, 20702: 849, 20703: 54448, 20704: 66626, 20705: 75379, 20706: 1182, 20707: 70342, 20708: 46494, 20709: 1161, 20710: 1161, 20711: 519, 20712: 0, 20713: 75421, 20714: 52945, 20715: 690, 20716: 70342, 20717: 57639, 20719: 1585, 20720: 75453, 20721: 913, 20722: 805, 20723: 51797, 20724: 80479, 20725: 85669, 20726: 46793, 20727: 78631, 20729: 1617, 20730: 88486, 20731: 48922, 20732: 1054, 20734: 683, 20735: 57309, 20736: 1014, 20737: 73383, 20739: 35259, 20740: 1347, 20741: 1182, 20742: 1167, 20743: 849, 20744: 68650, 20746: 69990, 20747: 226, 20748: 58096, 20749: 69990, 20750: 686, 20751: 1399, 20752: 1502, 20754: 44206, 20757: 1161, 20758: 1012, 20759: 62344, 20761: 1482, 20762: 75453, 20763: 63099, 20764: 1084, 20765: 63099, 20766: 63099, 20768: 184, 20769: 395, 20770: 77145, 20773: 70500, 20774: 57417, 20775: 849, 20777: 1391, 20778: 70500, 20779: 1399, 20781: 1457, 20782: 49332, 20784: 57290, 20785: 2048, 20786: 70500, 20789: 1347, 20790: 58543, 20791: 70342, 20792: 46793, 20793: 85710, 20794: 49332, 20795: 59008, 20796: 1188, 20797: 75421, 20798: 1084, 20799: 70373, 20800: 1482, 20802: 69242, 20803: 85710, 20804: 57309, 20805: 69242, 20806: 1391, 20807: 72051, 20808: 82067, 20809: 1291, 20810: 63099, 20811: 57070, 20813: 48266, 20814: 1482, 20815: 85687, 20816: 57455, 20817: 85687, 20818: 1391, 20819: 1502, 20820: 1167, 20821: 1116, 20822: 85687, 20823: 46494, 20824: 57417, 20825: 75453, 20826: 75379, 20827: 46494, 20828: 184, 20829: 67720, 20831: 57290, 20832: 57639, 20833: 1291, 20834: 728, 20835: 1502, 20836: 1583, 20837: 57070, 20838: 57070, 20840: 2048, 20841: 1412, 20842: 1357, 20843: 226, 20844: 57455, 20845: 65877, 20846: 1300, 20850: 65877, 20852: 90927, 20853: 51797, 20854: 72051, 20856: 686, 20858: 48266, 20859: 82070, 20860: 63882, 20861: 63882, 20862: 0, 20863: 63882, 20864: 395, 20872: 953, 20873: 395, 20874: 0, 20875: 91053, 20876: 683, 20877: 83288, 20881: 75379, 20883: 57417, 20884: 57972, 20885: 57417, 20886: 64727, 20887: 1540, 20888: 82070, 20889: 683, 20890: 64727, 20891: 1391, 20892: 82070, 20894: 85669, 20895: 64790, 20897: 1540, 20900: 1457, 20901: 75379, 20902: 72039, 20904: 63099, 20905: 522, 20906: 765, 20907: 1188, 20909: 65877, 20910: 182, 20911: 849, 20913: 72051, 20916: 85669, 20917: 87001, 20918: 73383, 20919: 63882, 20921: 58543, 20922: 82070, 20923: 690, 20925: 1294, 20926: 85700, 20928: 1300, 20929: 51797, 20930: 61726, 20931: 51797, 20932: 1288, 20933: 57290, 20934: 63099, 20935: 82070, 20936: 91053, 20937: 1399, 20938: 1193, 20939: 1502, 20940: 1223, 20941: 72039, 20942: 1399, 20943: 69985, 20944: 1193, 20948: 83288, 20949: 1193, 20950: 87001, 20951: 1300, 20953: 64727, 20954: 68173, 20955: 1457, 20956: 57639, 20958: 57639, 20959: 65877, 20960: 54448, 20961: 1116, 20962: 1300, 20963: 69995, 20964: 72039, 20965: 91053, 20966: 64790, 20967: 1054, 20968: 44206, 20969: 85700, 20970: 57972, 20971: 63756, 20973: 85710, 20974: 59008, 20975: 1154, 20977: 85710, 20978: 63756, 20979: 0, 20980: 64727, 20981: 49332, 20982: 72039, 20983: 1054, 20985: 72039, 20986: 728, 20987: 64790, 20988: 1054, 20990: 85710, 20992: 68650, 20993: 72039, 20995: 1012, 20997: 83288, 20998: 82070, 20999: 87001, 21000: 63882, 21001: 70500, 21002: 57639, 21003: 57972, 21005: 83288, 21006: 52945, 21007: 2048, 21008: 69995, 21009: 83288, 21011: 72039, 21012: 87001, 21013: 57290, 21014: 65877, 21015: 91053, 21016: 59008, 21017: 64790, 21018: 1193, 21019: 184, 21020: 69985, 21021: 1543, 21022: 75379, 21023: 63270, 21028: 86055, 21030: 0, 21032: 52945, 21033: 35245, 21034: 1154, 21035: 58543, 21036: 35259, 21037: 1223, 21038: 728, 21039: 63270, 21041: 85700, 21043: 67720, 21045: 1188, 21047: 86055, 21050: 83288, 21053: 0, 21055: 82080, 21056: 1585, 21057: 1107, 21058: 1107, 21059: 449, 21060: 1107, 21061: 46494, 21062: 1502, 21063: 1014, 21064: 57381, 21065: 1543, 21066: 1188, 21067: 683, 21068: 73383, 21069: 46494, 21070: 69990, 21072: 0, 21073: 1182, 21074: 67720, 21075: 683, 21077: 1540, 21084: 1617, 21085: 2114, 21086: 89226, 21087: 87984, 21091: 1012, 21092: 83288, 21093: 63270, 21096: 2114, 21097: 53429, 21098: 63756, 21099: 87984, 21100: 2076, 21101: 57649, 21102: 80140, 21103: 1457, 21104: 51797, 21105: 80140, 21106: 2346, 21107: 62344, 21108: 2346, 21109: 2114, 21110: 90942, 21112: 75379, 21113: 88653, 21115: 2346, 21116: 80140, 21117: 57649, 21118: 88486, 21119: 2076, 21120: 2076, 21121: 74355, 21123: 57649, 21124: 2076, 21125: 53429, 21126: 0, 21127: 74355, 21128: 57649, 21129: 2114, 21130: 74355, 21132: 53429, 21133: 87984, 21134: 57649, 21135: 88653, 21136: 74355, 21138: 53429, 21139: 88653, 21140: 53429, 21141: 80140, 21142: 89226, 21143: 57649, 21144: 2114, 21145: 88653, 21146: 89226, 21147: 53429, 21148: 2346, 21149: 2076, 21150: 86213, 21151: 87984, 21153: 2114, 21154: 1223, 21155: 86157, 21156: 0, 21157: 1188, 21159: 89226, 21163: 44206, 21164: 86157, 21165: 88653, 21166: 88653, 21167: 80140, 21168: 2114, 21170: 88653, 21171: 53429, 21172: 57649, 21173: 56939, 21174: 2076, 21175: 1223, 21176: 90998, 21177: 56939, 21178: 57649, 21179: 86213, 21180: 90998, 21181: 86213, 21182: 80140, 21184: 56939, 21185: 86213, 21186: 86213, 21187: 0, 21188: 0, 21189: 0, 21190: 78631, 21191: 184, 21192: 59008, 21193: 57639, 21194: 146, 21195: 395, 21196: 1489, 21197: 57649, 21198: 74355, 21199: 2076, 21203: 90998, 21205: 74355, 21206: 86213, 21208: 87984, 21209: 80140, 21223: 1014, 21226: 683, 21227: 1585, 21228: 68173, 21229: 0, 21230: 69990, 21231: 519, 21232: 57381, 21233: 1259, 21234: 805, 21235: 690, 21236: 71117, 21237: 71117, 21238: 1288, 21239: 805, 21240: 82080, 21241: 395, 21244: 64727, 21249: 0, 21262: 1489, 21265: 68182, 21271: 65161, 21279: 91053, 21280: 57639, 21288: 1167, 21290: 75453, 21298: 72051, 21303: 1457, 21304: 46494, 21305: 1294, 21306: 1167, 21307: 728, 21308: 1294, 21311: 1347, 21312: 88486, 21313: 1054, 21314: 1540, 21315: 1347, 21316: 71117, 21317: 765, 21318: 395, 21319: 1294, 21322: 69985, 21324: 71117, 21325: 550, 21326: 57455, 21327: 519, 21328: 35259, 21329: 805, 21331: 57972, 21333: 226, 21334: 57455, 21335: 1357, 21336: 765, 21338: 1054, 21339: 1457, 21340: 1294, 21341: 765, 21344: 1288, 21345: 82070, 21346: 57309, 21348: 63099, 21349: 0, 21351: 57290, 21354: 78626, 21356: 77145, 21357: 85646, 21358: 35245, 21363: 1347, 21366: 65941, 21369: 88486, 21370: 1054, 21378: 70342, 21384: 1188, 21398: 13828, 21445: 2114, 21446: 83288, 21447: 1357, 21448: 35259, 21450: 68173, 21454: 48922, 21455: 78645, 21460: 1482, 21462: 1585, 21463: 75453, 21465: 0, 21468: 1391, 21470: 226, 21474: 85687, 21475: 1012, 21477: 91896, 21478: 61726, 21479: 1107, 21480: 519, 21481: 1161, 21482: 1161, 21483: 70373, 21484: 1540, 21487: 51797, 21488: 65161, 21489: 91053, 21490: 1259, 21491: 1113, 21492: 1116, 21493: 50453, 21494: 342}",0.0,filho
642056.5425143334,Cruzamento,1733628317.5413911,24,"{20331: 1294, 20332: 70342, 20333: 1482, 20334: 82085, 20335: 1294, 20336: 57257, 20337: 65341, 20338: 1182, 20339: 1084, 20340: 57309, 20341: 765, 20342: 2048, 20343: 69242, 20344: 849, 20345: 57257, 20346: 1412, 20347: 63099, 20348: 1084, 20349: 75453, 20350: 63099, 20351: 75453, 20352: 69242, 20353: 70342, 20354: 849, 20355: 1489, 20356: 1489, 20357: 849, 20358: 70342, 20359: 57257, 20360: 2048, 20361: 58096, 20362: 1412, 20363: 1489, 20364: 184, 20365: 1617, 20366: 70171, 20367: 57309, 20368: 90927, 20369: 1617, 20370: 48266, 20371: 70373, 20372: 49332, 20373: 1291, 20378: 1182, 20379: 69990, 20380: 70342, 20381: 57070, 20383: 1583, 20384: 686, 20385: 75421, 20386: 68182, 20387: 75421, 20388: 13699, 20389: 68182, 20392: 1291, 20393: 63099, 20394: 75453, 20395: 48266, 20396: 1543, 20397: 849, 20398: 75421, 20399: 70342, 20400: 58096, 20401: 57455, 20402: 1489, 20403: 1084, 20404: 57455, 20405: 1288, 20406: 519, 20407: 743, 20408: 71117, 20409: 1288, 20410: 57381, 20411: 449, 20412: 226, 20413: 58096, 20414: 1014, 20415: 46494, 20416: 805, 20417: 57290, 20418: 683, 20419: 1617, 20421: 65341, 20422: 82085, 20423: 1585, 20427: 68173, 20428: 78645, 20429: 48922, 20432: 44206, 20433: 1502, 20434: 57290, 20436: 182, 20437: 1188, 20438: 1502, 20439: 57381, 20440: 73383, 20441: 70342, 20442: 57381, 20443: 13828, 20444: 71117, 20445: 683, 20446: 1502, 20447: 71117, 20449: 50588, 20450: 913, 20451: 80479, 20452: 80479, 20453: 35245, 20454: 69995, 20455: 52945, 20456: 70342, 20457: 46793, 20458: 1012, 20459: 51797, 20460: 63756, 20461: 35245, 20462: 64790, 20463: 57257, 20465: 57070, 20466: 63756, 20467: 849, 20468: 743, 20469: 67720, 20471: 1014, 20472: 13828, 20473: 1188, 20475: 67720, 20476: 1259, 20481: 71117, 20482: 35245, 20484: 85646, 20485: 46793, 20486: 913, 20487: 743, 20488: 44206, 20489: 683, 20490: 519, 20491: 78645, 20492: 57381, 20493: 82080, 20494: 91896, 20495: 1585, 20496: 58096, 20497: 54448, 20499: 1054, 20501: 1347, 20503: 35259, 20504: 57070, 20505: 83288, 20506: 1012, 20507: 46494, 20508: 69995, 20509: 1012, 20510: 52945, 20511: 64727, 20512: 54448, 20513: 1291, 20514: 146, 20515: 52945, 20517: 35245, 20518: 226, 20519: 75379, 20520: 69995, 20521: 50588, 20522: 52945, 20523: 1543, 20524: 449, 20525: 728, 20527: 1617, 20528: 44206, 20530: 72051, 20531: 13828, 20532: 1259, 20533: 69990, 20534: 46793, 20535: 75958, 20536: 68173, 20537: 1617, 20538: 690, 20539: 69990, 20540: 1617, 20541: 71117, 20542: 1288, 20543: 449, 20544: 1014, 20545: 1585, 20546: 91896, 20547: 57070, 20549: 80479, 20550: 63270, 20552: 46494, 20553: 71117, 20554: 1288, 20555: 61726, 20556: 78631, 20557: 1391, 20558: 1502, 20559: 1399, 20560: 686, 20561: 46494, 20563: 65877, 20564: 1167, 20565: 85710, 20567: 69990, 20569: 51797, 20570: 743, 20571: 68173, 20572: 1347, 20573: 690, 20574: 67720, 20575: 449, 20576: 728, 20577: 48922, 20578: 1014, 20579: 1347, 20580: 35259, 20581: 75958, 20582: 48922, 20583: 743, 20584: 1347, 20585: 1543, 20587: 1161, 20588: 1012, 20589: 65161, 20590: 395, 20591: 449, 20592: 1188, 20593: 57290, 20594: 690, 20595: 522, 20596: 73383, 20597: 805, 20599: 1012, 20600: 63270, 20601: 63270, 20602: 35245, 20605: 226, 20606: 1161, 20607: 52945, 20608: 58096, 20609: 1173, 20610: 1084, 20611: 65877, 20612: 75453, 20613: 1457, 20614: 57309, 20615: 69995, 20616: 849, 20617: 1167, 20618: 1540, 20619: 765, 20620: 1457, 20621: 1167, 20622: 686, 20624: 1457, 20625: 65877, 20626: 686, 20628: 686, 20630: 66626, 20631: 519, 20633: 1107, 20634: 72051, 20635: 1084, 20636: 913, 20637: 1391, 20638: 146, 20639: 85669, 20640: 57639, 20641: 52945, 20642: 1391, 20643: 1193, 20645: 1391, 20646: 953, 20647: 686, 20648: 58096, 20650: 58096, 20651: 62344, 20652: 686, 20653: 1193, 20654: 85669, 20655: 1412, 20656: 184, 20659: 1585, 20661: 69995, 20662: 70373, 20663: 913, 20669: 522, 20670: 78631, 20671: 57639, 20672: 35259, 20673: 57972, 20675: 61726, 20676: 57972, 20677: 73235, 20678: 62344, 20680: 68173, 20681: 449, 20684: 1347, 20688: 1617, 20689: 69995, 20690: 52945, 20692: 57257, 20693: 85669, 20694: 66626, 20695: 1489, 20696: 1173, 20697: 1182, 20698: 58543, 20699: 63756, 20700: 50588, 20701: 913, 20702: 1167, 20703: 54448, 20704: 66626, 20705: 75379, 20706: 1182, 20707: 70342, 20708: 46494, 20709: 1161, 20710: 1161, 20711: 1543, 20712: 0, 20713: 75421, 20714: 52945, 20715: 690, 20716: 70342, 20717: 57639, 20719: 1585, 20720: 75453, 20721: 913, 20722: 805, 20723: 51797, 20724: 80479, 20725: 85669, 20726: 46793, 20727: 78631, 20729: 1617, 20730: 88486, 20731: 48922, 20732: 1054, 20734: 1288, 20735: 57309, 20736: 1014, 20737: 73383, 20739: 35259, 20740: 57455, 20741: 686, 20742: 1167, 20743: 1116, 20744: 68650, 20746: 69990, 20747: 91053, 20748: 58096, 20749: 69990, 20750: 686, 20751: 1399, 20752: 1502, 20754: 44206, 20757: 1161, 20758: 1012, 20759: 62344, 20761: 1482, 20762: 75453, 20763: 63099, 20764: 1084, 20765: 63099, 20766: 63099, 20768: 184, 20769: 395, 20770: 77145, 20773: 70500, 20774: 1154, 20775: 69990, 20777: 1391, 20778: 70500, 20779: 1399, 20781: 1457, 20782: 49332, 20784: 57290, 20785: 2048, 20786: 70500, 20789: 1347, 20790: 58543, 20791: 70342, 20792: 46793, 20793: 146, 20794: 49332, 20795: 59008, 20796: 1188, 20797: 75421, 20798: 13699, 20799: 70373, 20800: 1482, 20802: 69242, 20803: 85710, 20804: 57309, 20805: 69242, 20806: 1391, 20807: 72051, 20808: 82067, 20809: 1291, 20810: 63099, 20811: 57070, 20813: 48266, 20814: 1482, 20815: 85687, 20816: 57455, 20817: 85687, 20818: 1391, 20819: 1502, 20820: 1167, 20821: 1116, 20822: 85687, 20823: 46494, 20824: 57417, 20825: 75453, 20826: 75379, 20827: 46494, 20828: 184, 20829: 67720, 20831: 57290, 20832: 57639, 20833: 1291, 20834: 728, 20835: 1502, 20836: 1583, 20837: 57070, 20838: 57070, 20840: 2048, 20841: 1412, 20842: 1357, 20843: 226, 20844: 57455, 20845: 65877, 20846: 1300, 20850: 65877, 20852: 90927, 20853: 51797, 20854: 72051, 20856: 46793, 20858: 48266, 20859: 82070, 20860: 63882, 20861: 63882, 20862: 82070, 20863: 82070, 20864: 395, 20872: 953, 20873: 395, 20874: 0, 20875: 91053, 20876: 683, 20877: 83288, 20881: 75379, 20883: 75453, 20884: 57972, 20885: 59008, 20886: 64727, 20887: 1540, 20888: 82070, 20889: 683, 20890: 64727, 20891: 1391, 20892: 82070, 20894: 85669, 20895: 64790, 20897: 1540, 20900: 1457, 20901: 75379, 20902: 72039, 20904: 63099, 20905: 522, 20906: 765, 20907: 1188, 20909: 65877, 20910: 182, 20911: 849, 20913: 72051, 20916: 85669, 20917: 87001, 20918: 73383, 20919: 63882, 20921: 58543, 20922: 82070, 20923: 690, 20925: 1294, 20926: 85700, 20928: 1300, 20929: 51797, 20930: 61726, 20931: 51797, 20932: 1288, 20933: 57290, 20934: 63099, 20935: 82070, 20936: 91053, 20937: 1399, 20938: 1193, 20939: 1502, 20940: 1223, 20941: 72039, 20942: 1399, 20943: 69985, 20944: 1193, 20948: 83288, 20949: 1193, 20950: 87001, 20951: 1300, 20953: 64727, 20954: 68173, 20955: 1457, 20956: 57639, 20958: 57639, 20959: 65877, 20960: 54448, 20961: 1012, 20962: 1300, 20963: 69995, 20964: 72039, 20965: 91053, 20966: 64790, 20967: 1054, 20968: 44206, 20969: 85700, 20970: 57972, 20971: 63756, 20973: 85710, 20974: 59008, 20975: 1154, 20977: 85710, 20978: 63756, 20979: 0, 20980: 63756, 20981: 49332, 20982: 72039, 20983: 1054, 20985: 72039, 20986: 728, 20987: 64790, 20988: 1054, 20990: 85710, 20992: 68650, 20993: 72039, 20995: 1012, 20997: 83288, 20998: 82070, 20999: 87001, 21000: 63882, 21001: 70500, 21002: 57639, 21003: 57972, 21005: 83288, 21006: 72051, 21007: 2048, 21008: 69995, 21009: 65877, 21011: 72039, 21012: 87001, 21013: 57290, 21014: 65877, 21015: 91053, 21016: 72051, 21017: 64790, 21018: 1193, 21019: 184, 21020: 69985, 21021: 1543, 21022: 75379, 21023: 63270, 21028: 86055, 21030: 85700, 21032: 52945, 21033: 35245, 21034: 1154, 21035: 58543, 21036: 35259, 21037: 1223, 21038: 728, 21039: 63270, 21041: 85700, 21043: 67720, 21045: 1188, 21047: 86055, 21050: 83288, 21053: 1294, 21055: 82080, 21056: 1585, 21057: 1107, 21058: 1107, 21059: 395, 21060: 1107, 21061: 46494, 21062: 1502, 21063: 1014, 21064: 57381, 21065: 1543, 21066: 1188, 21067: 683, 21068: 73383, 21069: 46494, 21070: 69990, 21072: 1107, 21073: 1182, 21074: 67720, 21075: 78645, 21077: 1540, 21084: 1617, 21085: 2114, 21086: 89226, 21087: 87984, 21091: 1012, 21092: 78631, 21093: 63270, 21096: 2114, 21097: 53429, 21098: 65941, 21099: 2114, 21100: 2076, 21101: 57649, 21102: 80140, 21103: 1457, 21104: 51797, 21105: 88653, 21106: 2346, 21107: 62344, 21108: 2346, 21109: 2114, 21110: 90942, 21112: 75379, 21113: 88653, 21115: 2346, 21116: 80140, 21117: 57649, 21118: 88486, 21119: 2076, 21120: 2076, 21121: 74355, 21123: 57649, 21124: 2076, 21125: 53429, 21126: 57649, 21127: 74355, 21128: 57649, 21129: 2114, 21130: 74355, 21132: 53429, 21133: 87984, 21134: 57649, 21135: 88653, 21136: 74355, 21138: 53429, 21139: 88653, 21140: 53429, 21141: 80140, 21142: 2346, 21143: 57649, 21144: 2114, 21145: 88653, 21146: 89226, 21147: 53429, 21148: 2114, 21149: 2076, 21150: 86213, 21151: 87984, 21153: 2114, 21154: 44206, 21155: 86157, 21156: 80140, 21157: 1188, 21159: 89226, 21163: 146, 21164: 86157, 21165: 88653, 21166: 88653, 21167: 80140, 21168: 2114, 21170: 88653, 21171: 53429, 21172: 57649, 21173: 56939, 21174: 90998, 21175: 1223, 21176: 56939, 21177: 56939, 21178: 57649, 21179: 86213, 21180: 90998, 21181: 86213, 21182: 86157, 21184: 56939, 21185: 86213, 21186: 86213, 21187: 0, 21188: 0, 21189: 0, 21190: 78631, 21191: 184, 21192: 59008, 21193: 57639, 21194: 0, 21195: 395, 21196: 1489, 21197: 57649, 21198: 74355, 21199: 2076, 21203: 90998, 21205: 74355, 21206: 86213, 21208: 87984, 21209: 89226, 21223: 683, 21226: 683, 21227: 1585, 21228: 68173, 21229: 0, 21230: 69990, 21231: 519, 21232: 57381, 21233: 1259, 21234: 805, 21235: 690, 21236: 71117, 21237: 71117, 21238: 1288, 21239: 805, 21240: 82080, 21241: 395, 21244: 64727, 21249: 0, 21262: 1489, 21265: 68182, 21271: 65161, 21279: 91053, 21280: 57639, 21288: 63756, 21290: 59008, 21298: 72051, 21303: 1457, 21304: 46494, 21305: 1294, 21306: 1167, 21307: 728, 21308: 1294, 21311: 1347, 21312: 88486, 21313: 1054, 21314: 1540, 21315: 1347, 21316: 71117, 21317: 765, 21318: 395, 21319: 1294, 21322: 69985, 21324: 71117, 21325: 550, 21326: 57455, 21327: 519, 21328: 35259, 21329: 805, 21331: 57972, 21333: 51797, 21334: 57455, 21335: 1357, 21336: 765, 21338: 1054, 21339: 1457, 21340: 1294, 21341: 765, 21344: 1288, 21345: 0, 21346: 57309, 21348: 63099, 21349: 0, 21351: 1259, 21354: 78626, 21356: 77145, 21357: 85646, 21358: 35245, 21363: 1347, 21366: 65941, 21369: 88486, 21370: 1054, 21378: 70342, 21384: 1188, 21398: 805, 21445: 2114, 21446: 58096, 21447: 1357, 21448: 35259, 21450: 69990, 21454: 48922, 21455: 1014, 21460: 13699, 21462: 1585, 21463: 57972, 21465: 0, 21468: 1347, 21470: 226, 21474: 1182, 21475: 1116, 21477: 48922, 21478: 44206, 21479: 1113, 21480: 13828, 21481: 75453, 21482: 1161, 21483: 0, 21484: 1182, 21487: 75453, 21488: 50588, 21489: 48266, 21490: 743, 21491: 245, 21492: 85687, 21493: 50453, 21494: 342}",0.0,duplicado
646607.0273993327,Cruzamento,1733628317.5413911,24,"{20331: 1294, 20332: 70342, 20333: 1482, 20334: 82085, 20335: 1294, 20336: 57257, 20337: 65341, 20338: 1182, 20339: 1084, 20340: 57309, 20341: 765, 20342: 2048, 20343: 69242, 20344: 849, 20345: 63099, 20346: 1583, 20347: 1084, 20348: 69242, 20349: 1291, 20350: 1291, 20351: 46793, 20352: 46793, 20353: 1084, 20354: 75421, 20355: 51797, 20356: 1412, 20357: 1291, 20358: 2048, 20359: 765, 20360: 2048, 20361: 58096, 20362: 1412, 20363: 1489, 20364: 184, 20365: 1617, 20366: 70171, 20367: 57309, 20368: 90927, 20369: 1617, 20370: 48266, 20371: 70373, 20372: 49332, 20373: 1291, 20378: 1182, 20379: 69990, 20380: 70342, 20381: 57070, 20383: 1583, 20384: 686, 20385: 75421, 20386: 68182, 20387: 75421, 20388: 13699, 20389: 68182, 20392: 1291, 20393: 63099, 20394: 75453, 20395: 48266, 20396: 1543, 20397: 849, 20398: 75421, 20399: 70342, 20400: 58096, 20401: 57455, 20402: 1489, 20403: 1084, 20404: 57455, 20405: 1288, 20406: 519, 20407: 743, 20408: 71117, 20409: 1288, 20410: 57381, 20411: 449, 20412: 226, 20413: 58096, 20414: 1014, 20415: 46494, 20416: 805, 20417: 57290, 20418: 683, 20419: 1617, 20421: 65341, 20422: 82085, 20423: 1585, 20427: 68173, 20428: 78645, 20429: 48922, 20432: 44206, 20433: 1502, 20434: 57290, 20436: 182, 20437: 1188, 20438: 1502, 20439: 57381, 20440: 73383, 20441: 70342, 20442: 57381, 20443: 13828, 20444: 71117, 20445: 683, 20446: 1502, 20447: 71117, 20449: 50588, 20450: 913, 20451: 80479, 20452: 80479, 20453: 35245, 20454: 69995, 20455: 52945, 20456: 70342, 20457: 46793, 20458: 1012, 20459: 51797, 20460: 63756, 20461: 35245, 20462: 64790, 20463: 57257, 20465: 57070, 20466: 63756, 20467: 849, 20468: 743, 20469: 67720, 20471: 1014, 20472: 13828, 20473: 1188, 20475: 67720, 20476: 1259, 20481: 71117, 20482: 35245, 20484: 85646, 20485: 46793, 20486: 913, 20487: 743, 20488: 44206, 20489: 683, 20490: 519, 20491: 78645, 20492: 57381, 20493: 82080, 20494: 91896, 20495: 1585, 20496: 58096, 20497: 54448, 20499: 1054, 20501: 1347, 20503: 35259, 20504: 57070, 20505: 83288, 20506: 1012, 20507: 46494, 20508: 69995, 20509: 1012, 20510: 52945, 20511: 64727, 20512: 54448, 20513: 1291, 20514: 146, 20515: 52945, 20517: 35245, 20518: 226, 20519: 75379, 20520: 69995, 20521: 50588, 20522: 52945, 20523: 1543, 20524: 449, 20525: 728, 20527: 1617, 20528: 44206, 20530: 72051, 20531: 13828, 20532: 1259, 20533: 69990, 20534: 46793, 20535: 75958, 20536: 68173, 20537: 1617, 20538: 690, 20539: 69990, 20540: 1617, 20541: 71117, 20542: 1288, 20543: 449, 20544: 1014, 20545: 1585, 20546: 91896, 20547: 57070, 20549: 80479, 20550: 63270, 20552: 46494, 20553: 71117, 20554: 1288, 20555: 61726, 20556: 78631, 20557: 1391, 20558: 1502, 20559: 1399, 20560: 686, 20561: 46494, 20563: 65877, 20564: 1167, 20565: 85710, 20567: 69990, 20569: 51797, 20570: 743, 20571: 68173, 20572: 1347, 20573: 690, 20574: 67720, 20575: 449, 20576: 728, 20577: 48922, 20578: 1014, 20579: 1347, 20580: 35259, 20581: 75958, 20582: 48922, 20583: 743, 20584: 1347, 20585: 1543, 20587: 1161, 20588: 1012, 20589: 65161, 20590: 395, 20591: 449, 20592: 1188, 20593: 57290, 20594: 690, 20595: 522, 20596: 73383, 20597: 805, 20599: 1012, 20600: 63270, 20601: 63270, 20602: 35245, 20605: 226, 20606: 1161, 20607: 52945, 20608: 58096, 20609: 1173, 20610: 1084, 20611: 65877, 20612: 75453, 20613: 1457, 20614: 57309, 20615: 69995, 20616: 849, 20617: 1167, 20618: 1540, 20619: 765, 20620: 1457, 20621: 1167, 20622: 686, 20624: 1457, 20625: 65877, 20626: 686, 20628: 686, 20630: 66626, 20631: 519, 20633: 1107, 20634: 72051, 20635: 1084, 20636: 913, 20637: 1391, 20638: 146, 20639: 85669, 20640: 57639, 20641: 52945, 20642: 1391, 20643: 1193, 20645: 1391, 20646: 953, 20647: 686, 20648: 58096, 20650: 58096, 20651: 62344, 20652: 686, 20653: 1193, 20654: 85669, 20655: 1412, 20656: 184, 20659: 1585, 20661: 69995, 20662: 70373, 20663: 913, 20669: 522, 20670: 78631, 20671: 57639, 20672: 35259, 20673: 57972, 20675: 61726, 20676: 57972, 20677: 73235, 20678: 62344, 20680: 68173, 20681: 449, 20684: 1347, 20688: 1617, 20689: 69995, 20690: 52945, 20692: 57257, 20693: 85669, 20694: 66626, 20695: 1489, 20696: 1173, 20697: 1182, 20698: 58543, 20699: 63756, 20700: 50588, 20701: 913, 20702: 1167, 20703: 54448, 20704: 66626, 20705: 75379, 20706: 1182, 20707: 70342, 20708: 46494, 20709: 1161, 20710: 1161, 20711: 1543, 20712: 0, 20713: 75421, 20714: 52945, 20715: 690, 20716: 70342, 20717: 57639, 20719: 1585, 20720: 75453, 20721: 913, 20722: 805, 20723: 51797, 20724: 80479, 20725: 85669, 20726: 46793, 20727: 78631, 20729: 1617, 20730: 88486, 20731: 48922, 20732: 1054, 20734: 1288, 20735: 57309, 20736: 1014, 20737: 73383, 20739: 35259, 20740: 57455, 20741: 686, 20742: 1167, 20743: 1116, 20744: 68650, 20746: 69990, 20747: 91053, 20748: 58096, 20749: 69990, 20750: 686, 20751: 1399, 20752: 1502, 20754: 44206, 20757: 1161, 20758: 1012, 20759: 62344, 20761: 1482, 20762: 75453, 20763: 63099, 20764: 1084, 20765: 63099, 20766: 63099, 20768: 184, 20769: 395, 20770: 77145, 20773: 70500, 20774: 1154, 20775: 69990, 20777: 1391, 20778: 70500, 20779: 1399, 20781: 1457, 20782: 49332, 20784: 57290, 20785: 2048, 20786: 70500, 20789: 1347, 20790: 58543, 20791: 70342, 20792: 46793, 20793: 146, 20794: 49332, 20795: 59008, 20796: 1188, 20797: 75421, 20798: 13699, 20799: 70373, 20800: 1482, 20802: 69242, 20803: 85710, 20804: 57309, 20805: 69242, 20806: 1391, 20807: 72051, 20808: 82067, 20809: 1291, 20810: 63099, 20811: 57070, 20813: 48266, 20814: 1482, 20815: 85687, 20816: 57455, 20817: 85687, 20818: 1391, 20819: 1502, 20820: 1167, 20821: 1116, 20822: 85687, 20823: 46494, 20824: 57417, 20825: 75453, 20826: 75379, 20827: 46494, 20828: 184, 20829: 67720, 20831: 57290, 20832: 57639, 20833: 1291, 20834: 728, 20835: 1502, 20836: 1583, 20837: 57070, 20838: 57070, 20840: 2048, 20841: 1412, 20842: 1357, 20843: 226, 20844: 57455, 20845: 65877, 20846: 1300, 20850: 65877, 20852: 90927, 20853: 51797, 20854: 72051, 20856: 46793, 20858: 48266, 20859: 82070, 20860: 63882, 20861: 63882, 20862: 82070, 20863: 82070, 20864: 395, 20872: 953, 20873: 395, 20874: 0, 20875: 91053, 20876: 683, 20877: 83288, 20881: 75379, 20883: 75453, 20884: 57972, 20885: 59008, 20886: 64727, 20887: 1540, 20888: 82070, 20889: 683, 20890: 64727, 20891: 1391, 20892: 82070, 20894: 85669, 20895: 64790, 20897: 1540, 20900: 1457, 20901: 75379, 20902: 72039, 20904: 63099, 20905: 522, 20906: 765, 20907: 1188, 20909: 65877, 20910: 182, 20911: 849, 20913: 72051, 20916: 85669, 20917: 87001, 20918: 73383, 20919: 63882, 20921: 58543, 20922: 82070, 20923: 690, 20925: 1294, 20926: 85700, 20928: 1300, 20929: 51797, 20930: 61726, 20931: 51797, 20932: 1288, 20933: 57290, 20934: 63099, 20935: 82070, 20936: 91053, 20937: 1399, 20938: 1193, 20939: 1502, 20940: 1223, 20941: 72039, 20942: 1399, 20943: 69985, 20944: 1193, 20948: 83288, 20949: 1193, 20950: 87001, 20951: 1300, 20953: 64727, 20954: 68173, 20955: 1457, 20956: 57639, 20958: 57639, 20959: 65877, 20960: 54448, 20961: 1012, 20962: 1300, 20963: 69995, 20964: 72039, 20965: 91053, 20966: 64790, 20967: 1054, 20968: 44206, 20969: 85700, 20970: 57972, 20971: 63756, 20973: 85710, 20974: 59008, 20975: 1154, 20977: 85710, 20978: 63756, 20979: 0, 20980: 63756, 20981: 49332, 20982: 72039, 20983: 1054, 20985: 72039, 20986: 728, 20987: 64790, 20988: 1054, 20990: 85710, 20992: 68650, 20993: 72039, 20995: 1012, 20997: 83288, 20998: 82070, 20999: 87001, 21000: 63882, 21001: 70500, 21002: 57639, 21003: 57972, 21005: 83288, 21006: 72051, 21007: 2048, 21008: 69995, 21009: 65877, 21011: 72039, 21012: 87001, 21013: 57290, 21014: 65877, 21015: 91053, 21016: 72051, 21017: 64790, 21018: 1193, 21019: 184, 21020: 69985, 21021: 1543, 21022: 75379, 21023: 63270, 21028: 86055, 21030: 85700, 21032: 52945, 21033: 35245, 21034: 1154, 21035: 58543, 21036: 35259, 21037: 1223, 21038: 728, 21039: 63270, 21041: 85700, 21043: 67720, 21045: 1188, 21047: 86055, 21050: 83288, 21053: 1294, 21055: 82080, 21056: 1585, 21057: 1107, 21058: 1107, 21059: 395, 21060: 1107, 21061: 46494, 21062: 1502, 21063: 1014, 21064: 57381, 21065: 1543, 21066: 1188, 21067: 683, 21068: 73383, 21069: 46494, 21070: 69990, 21072: 1107, 21073: 1182, 21074: 67720, 21075: 78645, 21077: 1540, 21084: 1617, 21085: 2114, 21086: 89226, 21087: 87984, 21091: 1012, 21092: 78631, 21093: 63270, 21096: 2114, 21097: 53429, 21098: 65941, 21099: 2114, 21100: 2076, 21101: 57649, 21102: 80140, 21103: 1457, 21104: 51797, 21105: 88653, 21106: 2346, 21107: 62344, 21108: 2346, 21109: 2114, 21110: 90942, 21112: 75379, 21113: 88653, 21115: 2346, 21116: 80140, 21117: 57649, 21118: 88486, 21119: 2076, 21120: 2076, 21121: 74355, 21123: 57649, 21124: 2076, 21125: 53429, 21126: 57649, 21127: 74355, 21128: 57649, 21129: 2114, 21130: 74355, 21132: 53429, 21133: 87984, 21134: 57649, 21135: 88653, 21136: 74355, 21138: 53429, 21139: 88653, 21140: 53429, 21141: 80140, 21142: 2346, 21143: 57649, 21144: 2114, 21145: 88653, 21146: 89226, 21147: 53429, 21148: 2114, 21149: 2076, 21150: 86213, 21151: 87984, 21153: 2114, 21154: 44206, 21155: 86157, 21156: 80140, 21157: 1188, 21159: 89226, 21163: 146, 21164: 86157, 21165: 88653, 21166: 88653, 21167: 80140, 21168: 2114, 21170: 88653, 21171: 53429, 21172: 57649, 21173: 56939, 21174: 90998, 21175: 1223, 21176: 56939, 21177: 56939, 21178: 57649, 21179: 86213, 21180: 90998, 21181: 86213, 21182: 86157, 21184: 56939, 21185: 86213, 21186: 86213, 21187: 0, 21188: 0, 21189: 0, 21190: 78631, 21191: 184, 21192: 59008, 21193: 57639, 21194: 0, 21195: 395, 21196: 1489, 21197: 57649, 21198: 74355, 21199: 2076, 21203: 90998, 21205: 74355, 21206: 86213, 21208: 87984, 21209: 89226, 21223: 683, 21226: 683, 21227: 1585, 21228: 68173, 21229: 0, 21230: 69990, 21231: 519, 21232: 57381, 21233: 1259, 21234: 805, 21235: 690, 21236: 71117, 21237: 71117, 21238: 1288, 21239: 805, 21240: 82080, 21241: 395, 21244: 64727, 21249: 0, 21262: 1489, 21265: 68182, 21271: 65161, 21279: 91053, 21280: 57639, 21288: 63756, 21290: 59008, 21298: 72051, 21303: 1457, 21304: 46494, 21305: 1294, 21306: 1167, 21307: 728, 21308: 1294, 21311: 1347, 21312: 88486, 21313: 1054, 21314: 1540, 21315: 1347, 21316: 71117, 21317: 765, 21318: 395, 21319: 1294, 21322: 69985, 21324: 71117, 21325: 550, 21326: 57455, 21327: 519, 21328: 35259, 21329: 805, 21331: 57972, 21333: 51797, 21334: 57455, 21335: 1357, 21336: 765, 21338: 1054, 21339: 1457, 21340: 1294, 21341: 765, 21344: 1288, 21345: 0, 21346: 57309, 21348: 63099, 21349: 0, 21351: 1259, 21354: 78626, 21356: 77145, 21357: 85646, 21358: 35245, 21363: 1347, 21366: 65941, 21369: 88486, 21370: 1054, 21378: 70342, 21384: 1188, 21398: 805, 21445: 2114, 21446: 58096, 21447: 1357, 21448: 35259, 21450: 69990, 21454: 48922, 21455: 1014, 21460: 1482, 21462: 1585, 21463: 75453, 21465: 0, 21468: 1391, 21470: 226, 21474: 686, 21475: 1012, 21477: 91896, 21478: 61726, 21479: 1107, 21480: 519, 21481: 1161, 21482: 1161, 21483: 70373, 21484: 69995, 21487: 51797, 21488: 65161, 21489: 91053, 21490: 1259, 21491: 1113, 21492: 1161, 21493: 50453, 21494: 342}",0.0,filho
644340.9089319998,Cruzamento,1733628320.2549148,25,"{20331: 46793, 20332: 48266, 20333: 75421, 20334: 69990, 20335: 46793, 20336: 75421, 20337: 57070, 20338: 1084, 20339: 1482, 20340: 1182, 20341: 1489, 20342: 2048, 20343: 58096, 20344: 1489, 20345: 70373, 20346: 68182, 20347: 48266, 20348: 1182, 20349: 1347, 20350: 70373, 20351: 58096, 20352: 57257, 20353: 63099, 20354: 57257, 20355: 51797, 20356: 765, 20357: 70342, 20358: 57455, 20359: 69990, 20360: 849, 20361: 1583, 20362: 58096, 20363: 1347, 20364: 1294, 20365: 65341, 20366: 1391, 20367: 75453, 20368: 82085, 20369: 90927, 20370: 48266, 20371: 70373, 20372: 70342, 20373: 1583, 20378: 2048, 20379: 1182, 20380: 69242, 20381: 849, 20383: 1482, 20384: 63099, 20385: 63099, 20386: 1412, 20387: 1583, 20388: 63099, 20389: 1482, 20392: 46793, 20393: 70342, 20394: 69990, 20395: 1291, 20396: 728, 20397: 57455, 20398: 49332, 20399: 44206, 20400: 57257, 20401: 849, 20402: 46793, 20403: 57257, 20404: 1502, 20405: 1107, 20406: 57381, 20407: 1502, 20408: 743, 20409: 743, 20410: 1347, 20411: 395, 20412: 1585, 20413: 1489, 20414: 449, 20415: 1188, 20416: 67720, 20417: 519, 20418: 46494, 20419: 71117, 20421: 1347, 20422: 1617, 20423: 1585, 20427: 72051, 20428: 48922, 20429: 44206, 20432: 683, 20433: 1502, 20434: 690, 20436: 1259, 20437: 57381, 20438: 48922, 20439: 683, 20440: 69985, 20441: 690, 20442: 69242, 20443: 46494, 20444: 522, 20445: 522, 20446: 69242, 20447: 69242, 20449: 69995, 20450: 57455, 20451: 1012, 20452: 54448, 20453: 1585, 20454: 50588, 20455: 52945, 20456: 50588, 20457: 63756, 20458: 65161, 20459: 1585, 20460: 1161, 20461: 80479, 20462: 57290, 20463: 1412, 20465: 69990, 20466: 1012, 20467: 57257, 20468: 67720, 20469: 743, 20471: 1014, 20472: 71117, 20473: 1107, 20475: 805, 20476: 690, 20481: 1107, 20482: 35245, 20484: 75379, 20485: 69995, 20486: 54448, 20487: 1502, 20488: 1188, 20489: 728, 20490: 71117, 20491: 57381, 20492: 44206, 20493: 1014, 20494: 91896, 20495: 72051, 20496: 849, 20497: 69995, 20499: 88486, 20501: 71117, 20503: 1357, 20504: 765, 20505: 1167, 20506: 1294, 20507: 65877, 20508: 54448, 20509: 46793, 20510: 52945, 20511: 75379, 20512: 52945, 20513: 1291, 20514: 69995, 20515: 70342, 20517: 63270, 20518: 913, 20519: 1012, 20520: 54448, 20521: 63270, 20522: 913, 20523: 519, 20524: 70342, 20525: 1259, 20527: 68173, 20528: 57381, 20530: 91896, 20531: 182, 20532: 71117, 20533: 75421, 20534: 35245, 20535: 71117, 20536: 44206, 20537: 75958, 20538: 35259, 20539: 70342, 20540: 67720, 20541: 1014, 20542: 48922, 20543: 59008, 20544: 1014, 20545: 449, 20546: 1585, 20547: 69995, 20549: 913, 20550: 1161, 20552: 1502, 20553: 728, 20554: 1188, 20555: 85710, 20556: 1182, 20557: 849, 20558: 1399, 20559: 1391, 20560: 1116, 20561: 57070, 20563: 78631, 20564: 44206, 20565: 1167, 20567: 1457, 20569: 63756, 20570: 59008, 20571: 743, 20572: 68173, 20573: 728, 20574: 70342, 20575: 1347, 20576: 44206, 20577: 690, 20578: 91896, 20579: 75958, 20580: 449, 20581: 69990, 20582: 35259, 20583: 69985, 20584: 91896, 20585: 75379, 20587: 63756, 20588: 85646, 20589: 913, 20590: 46494, 20591: 1259, 20592: 57290, 20593: 69985, 20594: 70342, 20595: 1502, 20596: 67720, 20597: 69985, 20599: 1585, 20600: 75379, 20601: 1161, 20602: 226, 20605: 35245, 20606: 64727, 20607: 1585, 20608: 1223, 20609: 64727, 20610: 1482, 20611: 65877, 20612: 69995, 20613: 1457, 20614: 69995, 20615: 686, 20616: 69990, 20617: 1540, 20618: 1116, 20619: 85710, 20620: 1107, 20621: 1107, 20622: 75453, 20624: 75453, 20625: 686, 20626: 953, 20628: 953, 20630: 66626, 20631: 1543, 20633: 46494, 20634: 690, 20635: 68182, 20636: 54448, 20637: 75421, 20638: 1288, 20639: 1391, 20640: 85669, 20641: 57639, 20642: 1193, 20643: 62344, 20645: 52945, 20646: 52945, 20647: 1193, 20648: 58096, 20650: 953, 20651: 85669, 20652: 1391, 20653: 57639, 20654: 686, 20655: 1583, 20656: 70342, 20659: 1173, 20661: 75379, 20662: 75453, 20663: 913, 20669: 69985, 20670: 35259, 20671: 57639, 20672: 65877, 20673: 73235, 20675: 61726, 20676: 75453, 20677: 1540, 20678: 78631, 20680: 1543, 20681: 728, 20684: 743, 20688: 82080, 20689: 1161, 20690: 66626, 20692: 57257, 20693: 58543, 20694: 913, 20695: 1489, 20696: 1161, 20697: 184, 20698: 62344, 20699: 50588, 20700: 1173, 20701: 63756, 20702: 1182, 20703: 54448, 20704: 63756, 20705: 64727, 20706: 69242, 20707: 63756, 20708: 1054, 20709: 1161, 20710: 1161, 20711: 68173, 20712: 0, 20713: 75421, 20714: 52945, 20715: 73383, 20716: 70342, 20717: 58543, 20719: 52945, 20720: 46793, 20721: 1012, 20722: 46494, 20723: 184, 20724: 46793, 20725: 78631, 20726: 80479, 20727: 1347, 20729: 1412, 20730: 57972, 20731: 1014, 20732: 83288, 20734: 57455, 20735: 62344, 20736: 73383, 20737: 59008, 20739: 75379, 20740: 1543, 20741: 85710, 20742: 75379, 20743: 686, 20744: 395, 20746: 1457, 20747: 49332, 20748: 1357, 20749: 63756, 20750: 1012, 20751: 85710, 20752: 46494, 20754: 1259, 20757: 1012, 20758: 35245, 20759: 58096, 20761: 63099, 20762: 75453, 20763: 1084, 20764: 1617, 20765: 1482, 20766: 75453, 20768: 0, 20769: 449, 20770: 77145, 20773: 63270, 20774: 1300, 20775: 57070, 20777: 57070, 20778: 146, 20779: 1347, 20781: 1543, 20782: 1223, 20784: 146, 20785: 146, 20786: 1154, 20789: 690, 20790: 58543, 20791: 1583, 20792: 49332, 20793: 728, 20794: 48266, 20795: 44206, 20796: 78631, 20797: 69242, 20798: 75421, 20799: 2048, 20800: 13699, 20802: 13828, 20803: 1288, 20804: 1154, 20805: 13699, 20806: 1391, 20807: 522, 20808: 85687, 20809: 1347, 20810: 46793, 20811: 70342, 20813: 70373, 20814: 2048, 20815: 85687, 20816: 184, 20817: 85687, 20818: 1347, 20819: 1502, 20820: 62344, 20821: 62344, 20822: 849, 20823: 805, 20824: 57309, 20825: 78631, 20826: 184, 20827: 69990, 20828: 70500, 20829: 1347, 20831: 57290, 20832: 1182, 20833: 1294, 20834: 72051, 20835: 1399, 20836: 58096, 20837: 70373, 20838: 1502, 20840: 49332, 20841: 1182, 20842: 58096, 20843: 1223, 20844: 82085, 20845: 85669, 20846: 1300, 20850: 72039, 20852: 1391, 20853: 1167, 20854: 82080, 20856: 46793, 20858: 70373, 20859: 82070, 20860: 82070, 20861: 63882, 20862: 63882, 20863: 82070, 20864: 395, 20872: 953, 20873: 35245, 20874: 0, 20875: 91053, 20876: 13828, 20877: 57972, 20881: 57417, 20883: 57639, 20884: 83288, 20885: 57417, 20886: 78631, 20887: 71117, 20888: 63882, 20889: 57381, 20890: 59008, 20891: 70500, 20892: 82070, 20894: 69990, 20895: 63270, 20897: 226, 20900: 953, 20901: 1223, 20902: 72039, 20904: 1300, 20905: 44206, 20906: 75453, 20907: 65941, 20909: 65877, 20910: 70342, 20911: 69995, 20913: 73383, 20916: 57309, 20917: 63882, 20918: 57290, 20919: 87001, 20921: 72051, 20922: 84328, 20923: 690, 20925: 1294, 20926: 65941, 20928: 72051, 20929: 85710, 20930: 61726, 20931: 64790, 20932: 69995, 20933: 805, 20934: 63099, 20935: 63882, 20936: 58543, 20937: 146, 20938: 1193, 20939: 35259, 20940: 72051, 20941: 82070, 20942: 67720, 20943: 48922, 20944: 64790, 20948: 63882, 20949: 57639, 20950: 72039, 20951: 64790, 20953: 63099, 20954: 48922, 20955: 1457, 20956: 63099, 20958: 1188, 20959: 87001, 20960: 64790, 20961: 1054, 20962: 51797, 20963: 1193, 20964: 83288, 20965: 57639, 20966: 1399, 20967: 85710, 20968: 59008, 20969: 70500, 20970: 65877, 20971: 52945, 20973: 1116, 20974: 57639, 20975: 63270, 20977: 57070, 20978: 57972, 20979: 1288, 20980: 64727, 20981: 57309, 20982: 72039, 20983: 1502, 20985: 65877, 20986: 1399, 20987: 1399, 20988: 1502, 20990: 1116, 20992: 70500, 20993: 72039, 20995: 63756, 20997: 87001, 20998: 63882, 20999: 87001, 21000: 82070, 21001: 48266, 21002: 1357, 21003: 83288, 21005: 65877, 21006: 57290, 21007: 1288, 21008: 686, 21009: 63882, 21011: 84328, 21012: 87001, 21013: 57417, 21014: 57972, 21015: 85700, 21016: 64790, 21017: 70500, 21018: 35245, 21019: 91053, 21020: 1347, 21021: 44206, 21022: 52945, 21023: 63270, 21028: 85700, 21030: 86055, 21032: 57417, 21033: 85710, 21034: 2048, 21035: 226, 21036: 67720, 21037: 68650, 21038: 395, 21039: 67720, 21041: 1193, 21043: 75379, 21045: 1300, 21047: 52945, 21050: 83288, 21053: 1294, 21055: 82080, 21056: 57381, 21057: 0, 21058: 1161, 21059: 395, 21060: 395, 21061: 78645, 21062: 78645, 21063: 1543, 21064: 46494, 21065: 68173, 21066: 44206, 21067: 1259, 21068: 46494, 21069: 48922, 21070: 1107, 21072: 69990, 21073: 1167, 21074: 67720, 21075: 78645, 21077: 1540, 21084: 1617, 21085: 87984, 21086: 80140, 21087: 90998, 21091: 1357, 21092: 1457, 21093: 85646, 21096: 57649, 21097: 57649, 21098: 63099, 21099: 2114, 21100: 74355, 21101: 2114, 21102: 56939, 21103: 1107, 21104: 91053, 21105: 2076, 21106: 57649, 21107: 57972, 21108: 74355, 21109: 53429, 21110: 80140, 21112: 1540, 21113: 57649, 21115: 89226, 21116: 57649, 21117: 74355, 21118: 58096, 21119: 80140, 21120: 80140, 21121: 56939, 21123: 56939, 21124: 2076, 21125: 53429, 21126: 53429, 21127: 88653, 21128: 74355, 21129: 2114, 21130: 74355, 21132: 57649, 21133: 90998, 21134: 57649, 21135: 80140, 21136: 57649, 21138: 53429, 21139: 89226, 21140: 57649, 21141: 87984, 21142: 80140, 21143: 74355, 21144: 2114, 21145: 2346, 21146: 89226, 21147: 2076, 21148: 53429, 21149: 56939, 21150: 86157, 21151: 2076, 21153: 74355, 21154: 146, 21155: 86213, 21156: 86157, 21157: 1188, 21159: 89226, 21163: 1288, 21164: 86157, 21165: 87984, 21166: 86213, 21167: 87984, 21168: 87984, 21170: 2346, 21171: 56939, 21172: 56939, 21173: 86213, 21174: 2076, 21175: 1188, 21176: 86213, 21177: 56939, 21178: 57649, 21179: 86213, 21180: 90998, 21181: 2114, 21182: 0, 21184: 86157, 21185: 0, 21186: 2076, 21187: 0, 21188: 1223, 21189: 0, 21190: 1457, 21191: 184, 21192: 65941, 21193: 1193, 21194: 0, 21195: 57290, 21196: 849, 21197: 53429, 21198: 74355, 21199: 2076, 21203: 86213, 21205: 2346, 21206: 90998, 21208: 87984, 21209: 89226, 21223: 743, 21226: 683, 21227: 449, 21228: 57290, 21229: 519, 21230: 57290, 21231: 1107, 21232: 57381, 21233: 82080, 21234: 82080, 21235: 522, 21236: 82080, 21237: 57290, 21238: 71117, 21239: 0, 21240: 805, 21241: 46494, 21244: 1173, 21249: 80479, 21262: 1391, 21265: 75421, 21271: 75453, 21279: 91053, 21280: 57639, 21288: 1188, 21290: 65941, 21298: 52945, 21303: 57455, 21304: 226, 21305: 88486, 21306: 1457, 21307: 226, 21308: 765, 21311: 46494, 21312: 63756, 21313: 35259, 21314: 88486, 21315: 64790, 21316: 63756, 21317: 1113, 21318: 64790, 21319: 1347, 21322: 82080, 21324: 395, 21325: 78626, 21326: 13828, 21327: 395, 21328: 13828, 21329: 550, 21331: 65877, 21333: 51797, 21334: 57455, 21335: 1113, 21336: 85669, 21338: 226, 21339: 71117, 21340: 1457, 21341: 1294, 21344: 51797, 21345: 0, 21346: 70500, 21348: 1193, 21349: 0, 21351: 72051, 21354: 13828, 21356: 57309, 21357: 64727, 21358: 226, 21363: 1412, 21366: 51797, 21369: 1347, 21370: 1357, 21378: 1014, 21384: 46494, 21398: 550, 21445: 53429, 21446: 57070, 21447: 1399, 21448: 69990, 21450: 78645, 21454: 48922, 21455: 1014, 21460: 1482, 21462: 1585, 21463: 75453, 21465: 0, 21468: 1391, 21470: 226, 21474: 686, 21475: 1012, 21477: 91896, 21478: 61726, 21479: 1107, 21480: 519, 21481: 1161, 21482: 1161, 21483: 70373, 21484: 69995, 21487: 51797, 21488: 65161, 21489: 91053, 21490: 1259, 21491: 1113, 21492: 1161, 21493: 50453, 21494: 342}",0.0,duplicado
646530.2731319997,Cruzamento,1733628320.2549148,25,"{20331: 57309, 20332: 65341, 20333: 82085, 20334: 57070, 20335: 1182, 20336: 1489, 20337: 1291, 20338: 1084, 20339: 184, 20340: 57309, 20341: 65341, 20342: 1182, 20343: 1489, 20344: 1489, 20345: 68182, 20346: 70373, 20347: 70342, 20348: 1084, 20349: 63099, 20350: 57309, 20351: 51797, 20352: 58096, 20353: 46793, 20354: 849, 20355: 48266, 20356: 1291, 20357: 58096, 20358: 1084, 20359: 46793, 20360: 69990, 20361: 1412, 20362: 765, 20363: 57455, 20364: 1291, 20365: 82085, 20366: 75453, 20367: 90927, 20368: 1617, 20369: 65341, 20370: 70342, 20371: 57070, 20372: 48266, 20373: 1412, 20378: 82085, 20379: 57455, 20380: 1391, 20381: 686, 20383: 13699, 20384: 686, 20385: 69990, 20386: 57257, 20387: 13699, 20388: 75421, 20389: 68182, 20392: 63099, 20393: 58096, 20394: 51797, 20395: 184, 20396: 1347, 20397: 65341, 20398: 2048, 20399: 805, 20400: 1084, 20401: 1482, 20402: 46793, 20403: 1482, 20404: 67720, 20405: 1107, 20406: 57381, 20407: 1502, 20408: 743, 20409: 743, 20410: 1347, 20411: 395, 20412: 1585, 20413: 1489, 20414: 449, 20415: 1188, 20416: 67720, 20417: 519, 20418: 46494, 20419: 71117, 20421: 1347, 20422: 1617, 20423: 1585, 20427: 72051, 20428: 48922, 20429: 44206, 20432: 683, 20433: 1502, 20434: 690, 20436: 1259, 20437: 57381, 20438: 48922, 20439: 683, 20440: 69985, 20441: 690, 20442: 69242, 20443: 46494, 20444: 522, 20445: 522, 20446: 69242, 20447: 69242, 20449: 69995, 20450: 57455, 20451: 1012, 20452: 54448, 20453: 1585, 20454: 50588, 20455: 52945, 20456: 50588, 20457: 63756, 20458: 65161, 20459: 1585, 20460: 1161, 20461: 80479, 20462: 57290, 20463: 1412, 20465: 69990, 20466: 1012, 20467: 57257, 20468: 67720, 20469: 743, 20471: 1014, 20472: 71117, 20473: 1107, 20475: 805, 20476: 690, 20481: 1107, 20482: 35245, 20484: 75379, 20485: 69995, 20486: 54448, 20487: 1502, 20488: 1188, 20489: 728, 20490: 71117, 20491: 57381, 20492: 44206, 20493: 1014, 20494: 91896, 20495: 72051, 20496: 849, 20497: 69995, 20499: 88486, 20501: 71117, 20503: 1357, 20504: 765, 20505: 1167, 20506: 1294, 20507: 65877, 20508: 54448, 20509: 46793, 20510: 52945, 20511: 75379, 20512: 52945, 20513: 1291, 20514: 69995, 20515: 70342, 20517: 63270, 20518: 913, 20519: 1012, 20520: 54448, 20521: 63270, 20522: 913, 20523: 519, 20524: 70342, 20525: 1259, 20527: 68173, 20528: 57381, 20530: 91896, 20531: 182, 20532: 71117, 20533: 75421, 20534: 35245, 20535: 71117, 20536: 44206, 20537: 75958, 20538: 35259, 20539: 70342, 20540: 67720, 20541: 1014, 20542: 48922, 20543: 59008, 20544: 1014, 20545: 449, 20546: 1585, 20547: 69995, 20549: 913, 20550: 1161, 20552: 1502, 20553: 728, 20554: 1188, 20555: 85710, 20556: 1182, 20557: 849, 20558: 1399, 20559: 1391, 20560: 1116, 20561: 57070, 20563: 78631, 20564: 44206, 20565: 1167, 20567: 1457, 20569: 63756, 20570: 59008, 20571: 743, 20572: 68173, 20573: 728, 20574: 70342, 20575: 1347, 20576: 44206, 20577: 690, 20578: 91896, 20579: 75958, 20580: 449, 20581: 69990, 20582: 35259, 20583: 69985, 20584: 91896, 20585: 75379, 20587: 63756, 20588: 85646, 20589: 913, 20590: 46494, 20591: 1259, 20592: 57290, 20593: 69985, 20594: 70342, 20595: 1502, 20596: 67720, 20597: 69985, 20599: 1585, 20600: 75379, 20601: 1161, 20602: 226, 20605: 35245, 20606: 64727, 20607: 1585, 20608: 1223, 20609: 64727, 20610: 1482, 20611: 65877, 20612: 69995, 20613: 1457, 20614: 69995, 20615: 686, 20616: 69990, 20617: 1540, 20618: 1116, 20619: 85710, 20620: 1107, 20621: 1107, 20622: 75453, 20624: 75453, 20625: 686, 20626: 953, 20628: 953, 20630: 66626, 20631: 1543, 20633: 46494, 20634: 690, 20635: 68182, 20636: 54448, 20637: 75421, 20638: 1288, 20639: 1391, 20640: 85669, 20641: 57639, 20642: 1193, 20643: 62344, 20645: 52945, 20646: 52945, 20647: 1193, 20648: 58096, 20650: 953, 20651: 85669, 20652: 1391, 20653: 57639, 20654: 686, 20655: 1583, 20656: 70342, 20659: 1173, 20661: 75379, 20662: 75453, 20663: 913, 20669: 69985, 20670: 35259, 20671: 57639, 20672: 65877, 20673: 73235, 20675: 61726, 20676: 75453, 20677: 1540, 20678: 78631, 20680: 1543, 20681: 728, 20684: 743, 20688: 82080, 20689: 1161, 20690: 66626, 20692: 57257, 20693: 58543, 20694: 913, 20695: 1489, 20696: 1161, 20697: 184, 20698: 62344, 20699: 50588, 20700: 1173, 20701: 63756, 20702: 1182, 20703: 54448, 20704: 63756, 20705: 64727, 20706: 69242, 20707: 63756, 20708: 1054, 20709: 1161, 20710: 1161, 20711: 68173, 20712: 0, 20713: 75421, 20714: 52945, 20715: 73383, 20716: 70342, 20717: 58543, 20719: 52945, 20720: 46793, 20721: 1012, 20722: 46494, 20723: 184, 20724: 46793, 20725: 78631, 20726: 80479, 20727: 1347, 20729: 1412, 20730: 57972, 20731: 1014, 20732: 83288, 20734: 57455, 20735: 62344, 20736: 73383, 20737: 59008, 20739: 75379, 20740: 1543, 20741: 85710, 20742: 75379, 20743: 686, 20744: 395, 20746: 1457, 20747: 49332, 20748: 1357, 20749: 63756, 20750: 1012, 20751: 85710, 20752: 46494, 20754: 1259, 20757: 1012, 20758: 35245, 20759: 58096, 20761: 63099, 20762: 75453, 20763: 1084, 20764: 1617, 20765: 1482, 20766: 75453, 20768: 0, 20769: 449, 20770: 77145, 20773: 63270, 20774: 1300, 20775: 57070, 20777: 57070, 20778: 146, 20779: 1347, 20781: 1543, 20782: 1223, 20784: 146, 20785: 146, 20786: 1154, 20789: 690, 20790: 58543, 20791: 1583, 20792: 49332, 20793: 728, 20794: 48266, 20795: 44206, 20796: 78631, 20797: 69242, 20798: 75421, 20799: 2048, 20800: 13699, 20802: 13828, 20803: 1288, 20804: 1154, 20805: 13699, 20806: 1391, 20807: 522, 20808: 85687, 20809: 1347, 20810: 46793, 20811: 70342, 20813: 70373, 20814: 2048, 20815: 85687, 20816: 184, 20817: 85687, 20818: 1347, 20819: 1502, 20820: 62344, 20821: 62344, 20822: 849, 20823: 805, 20824: 57309, 20825: 78631, 20826: 184, 20827: 69990, 20828: 70500, 20829: 1347, 20831: 57290, 20832: 1182, 20833: 1294, 20834: 72051, 20835: 1399, 20836: 58096, 20837: 70373, 20838: 1502, 20840: 49332, 20841: 1182, 20842: 58096, 20843: 1223, 20844: 82085, 20845: 85669, 20846: 1300, 20850: 72039, 20852: 1391, 20853: 1167, 20854: 82080, 20856: 46793, 20858: 70373, 20859: 82070, 20860: 82070, 20861: 63882, 20862: 63882, 20863: 82070, 20864: 395, 20872: 953, 20873: 35245, 20874: 0, 20875: 91053, 20876: 13828, 20877: 57972, 20881: 57417, 20883: 57639, 20884: 83288, 20885: 57417, 20886: 78631, 20887: 71117, 20888: 63882, 20889: 57381, 20890: 59008, 20891: 70500, 20892: 82070, 20894: 69990, 20895: 63270, 20897: 226, 20900: 953, 20901: 1223, 20902: 72039, 20904: 1300, 20905: 44206, 20906: 75453, 20907: 65941, 20909: 65877, 20910: 70342, 20911: 69995, 20913: 73383, 20916: 57309, 20917: 63882, 20918: 57290, 20919: 87001, 20921: 72051, 20922: 84328, 20923: 690, 20925: 1294, 20926: 65941, 20928: 72051, 20929: 85710, 20930: 61726, 20931: 64790, 20932: 69995, 20933: 805, 20934: 63099, 20935: 63882, 20936: 58543, 20937: 146, 20938: 1193, 20939: 35259, 20940: 72051, 20941: 82070, 20942: 67720, 20943: 48922, 20944: 64790, 20948: 63882, 20949: 57639, 20950: 72039, 20951: 64790, 20953: 63099, 20954: 48922, 20955: 1457, 20956: 63099, 20958: 1188, 20959: 87001, 20960: 64790, 20961: 1054, 20962: 51797, 20963: 1193, 20964: 83288, 20965: 57639, 20966: 1399, 20967: 85710, 20968: 59008, 20969: 70500, 20970: 65877, 20971: 52945, 20973: 1116, 20974: 57639, 20975: 63270, 20977: 57070, 20978: 57972, 20979: 1288, 20980: 64727, 20981: 57309, 20982: 72039, 20983: 1502, 20985: 65877, 20986: 1399, 20987: 1399, 20988: 1502, 20990: 1116, 20992: 70500, 20993: 72039, 20995: 63756, 20997: 87001, 20998: 63882, 20999: 87001, 21000: 82070, 21001: 48266, 21002: 1357, 21003: 83288, 21005: 65877, 21006: 57290, 21007: 1288, 21008: 686, 21009: 63882, 21011: 84328, 21012: 87001, 21013: 57417, 21014: 57972, 21015: 85700, 21016: 64790, 21017: 70500, 21018: 35245, 21019: 91053, 21020: 1347, 21021: 44206, 21022: 52945, 21023: 63270, 21028: 85700, 21030: 86055, 21032: 57417, 21033: 85710, 21034: 2048, 21035: 226, 21036: 67720, 21037: 68650, 21038: 395, 21039: 67720, 21041: 1193, 21043: 75379, 21045: 1300, 21047: 52945, 21050: 83288, 21053: 1294, 21055: 82080, 21056: 57381, 21057: 0, 21058: 1161, 21059: 395, 21060: 395, 21061: 78645, 21062: 78645, 21063: 1543, 21064: 46494, 21065: 68173, 21066: 44206, 21067: 1259, 21068: 46494, 21069: 48922, 21070: 1107, 21072: 69990, 21073: 1167, 21074: 67720, 21075: 78645, 21077: 1540, 21084: 1617, 21085: 87984, 21086: 80140, 21087: 90998, 21091: 1357, 21092: 1457, 21093: 85646, 21096: 57649, 21097: 57649, 21098: 63099, 21099: 2114, 21100: 74355, 21101: 2114, 21102: 56939, 21103: 1107, 21104: 91053, 21105: 2076, 21106: 57649, 21107: 57972, 21108: 74355, 21109: 53429, 21110: 80140, 21112: 1540, 21113: 57649, 21115: 89226, 21116: 57649, 21117: 74355, 21118: 58096, 21119: 80140, 21120: 80140, 21121: 56939, 21123: 56939, 21124: 2076, 21125: 53429, 21126: 53429, 21127: 88653, 21128: 74355, 21129: 2114, 21130: 74355, 21132: 57649, 21133: 90998, 21134: 57649, 21135: 80140, 21136: 57649, 21138: 53429, 21139: 89226, 21140: 57649, 21141: 87984, 21142: 80140, 21143: 74355, 21144: 2114, 21145: 2346, 21146: 89226, 21147: 2076, 21148: 53429, 21149: 56939, 21150: 86157, 21151: 2076, 21153: 74355, 21154: 146, 21155: 86213, 21156: 86157, 21157: 1188, 21159: 89226, 21163: 1288, 21164: 86157, 21165: 87984, 21166: 86213, 21167: 87984, 21168: 87984, 21170: 2346, 21171: 56939, 21172: 56939, 21173: 86213, 21174: 2076, 21175: 1188, 21176: 86213, 21177: 56939, 21178: 57649, 21179: 86213, 21180: 90998, 21181: 2114, 21182: 0, 21184: 86157, 21185: 0, 21186: 2076, 21187: 0, 21188: 1223, 21189: 0, 21190: 1457, 21191: 184, 21192: 65941, 21193: 1193, 21194: 0, 21195: 57290, 21196: 849, 21197: 53429, 21198: 74355, 21199: 2076, 21203: 86213, 21205: 2346, 21206: 90998, 21208: 87984, 21209: 89226, 21223: 743, 21226: 683, 21227: 449, 21228: 57290, 21229: 519, 21230: 57290, 21231: 1107, 21232: 57381, 21233: 82080, 21234: 82080, 21235: 522, 21236: 82080, 21237: 57290, 21238: 71117, 21239: 0, 21240: 805, 21241: 46494, 21244: 1173, 21249: 80479, 21262: 1391, 21265: 75421, 21271: 75453, 21279: 91053, 21280: 57639, 21288: 1188, 21290: 65941, 21298: 52945, 21303: 57455, 21304: 226, 21305: 88486, 21306: 1457, 21307: 226, 21308: 765, 21311: 46494, 21312: 63756, 21313: 35259, 21314: 88486, 21315: 64790, 21316: 63756, 21317: 1113, 21318: 64790, 21319: 1347, 21322: 82080, 21324: 395, 21325: 78626, 21326: 13828, 21327: 395, 21328: 13828, 21329: 550, 21331: 65877, 21333: 51797, 21334: 57455, 21335: 1113, 21336: 85669, 21338: 226, 21339: 71117, 21340: 1457, 21341: 1294, 21344: 51797, 21345: 0, 21346: 70500, 21348: 1193, 21349: 0, 21351: 72051, 21354: 13828, 21356: 57309, 21357: 64727, 21358: 226, 21363: 1412, 21366: 51797, 21369: 1347, 21370: 1357, 21378: 1014, 21384: 46494, 21398: 550, 21445: 53429, 21446: 57070, 21447: 1399, 21448: 69990, 21450: 78645, 21454: 48922, 21455: 1014, 21460: 1482, 21462: 1585, 21463: 75453, 21465: 0, 21468: 1391, 21470: 226, 21474: 686, 21475: 1012, 21477: 91896, 21478: 61726, 21479: 1107, 21480: 519, 21481: 1161, 21482: 1161, 21483: 70373, 21484: 69995, 21487: 51797, 21488: 65161, 21489: 91053, 21490: 1259, 21491: 1113, 21492: 1161, 21493: 50453, 21494: 342}",0.0,duplicado
641768.6180559995,Cruzamento,1733628322.5033667,26,"{20331: 1084, 20332: 46793, 20333: 1489, 20334: 1412, 20335: 1294, 20336: 82085, 20337: 65341, 20338: 48266, 20339: 46793, 20340: 1412, 20341: 1294, 20342: 1182, 20343: 70342, 20344: 849, 20345: 63099, 20346: 1084, 20347: 1489, 20348: 48266, 20349: 1347, 20350: 69990, 20351: 1347, 20352: 57309, 20353: 57257, 20354: 46793, 20355: 1347, 20356: 849, 20357: 1583, 20358: 2048, 20359: 1291, 20360: 765, 20361: 75421, 20362: 1489, 20363: 1412, 20364: 70342, 20365: 70171, 20366: 70171, 20367: 77145, 20368: 65341, 20369: 75453, 20370: 48266, 20371: 1347, 20372: 46793, 20373: 1617, 20378: 65341, 20379: 75421, 20380: 1489, 20381: 1182, 20383: 57257, 20384: 63099, 20385: 57257, 20386: 13699, 20387: 70342, 20388: 1084, 20389: 75421, 20392: 849, 20393: 69242, 20394: 51797, 20395: 48266, 20396: 449, 20397: 1583, 20398: 765, 20399: 44206, 20400: 46793, 20401: 1412, 20402: 48266, 20403: 184, 20404: 743, 20405: 82080, 20406: 728, 20407: 395, 20408: 449, 20409: 35259, 20410: 690, 20411: 67720, 20412: 75379, 20413: 1482, 20414: 67720, 20415: 71117, 20416: 70342, 20417: 57381, 20418: 82080, 20419: 519, 20421: 1294, 20422: 1489, 20423: 1585, 20427: 44206, 20428: 57381, 20429: 449, 20432: 1543, 20433: 449, 20434: 46494, 20436: 805, 20437: 69242, 20438: 69990, 20439: 1259, 20440: 743, 20441: 46494, 20442: 69985, 20443: 690, 20444: 82080, 20445: 805, 20446: 67720, 20447: 78645, 20449: 1012, 20450: 69995, 20451: 80479, 20452: 57455, 20453: 57455, 20454: 52945, 20455: 913, 20456: 50588, 20457: 51797, 20458: 913, 20459: 1161, 20460: 1585, 20461: 63270, 20462: 69995, 20463: 49332, 20465: 65341, 20466: 1012, 20467: 1291, 20468: 1107, 20469: 1259, 20471: 57381, 20472: 57381, 20473: 743, 20475: 72051, 20476: 1617, 20481: 1107, 20482: 75379, 20484: 52945, 20485: 75379, 20486: 54448, 20487: 449, 20488: 1188, 20489: 69990, 20490: 70342, 20491: 67720, 20492: 805, 20493: 1107, 20494: 46494, 20495: 683, 20496: 75453, 20497: 50588, 20499: 65877, 20501: 44206, 20503: 57639, 20504: 69990, 20505: 62344, 20506: 85710, 20507: 1357, 20508: 1161, 20509: 50588, 20510: 913, 20511: 85646, 20512: 70342, 20513: 1291, 20514: 64790, 20515: 913, 20517: 69995, 20518: 69995, 20519: 63270, 20520: 52945, 20521: 65161, 20522: 1161, 20523: 1259, 20524: 68173, 20525: 519, 20527: 82080, 20528: 1502, 20530: 46494, 20531: 59008, 20532: 805, 20533: 75421, 20534: 65161, 20535: 48922, 20536: 44206, 20537: 69985, 20538: 69990, 20539: 449, 20540: 690, 20541: 1617, 20542: 75958, 20543: 48922, 20544: 728, 20545: 91896, 20546: 71117, 20547: 64790, 20549: 80479, 20550: 51797, 20552: 1288, 20553: 1502, 20554: 57290, 20555: 62344, 20556: 65877, 20557: 75379, 20558: 1107, 20559: 1391, 20560: 65877, 20561: 85710, 20563: 1167, 20564: 57070, 20565: 69990, 20567: 849, 20569: 52945, 20570: 91896, 20571: 1585, 20572: 1288, 20573: 35259, 20574: 48922, 20575: 44206, 20576: 75958, 20577: 69985, 20578: 1347, 20579: 71117, 20580: 68173, 20581: 1014, 20582: 35259, 20583: 1288, 20584: 71117, 20585: 2048, 20587: 1012, 20588: 63270, 20589: 52945, 20590: 82080, 20591: 57455, 20592: 683, 20593: 805, 20594: 72051, 20595: 59008, 20596: 1347, 20597: 1585, 20599: 64727, 20600: 49332, 20601: 75379, 20602: 35245, 20605: 35245, 20606: 50588, 20607: 913, 20608: 57417, 20609: 1585, 20610: 1482, 20611: 1107, 20612: 686, 20613: 57309, 20614: 1167, 20615: 75453, 20616: 953, 20617: 61726, 20618: 85669, 20619: 1182, 20620: 1054, 20621: 1457, 20622: 849, 20624: 226, 20625: 1457, 20626: 69995, 20628: 1540, 20630: 69995, 20631: 449, 20633: 69242, 20634: 73383, 20635: 1583, 20636: 54448, 20637: 1583, 20638: 226, 20639: 1391, 20640: 52945, 20641: 85669, 20642: 62344, 20643: 1391, 20645: 52945, 20646: 85669, 20647: 57639, 20648: 686, 20650: 686, 20651: 1193, 20652: 58096, 20653: 1391, 20654: 953, 20655: 1482, 20656: 1084, 20659: 70342, 20661: 64727, 20662: 57309, 20663: 1161, 20669: 69242, 20670: 65877, 20671: 1540, 20672: 57972, 20673: 57639, 20675: 78631, 20676: 78631, 20677: 61726, 20678: 75379, 20680: 69990, 20681: 1188, 20684: 1543, 20688: 805, 20689: 50588, 20690: 64727, 20692: 1182, 20693: 58096, 20694: 913, 20695: 75453, 20696: 75379, 20697: 184, 20698: 85669, 20699: 70342, 20700: 54448, 20701: 54448, 20702: 1288, 20703: 66626, 20704: 66626, 20705: 75379, 20706: 1182, 20707: 70342, 20708: 46494, 20709: 1161, 20710: 1161, 20711: 1543, 20712: 0, 20713: 75421, 20714: 52945, 20715: 690, 20716: 70342, 20717: 57639, 20719: 1585, 20720: 75453, 20721: 913, 20722: 805, 20723: 51797, 20724: 80479, 20725: 85669, 20726: 46793, 20727: 78631, 20729: 1617, 20730: 88486, 20731: 48922, 20732: 1054, 20734: 1288, 20735: 57309, 20736: 1014, 20737: 73383, 20739: 35259, 20740: 57455, 20741: 686, 20742: 1167, 20743: 1116, 20744: 68650, 20746: 69990, 20747: 91053, 20748: 58096, 20749: 69990, 20750: 686, 20751: 1399, 20752: 1502, 20754: 44206, 20757: 1161, 20758: 1012, 20759: 62344, 20761: 1482, 20762: 75453, 20763: 63099, 20764: 1084, 20765: 63099, 20766: 63099, 20768: 184, 20769: 395, 20770: 77145, 20773: 70500, 20774: 1154, 20775: 69990, 20777: 1391, 20778: 70500, 20779: 1399, 20781: 1457, 20782: 49332, 20784: 57290, 20785: 2048, 20786: 70500, 20789: 1347, 20790: 58543, 20791: 70342, 20792: 46793, 20793: 146, 20794: 49332, 20795: 59008, 20796: 1188, 20797: 75421, 20798: 13699, 20799: 70373, 20800: 1482, 20802: 69242, 20803: 85710, 20804: 57309, 20805: 69242, 20806: 1391, 20807: 72051, 20808: 82067, 20809: 1291, 20810: 63099, 20811: 57070, 20813: 48266, 20814: 1482, 20815: 85687, 20816: 57455, 20817: 85687, 20818: 1391, 20819: 1502, 20820: 1167, 20821: 1116, 20822: 85687, 20823: 46494, 20824: 57417, 20825: 75453, 20826: 75379, 20827: 46494, 20828: 184, 20829: 67720, 20831: 57290, 20832: 57639, 20833: 1291, 20834: 728, 20835: 1502, 20836: 1583, 20837: 57070, 20838: 57070, 20840: 2048, 20841: 1412, 20842: 1357, 20843: 226, 20844: 57455, 20845: 65877, 20846: 1300, 20850: 65877, 20852: 90927, 20853: 51797, 20854: 72051, 20856: 46793, 20858: 48266, 20859: 82070, 20860: 63882, 20861: 63882, 20862: 82070, 20863: 82070, 20864: 395, 20872: 953, 20873: 395, 20874: 0, 20875: 91053, 20876: 683, 20877: 83288, 20881: 75379, 20883: 75453, 20884: 57972, 20885: 59008, 20886: 64727, 20887: 1540, 20888: 82070, 20889: 683, 20890: 64727, 20891: 1391, 20892: 82070, 20894: 85669, 20895: 64790, 20897: 1540, 20900: 1457, 20901: 75379, 20902: 72039, 20904: 63099, 20905: 522, 20906: 765, 20907: 1188, 20909: 65877, 20910: 182, 20911: 849, 20913: 72051, 20916: 85669, 20917: 87001, 20918: 73383, 20919: 63882, 20921: 58543, 20922: 82070, 20923: 690, 20925: 1294, 20926: 85700, 20928: 1300, 20929: 51797, 20930: 61726, 20931: 51797, 20932: 1288, 20933: 57290, 20934: 63099, 20935: 82070, 20936: 91053, 20937: 1399, 20938: 1193, 20939: 1502, 20940: 1223, 20941: 72039, 20942: 1399, 20943: 69985, 20944: 1193, 20948: 83288, 20949: 1193, 20950: 87001, 20951: 1300, 20953: 64727, 20954: 68173, 20955: 1457, 20956: 57639, 20958: 57639, 20959: 65877, 20960: 54448, 20961: 1012, 20962: 1300, 20963: 69995, 20964: 72039, 20965: 91053, 20966: 64790, 20967: 1054, 20968: 44206, 20969: 85700, 20970: 57972, 20971: 63756, 20973: 85710, 20974: 59008, 20975: 1154, 20977: 85710, 20978: 63756, 20979: 0, 20980: 63756, 20981: 49332, 20982: 72039, 20983: 1054, 20985: 72039, 20986: 728, 20987: 64790, 20988: 1054, 20990: 85710, 20992: 68650, 20993: 72039, 20995: 1012, 20997: 83288, 20998: 82070, 20999: 87001, 21000: 63882, 21001: 70500, 21002: 57639, 21003: 57972, 21005: 83288, 21006: 72051, 21007: 2048, 21008: 69995, 21009: 65877, 21011: 72039, 21012: 87001, 21013: 57290, 21014: 65877, 21015: 91053, 21016: 72051, 21017: 64790, 21018: 1193, 21019: 184, 21020: 69985, 21021: 1543, 21022: 75379, 21023: 63270, 21028: 86055, 21030: 85700, 21032: 52945, 21033: 35245, 21034: 1154, 21035: 58543, 21036: 35259, 21037: 1223, 21038: 728, 21039: 63270, 21041: 85700, 21043: 67720, 21045: 1188, 21047: 86055, 21050: 83288, 21053: 1294, 21055: 82080, 21056: 1585, 21057: 1107, 21058: 1107, 21059: 395, 21060: 1107, 21061: 46494, 21062: 1502, 21063: 1014, 21064: 57381, 21065: 1543, 21066: 1188, 21067: 683, 21068: 73383, 21069: 46494, 21070: 69990, 21072: 1107, 21073: 1182, 21074: 67720, 21075: 78645, 21077: 1540, 21084: 1617, 21085: 2114, 21086: 89226, 21087: 87984, 21091: 1012, 21092: 78631, 21093: 63270, 21096: 2114, 21097: 53429, 21098: 65941, 21099: 2114, 21100: 2076, 21101: 57649, 21102: 80140, 21103: 1457, 21104: 51797, 21105: 88653, 21106: 2346, 21107: 62344, 21108: 2346, 21109: 2114, 21110: 90942, 21112: 75379, 21113: 88653, 21115: 2346, 21116: 80140, 21117: 57649, 21118: 88486, 21119: 2076, 21120: 2076, 21121: 74355, 21123: 57649, 21124: 2076, 21125: 53429, 21126: 57649, 21127: 74355, 21128: 57649, 21129: 2114, 21130: 74355, 21132: 53429, 21133: 87984, 21134: 57649, 21135: 88653, 21136: 74355, 21138: 53429, 21139: 88653, 21140: 53429, 21141: 80140, 21142: 2346, 21143: 57649, 21144: 2114, 21145: 88653, 21146: 89226, 21147: 53429, 21148: 2114, 21149: 2076, 21150: 86213, 21151: 87984, 21153: 2114, 21154: 44206, 21155: 86157, 21156: 80140, 21157: 1188, 21159: 89226, 21163: 146, 21164: 86157, 21165: 88653, 21166: 88653, 21167: 80140, 21168: 2114, 21170: 88653, 21171: 53429, 21172: 57649, 21173: 56939, 21174: 90998, 21175: 1223, 21176: 56939, 21177: 56939, 21178: 57649, 21179: 86213, 21180: 90998, 21181: 86213, 21182: 86157, 21184: 56939, 21185: 86213, 21186: 86213, 21187: 0, 21188: 0, 21189: 0, 21190: 78631, 21191: 184, 21192: 59008, 21193: 57639, 21194: 0, 21195: 395, 21196: 1489, 21197: 57649, 21198: 74355, 21199: 2076, 21203: 90998, 21205: 74355, 21206: 86213, 21208: 87984, 21209: 89226, 21223: 683, 21226: 683, 21227: 1585, 21228: 68173, 21229: 0, 21230: 69990, 21231: 519, 21232: 57381, 21233: 1259, 21234: 805, 21235: 690, 21236: 71117, 21237: 71117, 21238: 1288, 21239: 805, 21240: 82080, 21241: 395, 21244: 64727, 21249: 0, 21262: 1489, 21265: 68182, 21271: 65161, 21279: 91053, 21280: 57639, 21288: 63756, 21290: 59008, 21298: 72051, 21303: 1457, 21304: 46494, 21305: 1294, 21306: 1167, 21307: 728, 21308: 1294, 21311: 1347, 21312: 88486, 21313: 1054, 21314: 1540, 21315: 1347, 21316: 71117, 21317: 765, 21318: 395, 21319: 1294, 21322: 69985, 21324: 71117, 21325: 550, 21326: 57455, 21327: 519, 21328: 35259, 21329: 805, 21331: 57972, 21333: 51797, 21334: 57455, 21335: 1357, 21336: 765, 21338: 1054, 21339: 1457, 21340: 1294, 21341: 765, 21344: 1288, 21345: 0, 21346: 57309, 21348: 63099, 21349: 0, 21351: 1259, 21354: 78626, 21356: 77145, 21357: 85646, 21358: 35245, 21363: 1347, 21366: 65941, 21369: 88486, 21370: 1054, 21378: 70342, 21384: 1188, 21398: 805, 21445: 2114, 21446: 58096, 21447: 1357, 21448: 35259, 21450: 69990, 21454: 48922, 21455: 1014, 21460: 13699, 21462: 1585, 21463: 57972, 21465: 0, 21468: 1347, 21470: 226, 21474: 1182, 21475: 1116, 21477: 48922, 21478: 44206, 21479: 1113, 21480: 13828, 21481: 75453, 21482: 1161, 21483: 0, 21484: 1182, 21487: 75453, 21488: 50588, 21489: 48266, 21490: 743, 21491: 245, 21492: 85687, 21493: 50453, 21494: 342}",0.0,filho
646497.3397086655,Cruzamento,1733628325.650335,27,"{20331: 57309, 20332: 65341, 20333: 82085, 20334: 57070, 20335: 1182, 20336: 1489, 20337: 1291, 20338: 1084, 20339: 184, 20340: 57309, 20341: 65341, 20342: 1182, 20343: 1489, 20344: 1489, 20345: 68182, 20346: 70373, 20347: 70342, 20348: 1084, 20349: 63099, 20350: 57309, 20351: 51797, 20352: 58096, 20353: 46793, 20354: 849, 20355: 48266, 20356: 1291, 20357: 58096, 20358: 1084, 20359: 46793, 20360: 69990, 20361: 1412, 20362: 765, 20363: 57455, 20364: 1291, 20365: 82085, 20366: 75453, 20367: 90927, 20368: 1617, 20369: 65341, 20370: 70342, 20371: 57070, 20372: 48266, 20373: 1412, 20378: 82085, 20379: 57455, 20380: 1391, 20381: 686, 20383: 13699, 20384: 686, 20385: 69990, 20386: 57257, 20387: 13699, 20388: 75421, 20389: 68182, 20392: 63099, 20393: 58096, 20394: 51797, 20395: 184, 20396: 1347, 20397: 65341, 20398: 2048, 20399: 805, 20400: 1084, 20401: 1482, 20402: 46793, 20403: 1482, 20404: 67720, 20405: 1107, 20406: 57381, 20407: 1502, 20408: 743, 20409: 743, 20410: 1347, 20411: 395, 20412: 1585, 20413: 1489, 20414: 449, 20415: 1188, 20416: 67720, 20417: 519, 20418: 46494, 20419: 71117, 20421: 1347, 20422: 1617, 20423: 1585, 20427: 72051, 20428: 48922, 20429: 44206, 20432: 683, 20433: 1502, 20434: 690, 20436: 1259, 20437: 57381, 20438: 48922, 20439: 683, 20440: 69985, 20441: 690, 20442: 69242, 20443: 46494, 20444: 522, 20445: 522, 20446: 69242, 20447: 69242, 20449: 69995, 20450: 57455, 20451: 1012, 20452: 54448, 20453: 1585, 20454: 50588, 20455: 52945, 20456: 50588, 20457: 63756, 20458: 65161, 20459: 1585, 20460: 1161, 20461: 80479, 20462: 57290, 20463: 1412, 20465: 69990, 20466: 1012, 20467: 57257, 20468: 67720, 20469: 743, 20471: 1014, 20472: 71117, 20473: 1107, 20475: 805, 20476: 690, 20481: 1107, 20482: 35245, 20484: 75379, 20485: 69995, 20486: 54448, 20487: 1502, 20488: 1188, 20489: 728, 20490: 71117, 20491: 57381, 20492: 44206, 20493: 1014, 20494: 91896, 20495: 72051, 20496: 849, 20497: 69995, 20499: 88486, 20501: 71117, 20503: 1357, 20504: 765, 20505: 1167, 20506: 1294, 20507: 65877, 20508: 54448, 20509: 46793, 20510: 52945, 20511: 75379, 20512: 52945, 20513: 1291, 20514: 69995, 20515: 70342, 20517: 63270, 20518: 913, 20519: 1012, 20520: 54448, 20521: 63270, 20522: 913, 20523: 519, 20524: 70342, 20525: 1259, 20527: 68173, 20528: 57381, 20530: 91896, 20531: 182, 20532: 71117, 20533: 75421, 20534: 35245, 20535: 71117, 20536: 44206, 20537: 75958, 20538: 35259, 20539: 70342, 20540: 67720, 20541: 1014, 20542: 48922, 20543: 59008, 20544: 1014, 20545: 449, 20546: 1585, 20547: 69995, 20549: 913, 20550: 1161, 20552: 1502, 20553: 728, 20554: 1188, 20555: 85710, 20556: 1182, 20557: 849, 20558: 1399, 20559: 1391, 20560: 1116, 20561: 57070, 20563: 78631, 20564: 44206, 20565: 1167, 20567: 1457, 20569: 63756, 20570: 59008, 20571: 743, 20572: 68173, 20573: 728, 20574: 70342, 20575: 1347, 20576: 44206, 20577: 690, 20578: 91896, 20579: 75958, 20580: 449, 20581: 69990, 20582: 35259, 20583: 69985, 20584: 91896, 20585: 75379, 20587: 63756, 20588: 85646, 20589: 913, 20590: 46494, 20591: 1259, 20592: 57290, 20593: 69985, 20594: 70342, 20595: 1502, 20596: 67720, 20597: 69985, 20599: 1585, 20600: 75379, 20601: 1161, 20602: 226, 20605: 35245, 20606: 64727, 20607: 1585, 20608: 1223, 20609: 64727, 20610: 1482, 20611: 65877, 20612: 69995, 20613: 1457, 20614: 69995, 20615: 686, 20616: 69990, 20617: 1540, 20618: 1116, 20619: 85710, 20620: 1107, 20621: 1107, 20622: 75453, 20624: 75453, 20625: 686, 20626: 953, 20628: 953, 20630: 66626, 20631: 1543, 20633: 46494, 20634: 690, 20635: 68182, 20636: 54448, 20637: 75421, 20638: 1288, 20639: 1391, 20640: 85669, 20641: 57639, 20642: 1193, 20643: 62344, 20645: 52945, 20646: 52945, 20647: 1193, 20648: 58096, 20650: 953, 20651: 85669, 20652: 1391, 20653: 57639, 20654: 686, 20655: 1583, 20656: 70342, 20659: 1173, 20661: 75379, 20662: 75453, 20663: 913, 20669: 69985, 20670: 35259, 20671: 57639, 20672: 65877, 20673: 73235, 20675: 61726, 20676: 75453, 20677: 1540, 20678: 78631, 20680: 1543, 20681: 728, 20684: 743, 20688: 82080, 20689: 1161, 20690: 66626, 20692: 57257, 20693: 58543, 20694: 913, 20695: 1489, 20696: 1161, 20697: 184, 20698: 62344, 20699: 50588, 20700: 1173, 20701: 63756, 20702: 1182, 20703: 54448, 20704: 63756, 20705: 64727, 20706: 69242, 20707: 63756, 20708: 1054, 20709: 1161, 20710: 1161, 20711: 68173, 20712: 0, 20713: 75421, 20714: 52945, 20715: 73383, 20716: 70342, 20717: 58543, 20719: 52945, 20720: 46793, 20721: 1012, 20722: 46494, 20723: 184, 20724: 46793, 20725: 78631, 20726: 80479, 20727: 1347, 20729: 1412, 20730: 57972, 20731: 1014, 20732: 83288, 20734: 57455, 20735: 62344, 20736: 73383, 20737: 59008, 20739: 75379, 20740: 1543, 20741: 85710, 20742: 75379, 20743: 686, 20744: 395, 20746: 1457, 20747: 49332, 20748: 1357, 20749: 63756, 20750: 1012, 20751: 85710, 20752: 46494, 20754: 1259, 20757: 1012, 20758: 35245, 20759: 58096, 20761: 63099, 20762: 75453, 20763: 1084, 20764: 1617, 20765: 1482, 20766: 75453, 20768: 0, 20769: 449, 20770: 77145, 20773: 63270, 20774: 1300, 20775: 57070, 20777: 57070, 20778: 146, 20779: 1347, 20781: 1543, 20782: 1223, 20784: 146, 20785: 146, 20786: 1154, 20789: 690, 20790: 58543, 20791: 1583, 20792: 49332, 20793: 728, 20794: 48266, 20795: 44206, 20796: 78631, 20797: 69242, 20798: 75421, 20799: 2048, 20800: 13699, 20802: 13828, 20803: 1288, 20804: 1154, 20805: 13699, 20806: 1391, 20807: 522, 20808: 85687, 20809: 1347, 20810: 46793, 20811: 70342, 20813: 70373, 20814: 2048, 20815: 85687, 20816: 184, 20817: 85687, 20818: 1347, 20819: 1502, 20820: 62344, 20821: 62344, 20822: 849, 20823: 805, 20824: 57309, 20825: 78631, 20826: 184, 20827: 69990, 20828: 184, 20829: 67720, 20831: 57290, 20832: 57639, 20833: 1291, 20834: 728, 20835: 1502, 20836: 1583, 20837: 57070, 20838: 57070, 20840: 2048, 20841: 1412, 20842: 1357, 20843: 226, 20844: 57455, 20845: 65877, 20846: 1300, 20850: 65877, 20852: 90927, 20853: 51797, 20854: 72051, 20856: 46793, 20858: 48266, 20859: 82070, 20860: 63882, 20861: 63882, 20862: 82070, 20863: 82070, 20864: 395, 20872: 953, 20873: 395, 20874: 0, 20875: 91053, 20876: 683, 20877: 83288, 20881: 75379, 20883: 75453, 20884: 57972, 20885: 59008, 20886: 64727, 20887: 1540, 20888: 82070, 20889: 683, 20890: 64727, 20891: 1391, 20892: 82070, 20894: 85669, 20895: 64790, 20897: 1540, 20900: 1457, 20901: 75379, 20902: 72039, 20904: 63099, 20905: 522, 20906: 765, 20907: 1188, 20909: 65877, 20910: 182, 20911: 849, 20913: 72051, 20916: 85669, 20917: 87001, 20918: 73383, 20919: 63882, 20921: 58543, 20922: 82070, 20923: 690, 20925: 1294, 20926: 85700, 20928: 1300, 20929: 51797, 20930: 61726, 20931: 51797, 20932: 1288, 20933: 57290, 20934: 63099, 20935: 82070, 20936: 91053, 20937: 1399, 20938: 1193, 20939: 1502, 20940: 1223, 20941: 72039, 20942: 1399, 20943: 69985, 20944: 1193, 20948: 83288, 20949: 1193, 20950: 87001, 20951: 1300, 20953: 64727, 20954: 68173, 20955: 1457, 20956: 57639, 20958: 57639, 20959: 65877, 20960: 54448, 20961: 1012, 20962: 1300, 20963: 69995, 20964: 72039, 20965: 91053, 20966: 64790, 20967: 1054, 20968: 44206, 20969: 85700, 20970: 57972, 20971: 63756, 20973: 85710, 20974: 59008, 20975: 1154, 20977: 85710, 20978: 63756, 20979: 0, 20980: 63756, 20981: 49332, 20982: 72039, 20983: 1054, 20985: 72039, 20986: 728, 20987: 64790, 20988: 1054, 20990: 85710, 20992: 68650, 20993: 72039, 20995: 1012, 20997: 83288, 20998: 82070, 20999: 87001, 21000: 63882, 21001: 70500, 21002: 57639, 21003: 57972, 21005: 83288, 21006: 72051, 21007: 2048, 21008: 69995, 21009: 65877, 21011: 72039, 21012: 87001, 21013: 57290, 21014: 65877, 21015: 91053, 21016: 72051, 21017: 64790, 21018: 1193, 21019: 184, 21020: 69985, 21021: 1543, 21022: 75379, 21023: 63270, 21028: 86055, 21030: 85700, 21032: 52945, 21033: 35245, 21034: 1154, 21035: 58543, 21036: 35259, 21037: 1223, 21038: 728, 21039: 63270, 21041: 85700, 21043: 67720, 21045: 1188, 21047: 86055, 21050: 83288, 21053: 1294, 21055: 82080, 21056: 1585, 21057: 1107, 21058: 1107, 21059: 395, 21060: 1107, 21061: 46494, 21062: 1502, 21063: 1014, 21064: 57381, 21065: 1543, 21066: 1188, 21067: 683, 21068: 73383, 21069: 46494, 21070: 69990, 21072: 1107, 21073: 1182, 21074: 67720, 21075: 78645, 21077: 1540, 21084: 1617, 21085: 2114, 21086: 89226, 21087: 87984, 21091: 1012, 21092: 78631, 21093: 63270, 21096: 2114, 21097: 53429, 21098: 65941, 21099: 2114, 21100: 2076, 21101: 57649, 21102: 80140, 21103: 1457, 21104: 51797, 21105: 88653, 21106: 2346, 21107: 62344, 21108: 2346, 21109: 2114, 21110: 90942, 21112: 75379, 21113: 88653, 21115: 2346, 21116: 80140, 21117: 57649, 21118: 88486, 21119: 2076, 21120: 2076, 21121: 74355, 21123: 57649, 21124: 2076, 21125: 53429, 21126: 57649, 21127: 74355, 21128: 57649, 21129: 2114, 21130: 74355, 21132: 53429, 21133: 87984, 21134: 57649, 21135: 88653, 21136: 74355, 21138: 53429, 21139: 88653, 21140: 53429, 21141: 80140, 21142: 2346, 21143: 57649, 21144: 2114, 21145: 88653, 21146: 89226, 21147: 53429, 21148: 2114, 21149: 2076, 21150: 86213, 21151: 87984, 21153: 2114, 21154: 44206, 21155: 86157, 21156: 80140, 21157: 1188, 21159: 89226, 21163: 146, 21164: 86157, 21165: 88653, 21166: 88653, 21167: 80140, 21168: 2114, 21170: 88653, 21171: 53429, 21172: 57649, 21173: 56939, 21174: 90998, 21175: 1223, 21176: 56939, 21177: 56939, 21178: 57649, 21179: 86213, 21180: 90998, 21181: 86213, 21182: 86157, 21184: 56939, 21185: 86213, 21186: 86213, 21187: 0, 21188: 0, 21189: 0, 21190: 78631, 21191: 184, 21192: 59008, 21193: 57639, 21194: 0, 21195: 395, 21196: 1489, 21197: 57649, 21198: 74355, 21199: 2076, 21203: 90998, 21205: 74355, 21206: 86213, 21208: 87984, 21209: 89226, 21223: 683, 21226: 683, 21227: 1585, 21228: 68173, 21229: 0, 21230: 69990, 21231: 519, 21232: 57381, 21233: 1259, 21234: 805, 21235: 690, 21236: 71117, 21237: 71117, 21238: 1288, 21239: 805, 21240: 82080, 21241: 395, 21244: 64727, 21249: 0, 21262: 1489, 21265: 68182, 21271: 65161, 21279: 91053, 21280: 57639, 21288: 63756, 21290: 59008, 21298: 72051, 21303: 1457, 21304: 46494, 21305: 1294, 21306: 1167, 21307: 728, 21308: 1294, 21311: 1347, 21312: 88486, 21313: 1054, 21314: 1540, 21315: 1347, 21316: 71117, 21317: 765, 21318: 395, 21319: 1294, 21322: 69985, 21324: 71117, 21325: 550, 21326: 57455, 21327: 519, 21328: 35259, 21329: 805, 21331: 57972, 21333: 51797, 21334: 57455, 21335: 1357, 21336: 765, 21338: 1054, 21339: 1457, 21340: 1294, 21341: 765, 21344: 1288, 21345: 0, 21346: 57309, 21348: 63099, 21349: 0, 21351: 1259, 21354: 78626, 21356: 77145, 21357: 85646, 21358: 35245, 21363: 1347, 21366: 65941, 21369: 88486, 21370: 1054, 21378: 70342, 21384: 1188, 21398: 805, 21445: 2114, 21446: 58096, 21447: 1357, 21448: 35259, 21450: 69990, 21454: 48922, 21455: 1014, 21460: 1482, 21462: 1585, 21463: 75453, 21465: 0, 21468: 1391, 21470: 226, 21474: 686, 21475: 1012, 21477: 91896, 21478: 61726, 21479: 1107, 21480: 519, 21481: 1161, 21482: 1161, 21483: 70373, 21484: 69995, 21487: 51797, 21488: 65161, 21489: 91053, 21490: 1259, 21491: 1113, 21492: 1161, 21493: 50453, 21494: 342}",0.0,duplicado
646607.0273993327,Cruzamento,1733628325.650335,27,"{20331: 1294, 20332: 70342, 20333: 1482, 20334: 82085, 20335: 1294, 20336: 57257, 20337: 65341, 20338: 1182, 20339: 1084, 20340: 57309, 20341: 765, 20342: 2048, 20343: 69242, 20344: 849, 20345: 63099, 20346: 1583, 20347: 1084, 20348: 69242, 20349: 1291, 20350: 1291, 20351: 46793, 20352: 46793, 20353: 1084, 20354: 75421, 20355: 51797, 20356: 1412, 20357: 1291, 20358: 2048, 20359: 765, 20360: 2048, 20361: 58096, 20362: 1412, 20363: 1489, 20364: 184, 20365: 1617, 20366: 70171, 20367: 57309, 20368: 90927, 20369: 1617, 20370: 48266, 20371: 70373, 20372: 49332, 20373: 1291, 20378: 1182, 20379: 69990, 20380: 70342, 20381: 57070, 20383: 1583, 20384: 686, 20385: 75421, 20386: 68182, 20387: 75421, 20388: 13699, 20389: 68182, 20392: 1291, 20393: 63099, 20394: 75453, 20395: 48266, 20396: 1543, 20397: 849, 20398: 75421, 20399: 70342, 20400: 58096, 20401: 57455, 20402: 1489, 20403: 1084, 20404: 57455, 20405: 1288, 20406: 519, 20407: 743, 20408: 71117, 20409: 1288, 20410: 57381, 20411: 449, 20412: 226, 20413: 58096, 20414: 1014, 20415: 46494, 20416: 805, 20417: 57290, 20418: 683, 20419: 1617, 20421: 65341, 20422: 82085, 20423: 1585, 20427: 68173, 20428: 78645, 20429: 48922, 20432: 44206, 20433: 1502, 20434: 57290, 20436: 182, 20437: 1188, 20438: 1502, 20439: 57381, 20440: 73383, 20441: 70342, 20442: 57381, 20443: 13828, 20444: 71117, 20445: 683, 20446: 1502, 20447: 71117, 20449: 50588, 20450: 913, 20451: 80479, 20452: 80479, 20453: 35245, 20454: 69995, 20455: 52945, 20456: 70342, 20457: 46793, 20458: 1012, 20459: 51797, 20460: 63756, 20461: 35245, 20462: 64790, 20463: 57257, 20465: 57070, 20466: 63756, 20467: 849, 20468: 743, 20469: 67720, 20471: 1014, 20472: 13828, 20473: 1188, 20475: 67720, 20476: 1259, 20481: 71117, 20482: 35245, 20484: 85646, 20485: 46793, 20486: 913, 20487: 743, 20488: 44206, 20489: 683, 20490: 519, 20491: 78645, 20492: 57381, 20493: 82080, 20494: 91896, 20495: 1585, 20496: 58096, 20497: 54448, 20499: 1054, 20501: 1347, 20503: 35259, 20504: 57070, 20505: 83288, 20506: 1012, 20507: 46494, 20508: 69995, 20509: 1012, 20510: 52945, 20511: 64727, 20512: 54448, 20513: 1291, 20514: 146, 20515: 52945, 20517: 35245, 20518: 226, 20519: 75379, 20520: 69995, 20521: 50588, 20522: 52945, 20523: 1543, 20524: 449, 20525: 728, 20527: 1617, 20528: 44206, 20530: 72051, 20531: 13828, 20532: 1259, 20533: 69990, 20534: 46793, 20535: 75958, 20536: 68173, 20537: 1617, 20538: 690, 20539: 69990, 20540: 1617, 20541: 71117, 20542: 1288, 20543: 449, 20544: 1014, 20545: 1585, 20546: 91896, 20547: 57070, 20549: 80479, 20550: 63270, 20552: 46494, 20553: 71117, 20554: 1288, 20555: 61726, 20556: 78631, 20557: 1391, 20558: 1502, 20559: 1399, 20560: 686, 20561: 46494, 20563: 65877, 20564: 1167, 20565: 85710, 20567: 69990, 20569: 51797, 20570: 743, 20571: 68173, 20572: 1347, 20573: 690, 20574: 67720, 20575: 449, 20576: 728, 20577: 48922, 20578: 1014, 20579: 1347, 20580: 35259, 20581: 75958, 20582: 48922, 20583: 743, 20584: 1347, 20585: 1543, 20587: 1161, 20588: 1012, 20589: 65161, 20590: 395, 20591: 449, 20592: 1188, 20593: 57290, 20594: 690, 20595: 522, 20596: 73383, 20597: 805, 20599: 1012, 20600: 63270, 20601: 63270, 20602: 35245, 20605: 226, 20606: 1161, 20607: 52945, 20608: 58096, 20609: 1173, 20610: 1084, 20611: 65877, 20612: 75453, 20613: 1457, 20614: 57309, 20615: 69995, 20616: 849, 20617: 1167, 20618: 1540, 20619: 765, 20620: 1457, 20621: 1167, 20622: 686, 20624: 1457, 20625: 65877, 20626: 686, 20628: 686, 20630: 66626, 20631: 519, 20633: 1107, 20634: 72051, 20635: 1084, 20636: 913, 20637: 1391, 20638: 146, 20639: 85669, 20640: 57639, 20641: 52945, 20642: 1391, 20643: 1193, 20645: 1391, 20646: 953, 20647: 686, 20648: 58096, 20650: 58096, 20651: 62344, 20652: 686, 20653: 1193, 20654: 85669, 20655: 1412, 20656: 184, 20659: 1585, 20661: 69995, 20662: 70373, 20663: 913, 20669: 522, 20670: 78631, 20671: 57639, 20672: 35259, 20673: 57972, 20675: 61726, 20676: 57972, 20677: 73235, 20678: 62344, 20680: 68173, 20681: 449, 20684: 1347, 20688: 1617, 20689: 69995, 20690: 52945, 20692: 57257, 20693: 85669, 20694: 66626, 20695: 1489, 20696: 1173, 20697: 1182, 20698: 58543, 20699: 63756, 20700: 50588, 20701: 913, 20702: 1167, 20703: 54448, 20704: 66626, 20705: 75379, 20706: 1182, 20707: 70342, 20708: 46494, 20709: 1161, 20710: 1161, 20711: 1543, 20712: 0, 20713: 75421, 20714: 52945, 20715: 690, 20716: 70342, 20717: 57639, 20719: 1585, 20720: 75453, 20721: 913, 20722: 805, 20723: 51797, 20724: 80479, 20725: 85669, 20726: 46793, 20727: 78631, 20729: 1617, 20730: 88486, 20731: 48922, 20732: 1054, 20734: 1288, 20735: 57309, 20736: 1014, 20737: 73383, 20739: 35259, 20740: 57455, 20741: 686, 20742: 1167, 20743: 1116, 20744: 68650, 20746: 69990, 20747: 91053, 20748: 58096, 20749: 69990, 20750: 686, 20751: 1399, 20752: 1502, 20754: 44206, 20757: 1161, 20758: 1012, 20759: 62344, 20761: 1482, 20762: 75453, 20763: 63099, 20764: 1084, 20765: 63099, 20766: 63099, 20768: 184, 20769: 395, 20770: 77145, 20773: 70500, 20774: 1154, 20775: 69990, 20777: 1391, 20778: 70500, 20779: 1399, 20781: 1457, 20782: 49332, 20784: 57290, 20785: 2048, 20786: 70500, 20789: 1347, 20790: 58543, 20791: 70342, 20792: 46793, 20793: 146, 20794: 49332, 20795: 59008, 20796: 1188, 20797: 75421, 20798: 13699, 20799: 70373, 20800: 1482, 20802: 69242, 20803: 85710, 20804: 57309, 20805: 69242, 20806: 1391, 20807: 72051, 20808: 82067, 20809: 1291, 20810: 63099, 20811: 57070, 20813: 48266, 20814: 1482, 20815: 85687, 20816: 57455, 20817: 85687, 20818: 1391, 20819: 1502, 20820: 1167, 20821: 1116, 20822: 85687, 20823: 46494, 20824: 57417, 20825: 75453, 20826: 75379, 20827: 46494, 20828: 184, 20829: 67720, 20831: 57290, 20832: 57639, 20833: 1291, 20834: 728, 20835: 1502, 20836: 1583, 20837: 57070, 20838: 57070, 20840: 2048, 20841: 1412, 20842: 1357, 20843: 226, 20844: 57455, 20845: 65877, 20846: 1300, 20850: 65877, 20852: 90927, 20853: 51797, 20854: 72051, 20856: 46793, 20858: 48266, 20859: 82070, 20860: 63882, 20861: 63882, 20862: 82070, 20863: 82070, 20864: 395, 20872: 953, 20873: 395, 20874: 0, 20875: 91053, 20876: 683, 20877: 83288, 20881: 75379, 20883: 75453, 20884: 57972, 20885: 59008, 20886: 64727, 20887: 1540, 20888: 82070, 20889: 683, 20890: 64727, 20891: 1391, 20892: 82070, 20894: 85669, 20895: 64790, 20897: 1540, 20900: 1457, 20901: 75379, 20902: 72039, 20904: 63099, 20905: 522, 20906: 765, 20907: 1188, 20909: 65877, 20910: 182, 20911: 849, 20913: 72051, 20916: 85669, 20917: 87001, 20918: 73383, 20919: 63882, 20921: 58543, 20922: 82070, 20923: 690, 20925: 1294, 20926: 85700, 20928: 1300, 20929: 51797, 20930: 61726, 20931: 51797, 20932: 1288, 20933: 57290, 20934: 63099, 20935: 82070, 20936: 91053, 20937: 1399, 20938: 1193, 20939: 1502, 20940: 1223, 20941: 72039, 20942: 1399, 20943: 69985, 20944: 1193, 20948: 83288, 20949: 1193, 20950: 87001, 20951: 1300, 20953: 64727, 20954: 68173, 20955: 1457, 20956: 57639, 20958: 57639, 20959: 65877, 20960: 54448, 20961: 1012, 20962: 1300, 20963: 69995, 20964: 72039, 20965: 91053, 20966: 64790, 20967: 1054, 20968: 44206, 20969: 85700, 20970: 57972, 20971: 63756, 20973: 85710, 20974: 59008, 20975: 1154, 20977: 85710, 20978: 63756, 20979: 0, 20980: 63756, 20981: 49332, 20982: 72039, 20983: 1054, 20985: 72039, 20986: 728, 20987: 64790, 20988: 1054, 20990: 85710, 20992: 68650, 20993: 72039, 20995: 1012, 20997: 83288, 20998: 82070, 20999: 87001, 21000: 63882, 21001: 70500, 21002: 57639, 21003: 57972, 21005: 83288, 21006: 72051, 21007: 2048, 21008: 69995, 21009: 65877, 21011: 72039, 21012: 87001, 21013: 57290, 21014: 65877, 21015: 91053, 21016: 72051, 21017: 64790, 21018: 1193, 21019: 184, 21020: 69985, 21021: 1543, 21022: 75379, 21023: 63270, 21028: 86055, 21030: 85700, 21032: 52945, 21033: 35245, 21034: 1154, 21035: 58543, 21036: 35259, 21037: 1223, 21038: 728, 21039: 63270, 21041: 85700, 21043: 67720, 21045: 1188, 21047: 86055, 21050: 83288, 21053: 1294, 21055: 82080, 21056: 1585, 21057: 1107, 21058: 1107, 21059: 395, 21060: 1107, 21061: 46494, 21062: 1502, 21063: 1014, 21064: 57381, 21065: 1543, 21066: 1188, 21067: 683, 21068: 73383, 21069: 46494, 21070: 69990, 21072: 1107, 21073: 1182, 21074: 67720, 21075: 78645, 21077: 1540, 21084: 1617, 21085: 2114, 21086: 89226, 21087: 87984, 21091: 1012, 21092: 78631, 21093: 63270, 21096: 2114, 21097: 53429, 21098: 65941, 21099: 2114, 21100: 2076, 21101: 57649, 21102: 80140, 21103: 1457, 21104: 51797, 21105: 88653, 21106: 2346, 21107: 62344, 21108: 2346, 21109: 2114, 21110: 90942, 21112: 75379, 21113: 88653, 21115: 2346, 21116: 80140, 21117: 57649, 21118: 88486, 21119: 2076, 21120: 2076, 21121: 74355, 21123: 57649, 21124: 2076, 21125: 53429, 21126: 57649, 21127: 74355, 21128: 57649, 21129: 2114, 21130: 74355, 21132: 53429, 21133: 87984, 21134: 57649, 21135: 88653, 21136: 74355, 21138: 53429, 21139: 88653, 21140: 53429, 21141: 80140, 21142: 2346, 21143: 57649, 21144: 2114, 21145: 88653, 21146: 89226, 21147: 53429, 21148: 2114, 21149: 2076, 21150: 86213, 21151: 87984, 21153: 2114, 21154: 44206, 21155: 86157, 21156: 80140, 21157: 1188, 21159: 89226, 21163: 146, 21164: 86157, 21165: 88653, 21166: 88653, 21167: 80140, 21168: 2114, 21170: 88653, 21171: 53429, 21172: 57649, 21173: 56939, 21174: 90998, 21175: 1223, 21176: 56939, 21177: 56939, 21178: 57649, 21179: 86213, 21180: 90998, 21181: 86213, 21182: 86157, 21184: 56939, 21185: 86213, 21186: 86213, 21187: 0, 21188: 0, 21189: 0, 21190: 78631, 21191: 184, 21192: 59008, 21193: 57639, 21194: 0, 21195: 395, 21196: 1489, 21197: 57649, 21198: 74355, 21199: 2076, 21203: 90998, 21205: 74355, 21206: 86213, 21208: 87984, 21209: 89226, 21223: 683, 21226: 683, 21227: 1585, 21228: 68173, 21229: 0, 21230: 69990, 21231: 519, 21232: 57381, 21233: 1259, 21234: 805, 21235: 690, 21236: 71117, 21237: 71117, 21238: 1288, 21239: 805, 21240: 82080, 21241: 395, 21244: 64727, 21249: 0, 21262: 1489, 21265: 68182, 21271: 65161, 21279: 91053, 21280: 57639, 21288: 63756, 21290: 59008, 21298: 72051, 21303: 1457, 21304: 46494, 21305: 1294, 21306: 1167, 21307: 728, 21308: 1294, 21311: 1347, 21312: 88486, 21313: 1054, 21314: 1540, 21315: 1347, 21316: 71117, 21317: 765, 21318: 395, 21319: 1294, 21322: 69985, 21324: 71117, 21325: 550, 21326: 57455, 21327: 519, 21328: 35259, 21329: 805, 21331: 57972, 21333: 51797, 21334: 57455, 21335: 1357, 21336: 765, 21338: 1054, 21339: 1457, 21340: 1294, 21341: 765, 21344: 1288, 21345: 0, 21346: 57309, 21348: 63099, 21349: 0, 21351: 1259, 21354: 78626, 21356: 77145, 21357: 85646, 21358: 35245, 21363: 1347, 21366: 65941, 21369: 88486, 21370: 1054, 21378: 70342, 21384: 1188, 21398: 805, 21445: 2114, 21446: 58096, 21447: 1357, 21448: 35259, 21450: 69990, 21454: 48922, 21455: 1014, 21460: 1482, 21462: 1585, 21463: 75453, 21465: 0, 21468: 1391, 21470: 226, 21474: 686, 21475: 1012, 21477: 91896, 21478: 61726, 21479: 1107, 21480: 519, 21481: 1161, 21482: 1161, 21483: 70373, 21484: 69995, 21487: 51797, 21488: 65161, 21489: 91053, 21490: 1259, 21491: 1113, 21492: 1161, 21493: 50453, 21494: 342}",0.0,duplicado
640486.4176879997,Cruzamento,1733628327.895852,28,"{20331: 1084, 20332: 46793, 20333: 1489, 20334: 1412, 20335: 1294, 20336: 82085, 20337: 65341, 20338: 48266, 20339: 46793, 20340: 1412, 20341: 1294, 20342: 1182, 20343: 70342, 20344: 849, 20345: 57257, 20346: 1412, 20347: 63099, 20348: 1084, 20349: 75453, 20350: 63099, 20351: 75453, 20352: 69242, 20353: 70342, 20354: 849, 20355: 1489, 20356: 1489, 20357: 849, 20358: 70342, 20359: 57257, 20360: 2048, 20361: 58096, 20362: 1412, 20363: 1489, 20364: 184, 20365: 1617, 20366: 70171, 20367: 57309, 20368: 90927, 20369: 1617, 20370: 48266, 20371: 70373, 20372: 49332, 20373: 1291, 20378: 1182, 20379: 69990, 20380: 70342, 20381: 57070, 20383: 1583, 20384: 686, 20385: 75421, 20386: 68182, 20387: 75421, 20388: 13699, 20389: 68182, 20392: 1291, 20393: 63099, 20394: 75453, 20395: 48266, 20396: 1543, 20397: 849, 20398: 75421, 20399: 70342, 20400: 58096, 20401: 57455, 20402: 1489, 20403: 1084, 20404: 57455, 20405: 1288, 20406: 519, 20407: 743, 20408: 71117, 20409: 1288, 20410: 57381, 20411: 449, 20412: 226, 20413: 58096, 20414: 1014, 20415: 46494, 20416: 805, 20417: 57290, 20418: 683, 20419: 1617, 20421: 65341, 20422: 82085, 20423: 1585, 20427: 68173, 20428: 78645, 20429: 48922, 20432: 44206, 20433: 1502, 20434: 57290, 20436: 182, 20437: 1188, 20438: 1502, 20439: 57381, 20440: 73383, 20441: 70342, 20442: 57381, 20443: 13828, 20444: 71117, 20445: 683, 20446: 1502, 20447: 71117, 20449: 50588, 20450: 913, 20451: 80479, 20452: 80479, 20453: 35245, 20454: 69995, 20455: 52945, 20456: 70342, 20457: 46793, 20458: 1012, 20459: 51797, 20460: 63756, 20461: 35245, 20462: 64790, 20463: 57257, 20465: 57070, 20466: 63756, 20467: 849, 20468: 743, 20469: 67720, 20471: 1014, 20472: 13828, 20473: 1188, 20475: 67720, 20476: 1259, 20481: 71117, 20482: 35245, 20484: 85646, 20485: 46793, 20486: 913, 20487: 743, 20488: 44206, 20489: 683, 20490: 519, 20491: 78645, 20492: 57381, 20493: 82080, 20494: 91896, 20495: 1585, 20496: 58096, 20497: 54448, 20499: 1054, 20501: 1347, 20503: 35259, 20504: 57070, 20505: 83288, 20506: 1012, 20507: 46494, 20508: 69995, 20509: 1012, 20510: 52945, 20511: 64727, 20512: 54448, 20513: 1291, 20514: 146, 20515: 52945, 20517: 35245, 20518: 226, 20519: 75379, 20520: 69995, 20521: 50588, 20522: 52945, 20523: 1543, 20524: 449, 20525: 728, 20527: 1617, 20528: 44206, 20530: 72051, 20531: 13828, 20532: 1259, 20533: 69990, 20534: 46793, 20535: 75958, 20536: 68173, 20537: 1617, 20538: 690, 20539: 69990, 20540: 1617, 20541: 71117, 20542: 1288, 20543: 449, 20544: 1014, 20545: 1585, 20546: 91896, 20547: 57070, 20549: 80479, 20550: 63270, 20552: 46494, 20553: 71117, 20554: 1288, 20555: 61726, 20556: 78631, 20557: 1391, 20558: 1502, 20559: 1399, 20560: 686, 20561: 46494, 20563: 65877, 20564: 1167, 20565: 85710, 20567: 69990, 20569: 51797, 20570: 743, 20571: 68173, 20572: 1347, 20573: 690, 20574: 67720, 20575: 449, 20576: 728, 20577: 48922, 20578: 1014, 20579: 1347, 20580: 35259, 20581: 75958, 20582: 48922, 20583: 743, 20584: 1347, 20585: 1543, 20587: 1161, 20588: 1012, 20589: 65161, 20590: 395, 20591: 449, 20592: 1188, 20593: 57290, 20594: 690, 20595: 522, 20596: 73383, 20597: 805, 20599: 1012, 20600: 63270, 20601: 63270, 20602: 35245, 20605: 226, 20606: 1161, 20607: 52945, 20608: 58096, 20609: 1173, 20610: 1084, 20611: 65877, 20612: 75453, 20613: 1457, 20614: 57309, 20615: 69995, 20616: 849, 20617: 1167, 20618: 1540, 20619: 765, 20620: 1457, 20621: 1167, 20622: 686, 20624: 1457, 20625: 65877, 20626: 686, 20628: 686, 20630: 66626, 20631: 519, 20633: 1107, 20634: 72051, 20635: 1084, 20636: 913, 20637: 1391, 20638: 146, 20639: 85669, 20640: 57639, 20641: 52945, 20642: 1391, 20643: 1193, 20645: 1391, 20646: 953, 20647: 686, 20648: 58096, 20650: 58096, 20651: 62344, 20652: 686, 20653: 1193, 20654: 85669, 20655: 1412, 20656: 184, 20659: 1585, 20661: 69995, 20662: 70373, 20663: 913, 20669: 522, 20670: 78631, 20671: 57639, 20672: 35259, 20673: 57972, 20675: 61726, 20676: 57972, 20677: 73235, 20678: 62344, 20680: 68173, 20681: 449, 20684: 1347, 20688: 1617, 20689: 69995, 20690: 52945, 20692: 57257, 20693: 85669, 20694: 66626, 20695: 1489, 20696: 1173, 20697: 1182, 20698: 58543, 20699: 63756, 20700: 50588, 20701: 913, 20702: 1167, 20703: 54448, 20704: 66626, 20705: 75379, 20706: 1182, 20707: 70342, 20708: 46494, 20709: 1161, 20710: 1161, 20711: 1543, 20712: 0, 20713: 75421, 20714: 52945, 20715: 690, 20716: 70342, 20717: 57639, 20719: 1585, 20720: 75453, 20721: 913, 20722: 805, 20723: 51797, 20724: 80479, 20725: 85669, 20726: 46793, 20727: 78631, 20729: 1617, 20730: 88486, 20731: 48922, 20732: 1054, 20734: 1288, 20735: 57309, 20736: 1014, 20737: 73383, 20739: 35259, 20740: 57455, 20741: 686, 20742: 1167, 20743: 1116, 20744: 68650, 20746: 69990, 20747: 91053, 20748: 58096, 20749: 69990, 20750: 686, 20751: 1399, 20752: 1502, 20754: 44206, 20757: 1161, 20758: 1012, 20759: 62344, 20761: 1482, 20762: 75453, 20763: 63099, 20764: 1084, 20765: 63099, 20766: 63099, 20768: 184, 20769: 395, 20770: 77145, 20773: 70500, 20774: 1154, 20775: 69990, 20777: 1391, 20778: 70500, 20779: 1399, 20781: 1457, 20782: 49332, 20784: 57290, 20785: 2048, 20786: 70500, 20789: 1347, 20790: 58543, 20791: 70342, 20792: 46793, 20793: 146, 20794: 49332, 20795: 59008, 20796: 1188, 20797: 75421, 20798: 13699, 20799: 70373, 20800: 1482, 20802: 69242, 20803: 85710, 20804: 57309, 20805: 69242, 20806: 1391, 20807: 72051, 20808: 82067, 20809: 1291, 20810: 63099, 20811: 57070, 20813: 48266, 20814: 1482, 20815: 85687, 20816: 57455, 20817: 85687, 20818: 1391, 20819: 1502, 20820: 1167, 20821: 1116, 20822: 85687, 20823: 46494, 20824: 57417, 20825: 75453, 20826: 75379, 20827: 46494, 20828: 184, 20829: 67720, 20831: 57290, 20832: 57639, 20833: 1291, 20834: 728, 20835: 1502, 20836: 1583, 20837: 57070, 20838: 57070, 20840: 2048, 20841: 1412, 20842: 1357, 20843: 226, 20844: 57455, 20845: 65877, 20846: 1300, 20850: 65877, 20852: 90927, 20853: 51797, 20854: 72051, 20856: 46793, 20858: 48266, 20859: 82070, 20860: 63882, 20861: 63882, 20862: 82070, 20863: 82070, 20864: 395, 20872: 953, 20873: 226, 20874: 0, 20875: 64727, 20876: 805, 20877: 63882, 20881: 64727, 20883: 70500, 20884: 82070, 20885: 1391, 20886: 67720, 20887: 1457, 20888: 82070, 20889: 1502, 20890: 91053, 20891: 1391, 20892: 72039, 20894: 765, 20895: 44206, 20897: 85669, 20900: 1167, 20901: 68650, 20902: 83288, 20904: 1188, 20905: 73383, 20906: 849, 20907: 1188, 20909: 65877, 20910: 72051, 20911: 1107, 20913: 73383, 20916: 1116, 20917: 84328, 20918: 69990, 20919: 84328, 20921: 63099, 20922: 82070, 20923: 57381, 20925: 1294, 20926: 65941, 20928: 1300, 20929: 51797, 20930: 0, 20931: 1223, 20932: 64790, 20933: 743, 20934: 1193, 20935: 63882, 20936: 65941, 20937: 67720, 20938: 1193, 20939: 395, 20940: 65161, 20941: 87001, 20942: 75379, 20943: 57290, 20944: 59008, 20948: 65877, 20949: 1193, 20950: 63882, 20951: 64790, 20953: 64727, 20954: 48922, 20955: 1116, 20956: 58096, 20958: 63756, 20959: 87001, 20960: 1399, 20961: 1502, 20962: 184, 20963: 146, 20964: 72039, 20965: 65941, 20966: 59008, 20967: 85710, 20968: 75453, 20969: 1300, 20970: 72039, 20971: 59008, 20973: 1054, 20974: 63756, 20975: 58096, 20977: 1399, 20978: 1502, 20979: 1193, 20980: 63756, 20981: 57070, 20982: 83288, 20983: 57972, 20985: 83288, 20986: 1167, 20987: 0, 20988: 63756, 20990: 57972, 20992: 57417, 20993: 83288, 20995: 85710, 20997: 72039, 20998: 63882, 20999: 57972, 21000: 82070, 21001: 78631, 21002: 1167, 21003: 57972, 21005: 83288, 21006: 57070, 21007: 1300, 21008: 69995, 21009: 57972, 21011: 87001, 21012: 84328, 21013: 57639, 21014: 65877, 21015: 91053, 21016: 146, 21017: 85700, 21018: 35245, 21019: 63756, 21020: 68173, 21021: 1188, 21022: 63270, 21023: 1457, 21028: 86055, 21030: 85700, 21032: 54448, 21033: 728, 21034: 57417, 21035: 1399, 21036: 91896, 21037: 2048, 21038: 1457, 21039: 1300, 21041: 72051, 21043: 146, 21045: 75453, 21047: 57290, 21050: 57639, 21053: 1294, 21055: 82080, 21056: 57381, 21057: 449, 21058: 63756, 21059: 1107, 21060: 1107, 21061: 78645, 21062: 1014, 21063: 46494, 21064: 1014, 21065: 1188, 21066: 1259, 21067: 683, 21068: 72051, 21069: 72051, 21070: 57290, 21072: 71117, 21073: 69995, 21074: 1617, 21075: 78645, 21077: 1540, 21084: 67720, 21085: 88653, 21086: 90942, 21087: 57649, 21091: 85710, 21092: 58096, 21093: 85646, 21096: 2346, 21097: 74355, 21098: 63756, 21099: 2114, 21100: 2076, 21101: 2346, 21102: 2114, 21103: 1116, 21104: 59008, 21105: 80140, 21106: 2114, 21107: 73235, 21108: 56939, 21109: 56939, 21110: 80140, 21112: 1391, 21113: 89226, 21115: 2114, 21116: 89226, 21117: 80140, 21118: 83288, 21119: 89226, 21120: 2076, 21121: 74355, 21123: 80140, 21124: 88653, 21125: 88653, 21126: 74355, 21127: 56939, 21128: 74355, 21129: 74355, 21130: 53429, 21132: 57649, 21133: 87984, 21134: 53429, 21135: 56939, 21136: 53429, 21138: 57649, 21139: 56939, 21140: 57649, 21141: 86157, 21142: 80140, 21143: 53429, 21144: 2114, 21145: 53429, 21146: 89226, 21147: 88653, 21148: 53429, 21149: 80140, 21150: 80140, 21151: 86213, 21153: 53429, 21154: 1223, 21155: 86157, 21156: 87984, 21157: 1288, 21159: 2346, 21163: 146, 21164: 86157, 21165: 80140, 21166: 90998, 21167: 87984, 21168: 90998, 21170: 90998, 21171: 86213, 21172: 57649, 21173: 2076, 21174: 2114, 21175: 0, 21176: 2076, 21177: 87984, 21178: 88653, 21179: 56939, 21180: 2346, 21181: 57649, 21182: 86157, 21184: 87984, 21185: 0, 21186: 2076, 21187: 0, 21188: 0, 21189: 0, 21190: 63270, 21191: 184, 21192: 1223, 21193: 70500, 21194: 0, 21195: 1167, 21196: 70342, 21197: 74355, 21198: 2114, 21199: 86213, 21203: 2076, 21205: 53429, 21206: 86213, 21208: 87984, 21209: 89226, 21223: 1585, 21226: 1014, 21227: 69985, 21228: 46494, 21229: 395, 21230: 78645, 21231: 395, 21232: 1259, 21233: 683, 21234: 70342, 21235: 1259, 21236: 57381, 21237: 71117, 21238: 1543, 21239: 72051, 21240: 1107, 21241: 1347, 21244: 66626, 21249: 1012, 21262: 57070, 21265: 13699, 21271: 91053, 21279: 59008, 21280: 59008, 21288: 57290, 21290: 51797, 21298: 57639, 21303: 1347, 21304: 35259, 21305: 35259, 21306: 226, 21307: 64790, 21308: 1113, 21311: 1540, 21312: 1294, 21313: 35259, 21314: 88486, 21315: 57417, 21316: 1054, 21317: 1347, 21318: 57455, 21319: 51797, 21322: 690, 21324: 13828, 21325: 13828, 21326: 35259, 21327: 1347, 21328: 519, 21329: 78626, 21331: 72039, 21333: 57455, 21334: 57455, 21335: 226, 21336: 765, 21338: 1502, 21339: 1054, 21340: 1107, 21341: 1294, 21344: 1300, 21345: 72039, 21346: 91053, 21348: 63099, 21349: 0, 21351: 69990, 21354: 519, 21356: 90927, 21357: 75379, 21358: 184, 21363: 57257, 21366: 65941, 21369: 765, 21370: 63756, 21378: 68173, 21384: 44206, 21398: 78626, 21445: 74355, 21446: 62344, 21447: 1347, 21448: 67720, 21450: 1014, 21454: 68173, 21455: 683, 21460: 0, 21462: 82080, 21463: 61726, 21465: 0, 21468: 85669, 21470: 63756, 21474: 46494, 21475: 1012, 21477: 91896, 21478: 69990, 21479: 71117, 21480: 805, 21481: 85687, 21482: 1391, 21483: 0, 21484: 1167, 21487: 65941, 21488: 65161, 21489: 65161, 21490: 0, 21491: 1113, 21492: 1116, 21493: 50453, 21494: 342}",0.0,filho
639206.2001873328,Cruzamento,1733628330.9937623,29,"{20331: 1294, 20332: 70342, 20333: 1482, 20334: 82085, 20335: 1294, 20336: 57257, 20337: 65341, 20338: 1182, 20339: 1084, 20340: 57309, 20341: 765, 20342: 2048, 20343: 69242, 20344: 849, 20345: 63099, 20346: 1583, 20347: 1084, 20348: 69242, 20349: 1291, 20350: 1291, 20351: 46793, 20352: 46793, 20353: 1084, 20354: 75421, 20355: 51797, 20356: 1412, 20357: 1291, 20358: 2048, 20359: 765, 20360: 2048, 20361: 58096, 20362: 1412, 20363: 1489, 20364: 184, 20365: 1617, 20366: 70171, 20367: 57309, 20368: 90927, 20369: 1617, 20370: 48266, 20371: 70373, 20372: 49332, 20373: 1291, 20378: 1182, 20379: 69990, 20380: 70342, 20381: 57070, 20383: 1583, 20384: 686, 20385: 75421, 20386: 68182, 20387: 75421, 20388: 13699, 20389: 68182, 20392: 1291, 20393: 63099, 20394: 75453, 20395: 48266, 20396: 1543, 20397: 849, 20398: 75421, 20399: 70342, 20400: 58096, 20401: 57455, 20402: 1489, 20403: 1084, 20404: 57455, 20405: 1288, 20406: 519, 20407: 743, 20408: 71117, 20409: 1288, 20410: 57381, 20411: 449, 20412: 226, 20413: 58096, 20414: 1014, 20415: 46494, 20416: 805, 20417: 57290, 20418: 683, 20419: 1617, 20421: 65341, 20422: 82085, 20423: 1585, 20427: 68173, 20428: 78645, 20429: 48922, 20432: 44206, 20433: 1502, 20434: 57290, 20436: 182, 20437: 1188, 20438: 1502, 20439: 57381, 20440: 73383, 20441: 70342, 20442: 57381, 20443: 13828, 20444: 71117, 20445: 683, 20446: 1502, 20447: 71117, 20449: 50588, 20450: 913, 20451: 80479, 20452: 80479, 20453: 35245, 20454: 69995, 20455: 52945, 20456: 70342, 20457: 46793, 20458: 1012, 20459: 51797, 20460: 63756, 20461: 35245, 20462: 64790, 20463: 57257, 20465: 57070, 20466: 63756, 20467: 849, 20468: 743, 20469: 67720, 20471: 1014, 20472: 13828, 20473: 1188, 20475: 67720, 20476: 1259, 20481: 71117, 20482: 35245, 20484: 85646, 20485: 46793, 20486: 913, 20487: 743, 20488: 44206, 20489: 683, 20490: 519, 20491: 78645, 20492: 57381, 20493: 82080, 20494: 91896, 20495: 91896, 20496: 686, 20497: 226, 20499: 1457, 20501: 65877, 20503: 85710, 20504: 1167, 20505: 765, 20506: 57309, 20507: 57070, 20508: 1161, 20509: 50588, 20510: 70342, 20511: 85646, 20512: 54448, 20513: 69990, 20514: 35245, 20515: 913, 20517: 35245, 20518: 35245, 20519: 80479, 20520: 1012, 20521: 63756, 20522: 85646, 20523: 1288, 20524: 35259, 20525: 1502, 20527: 1543, 20528: 519, 20530: 67720, 20531: 1188, 20532: 690, 20533: 1084, 20534: 1161, 20535: 67720, 20536: 59008, 20537: 68173, 20538: 68173, 20539: 1585, 20540: 1347, 20541: 69990, 20542: 1617, 20543: 71117, 20544: 69985, 20545: 48922, 20546: 743, 20547: 91053, 20549: 913, 20550: 51797, 20552: 57381, 20553: 1347, 20554: 35259, 20555: 85687, 20556: 83288, 20557: 1116, 20558: 1167, 20559: 46494, 20560: 1457, 20561: 65877, 20563: 65877, 20564: 1391, 20565: 849, 20567: 1161, 20569: 51797, 20570: 728, 20571: 69985, 20572: 728, 20573: 75958, 20574: 44206, 20575: 91896, 20576: 1014, 20577: 1617, 20578: 71117, 20579: 69985, 20580: 743, 20581: 690, 20582: 35259, 20583: 71117, 20584: 1347, 20585: 184, 20587: 65161, 20588: 63270, 20589: 1161, 20590: 68173, 20591: 57455, 20592: 1288, 20593: 46494, 20594: 70342, 20595: 73383, 20596: 743, 20597: 44206, 20599: 51797, 20600: 54448, 20601: 80479, 20602: 226, 20605: 35245, 20606: 66626, 20607: 66626, 20608: 57417, 20609: 69995, 20610: 1084, 20611: 1054, 20612: 85710, 20613: 85669, 20614: 953, 20615: 226, 20616: 71117, 20617: 765, 20618: 1054, 20619: 75453, 20620: 61726, 20621: 765, 20622: 65877, 20624: 69990, 20625: 1116, 20626: 1288, 20628: 1540, 20630: 52945, 20631: 57381, 20633: 743, 20634: 182, 20635: 1084, 20636: 54448, 20637: 686, 20638: 54448, 20639: 85669, 20640: 1193, 20641: 52945, 20642: 57639, 20643: 62344, 20645: 58096, 20646: 953, 20647: 62344, 20648: 1391, 20650: 686, 20651: 57639, 20652: 1391, 20653: 1193, 20654: 58096, 20655: 70373, 20656: 1291, 20659: 66626, 20661: 54448, 20662: 46793, 20663: 54448, 20669: 683, 20670: 35259, 20671: 78631, 20672: 61726, 20673: 57309, 20675: 57972, 20676: 57972, 20677: 73235, 20678: 65877, 20680: 1585, 20681: 805, 20684: 805, 20688: 67720, 20689: 913, 20690: 52945, 20692: 58096, 20693: 85669, 20694: 1161, 20695: 58096, 20696: 70342, 20697: 70373, 20698: 62344, 20699: 75379, 20700: 63756, 20701: 1173, 20702: 85710, 20703: 1173, 20704: 1173, 20705: 50588, 20706: 63099, 20707: 75379, 20708: 1457, 20709: 1161, 20710: 0, 20711: 1259, 20712: 0, 20713: 1489, 20714: 52945, 20715: 46494, 20716: 1012, 20717: 85669, 20719: 75379, 20720: 57257, 20721: 70342, 20722: 57290, 20723: 1291, 20724: 46793, 20725: 1167, 20726: 0, 20727: 1457, 20729: 69990, 20730: 83288, 20731: 57290, 20732: 1054, 20734: 690, 20735: 57309, 20736: 522, 20737: 72051, 20739: 1540, 20740: 1617, 20741: 190, 20742: 1182, 20743: 1502, 20744: 146, 20746: 190, 20747: 58543, 20748: 1502, 20749: 85710, 20750: 1540, 20751: 63756, 20752: 46494, 20754: 71117, 20757: 46793, 20758: 913, 20759: 85669, 20761: 58096, 20762: 75453, 20763: 1482, 20764: 69990, 20765: 70373, 20766: 75453, 20768: 184, 20769: 395, 20770: 77145, 20773: 1188, 20774: 1347, 20775: 69242, 20777: 686, 20778: 57070, 20779: 1399, 20781: 57639, 20782: 78631, 20784: 52945, 20785: 35245, 20786: 2048, 20789: 1014, 20790: 1540, 20791: 1412, 20792: 65341, 20793: 1300, 20794: 70342, 20795: 73383, 20796: 1223, 20797: 1084, 20798: 70373, 20799: 13699, 20800: 2048, 20802: 82080, 20803: 75379, 20804: 395, 20805: 70373, 20806: 52945, 20807: 805, 20808: 82067, 20809: 1291, 20810: 46793, 20811: 49332, 20813: 48266, 20814: 1489, 20815: 82067, 20816: 82085, 20817: 82067, 20818: 85669, 20819: 67720, 20820: 78631, 20821: 1167, 20822: 62344, 20823: 1014, 20824: 57070, 20825: 69990, 20826: 67720, 20827: 190, 20828: 1154, 20829: 44206, 20831: 1391, 20832: 190, 20833: 184, 20834: 58543, 20835: 44206, 20836: 1182, 20837: 0, 20838: 78631, 20840: 57257, 20841: 765, 20842: 190, 20843: 1543, 20844: 82085, 20845: 190, 20846: 1167, 20850: 72039, 20852: 1391, 20853: 85710, 20854: 1014, 20856: 0, 20858: 48266, 20859: 82070, 20860: 63882, 20861: 63882, 20862: 82070, 20863: 82070, 20864: 395, 20872: 953, 20873: 35245, 20874: 184, 20875: 70500, 20876: 59008, 20877: 82070, 20881: 57417, 20883: 75379, 20884: 65877, 20885: 85646, 20886: 78631, 20887: 61726, 20888: 65877, 20889: 805, 20890: 57639, 20891: 64727, 20892: 65877, 20894: 1457, 20895: 1300, 20897: 71117, 20900: 61726, 20901: 75379, 20902: 72039, 20904: 184, 20905: 44206, 20906: 57309, 20907: 64790, 20909: 0, 20910: 67720, 20911: 69990, 20913: 522, 20916: 1457, 20917: 82070, 20918: 73383, 20919: 72039, 20921: 72051, 20922: 84328, 20923: 68173, 20925: 1294, 20926: 1188, 20928: 48266, 20929: 51797, 20930: 61726, 20931: 51797, 20932: 59008, 20933: 72051, 20934: 63099, 20935: 84328, 20936: 57639, 20937: 54448, 20938: 63099, 20939: 1107, 20940: 1347, 20941: 63882, 20942: 63756, 20943: 728, 20944: 1391, 20948: 57972, 20949: 64727, 20950: 72039, 20951: 1223, 20953: 59008, 20954: 1585, 20955: 1116, 20956: 1399, 20958: 65161, 20959: 57972, 20960: 146, 20961: 1502, 20962: 1223, 20963: 69995, 20964: 83288, 20965: 57639, 20966: 63099, 20967: 1054, 20968: 64727, 20969: 91053, 20970: 83288, 20971: 1193, 20973: 1054, 20974: 146, 20975: 1188, 20977: 78631, 20978: 57972, 20979: 64790, 20980: 64727, 20981: 67720, 20982: 83288, 20983: 1502, 20985: 87001, 20986: 91053, 20987: 59008, 20988: 85710, 20990: 63756, 20992: 64790, 20993: 87001, 20995: 1012, 20997: 83288, 20998: 82070, 20999: 83288, 21000: 63882, 21001: 1188, 21002: 1167, 21003: 57972, 21005: 72039, 21006: 57417, 21007: 54448, 21008: 953, 21009: 57972, 21011: 72039, 21012: 63882, 21013: 2048, 21014: 87001, 21015: 184, 21016: 65941, 21017: 58543, 21018: 85700, 21019: 75453, 21020: 1617, 21021: 63756, 21022: 2048, 21023: 1167, 21028: 86055, 21030: 85700, 21032: 1543, 21033: 146, 21034: 1167, 21035: 54448, 21036: 449, 21037: 1154, 21038: 85710, 21039: 226, 21041: 52945, 21043: 57417, 21045: 57639, 21047: 86055, 21050: 1182, 21053: 1294, 21055: 1585, 21056: 57381, 21057: 1107, 21058: 58096, 21059: 395, 21060: 1107, 21061: 72051, 21062: 683, 21063: 449, 21064: 1107, 21065: 44206, 21066: 57381, 21067: 1014, 21068: 72051, 21069: 72051, 21070: 57290, 21072: 57381, 21073: 849, 21074: 35259, 21075: 48922, 21077: 1540, 21084: 82080, 21085: 56939, 21086: 90942, 21087: 56939, 21091: 190, 21092: 1399, 21093: 2048, 21096: 2114, 21097: 2114, 21098: 51797, 21099: 87984, 21100: 74355, 21101: 80140, 21102: 56939, 21103: 1116, 21104: 1193, 21105: 88653, 21106: 74355, 21107: 61726, 21108: 53429, 21109: 2114, 21110: 89226, 21112: 75453, 21113: 2346, 21115: 89226, 21116: 53429, 21117: 74355, 21118: 35259, 21119: 74355, 21120: 2076, 21121: 88653, 21123: 80140, 21124: 88653, 21125: 2114, 21126: 2114, 21127: 74355, 21128: 53429, 21129: 57649, 21130: 74355, 21132: 53429, 21133: 90998, 21134: 53429, 21135: 89226, 21136: 2114, 21138: 57649, 21139: 88653, 21140: 74355, 21141: 56939, 21142: 89226, 21143: 53429, 21144: 2114, 21145: 2346, 21146: 89226, 21147: 88653, 21148: 53429, 21149: 86213, 21150: 80140, 21151: 87984, 21153: 80140, 21154: 146, 21155: 86213, 21156: 56939, 21157: 1188, 21159: 2076, 21163: 1223, 21164: 2076, 21165: 90998, 21166: 2346, 21167: 56939, 21168: 88653, 21170: 80140, 21171: 2076, 21172: 87984, 21173: 2076, 21174: 90998, 21175: 57417, 21176: 57649, 21177: 86157, 21178: 86213, 21179: 80140, 21180: 2346, 21181: 86213, 21182: 86157, 21184: 86157, 21185: 80140, 21186: 86213, 21187: 0, 21188: 0, 21189: 0, 21190: 91053, 21191: 184, 21192: 65941, 21193: 146, 21194: 0, 21195: 1300, 21196: 58096, 21197: 53429, 21198: 2114, 21199: 2076, 21203: 80140, 21205: 80140, 21206: 90998, 21208: 87984, 21209: 80140, 21223: 44206, 21226: 69990, 21227: 75958, 21228: 449, 21229: 519, 21230: 1014, 21231: 449, 21232: 78645, 21233: 69242, 21234: 78645, 21235: 78645, 21236: 1288, 21237: 1107, 21238: 1288, 21239: 1014, 21240: 1617, 21241: 395, 21244: 1173, 21249: 1012, 21262: 1489, 21265: 1412, 21271: 70500, 21279: 57417, 21280: 1391, 21288: 57070, 21290: 63270, 21298: 63270, 21303: 57455, 21304: 226, 21305: 1167, 21306: 1347, 21307: 1347, 21308: 1294, 21311: 1294, 21312: 46494, 21313: 765, 21314: 1113, 21315: 226, 21316: 1054, 21317: 46494, 21318: 64790, 21319: 765, 21322: 522, 21324: 1347, 21325: 78626, 21326: 805, 21327: 46494, 21328: 78626, 21329: 805, 21331: 65877, 21333: 51797, 21334: 57455, 21335: 71117, 21336: 1457, 21338: 1457, 21339: 1113, 21340: 63756, 21341: 51797, 21344: 1300, 21345: 65877, 21346: 1391, 21348: 63099, 21349: 0, 21351: 1259, 21354: 395, 21356: 77145, 21357: 85646, 21358: 226, 21363: 1294, 21366: 1223, 21369: 226, 21370: 1357, 21378: 1543, 21384: 69242, 21398: 550, 21445: 57649, 21446: 57639, 21447: 46494, 21448: 728, 21450: 69242, 21454: 57290, 21455: 449, 21460: 13699, 21462: 1502, 21463: 65877, 21465: 0, 21468: 1167, 21470: 1502, 21474: 1161, 21475: 63756, 21477: 75958, 21478: 1357, 21479: 46494, 21480: 805, 21481: 1116, 21482: 78631, 21483: 0, 21484: 69995, 21487: 63756, 21488: 51797, 21489: 85700, 21490: 1259, 21491: 245, 21492: 62344, 21493: 342, 21494: 50453}",0.0,filho
637769.0610560003,Cruzamento,1733628330.9937623,29,"{20331: 1182, 20332: 1412, 20333: 1583, 20334: 49332, 20335: 49332, 20336: 82085, 20337: 75421, 20338: 57455, 20339: 49332, 20340: 849, 20341: 57309, 20342: 69242, 20343: 70342, 20344: 2048, 20345: 1291, 20346: 63099, 20347: 48266, 20348: 70373, 20349: 70342, 20350: 70373, 20351: 849, 20352: 63099, 20353: 184, 20354: 51797, 20355: 75421, 20356: 48266, 20357: 46793, 20358: 48266, 20359: 82085, 20360: 48266, 20361: 58096, 20362: 57070, 20363: 75421, 20364: 57070, 20365: 82085, 20366: 82085, 20367: 90927, 20368: 77145, 20369: 65341, 20370: 49332, 20371: 48266, 20372: 46793, 20373: 1347, 20378: 1347, 20379: 65341, 20380: 75453, 20381: 69242, 20383: 1391, 20384: 1391, 20385: 75421, 20386: 686, 20387: 686, 20388: 69990, 20389: 686, 20392: 48266, 20393: 57257, 20394: 849, 20395: 1583, 20396: 395, 20397: 1182, 20398: 1489, 20399: 1107, 20400: 65341, 20401: 1489, 20402: 1482, 20403: 58096, 20404: 44206, 20405: 57290, 20406: 57455, 20407: 71117, 20408: 1585, 20409: 69990, 20410: 1585, 20411: 68173, 20412: 75379, 20413: 1583, 20414: 68173, 20415: 395, 20416: 1014, 20417: 728, 20418: 1188, 20419: 71117, 20421: 2048, 20422: 1294, 20423: 82080, 20427: 46494, 20428: 78645, 20429: 78645, 20432: 449, 20433: 48922, 20434: 690, 20436: 59008, 20437: 1347, 20438: 70342, 20439: 57381, 20440: 690, 20441: 70342, 20442: 1585, 20443: 522, 20444: 522, 20445: 91896, 20446: 13828, 20447: 44206, 20449: 69995, 20450: 226, 20451: 52945, 20452: 1585, 20453: 63270, 20454: 57455, 20455: 70342, 20456: 63270, 20457: 50588, 20458: 63756, 20459: 63270, 20460: 1161, 20461: 75379, 20462: 1154, 20463: 1482, 20465: 2048, 20466: 65161, 20467: 1583, 20468: 1014, 20469: 57381, 20471: 72051, 20472: 1259, 20473: 1107, 20475: 743, 20476: 46494, 20481: 1543, 20482: 70342, 20484: 70342, 20485: 50588, 20486: 913, 20487: 1347, 20488: 1617, 20489: 71117, 20490: 1502, 20491: 82080, 20492: 67720, 20493: 46494, 20494: 522, 20495: 1585, 20496: 58096, 20497: 54448, 20499: 1054, 20501: 1347, 20503: 35259, 20504: 57070, 20505: 83288, 20506: 1012, 20507: 46494, 20508: 69995, 20509: 1012, 20510: 52945, 20511: 64727, 20512: 54448, 20513: 1291, 20514: 146, 20515: 52945, 20517: 35245, 20518: 226, 20519: 75379, 20520: 69995, 20521: 50588, 20522: 52945, 20523: 1543, 20524: 449, 20525: 728, 20527: 1617, 20528: 44206, 20530: 72051, 20531: 13828, 20532: 1259, 20533: 69990, 20534: 46793, 20535: 75958, 20536: 68173, 20537: 1617, 20538: 690, 20539: 69990, 20540: 1617, 20541: 71117, 20542: 1288, 20543: 449, 20544: 1014, 20545: 1585, 20546: 91896, 20547: 57070, 20549: 80479, 20550: 63270, 20552: 46494, 20553: 71117, 20554: 1288, 20555: 61726, 20556: 78631, 20557: 1391, 20558: 1502, 20559: 1399, 20560: 686, 20561: 46494, 20563: 65877, 20564: 1167, 20565: 85710, 20567: 69990, 20569: 51797, 20570: 743, 20571: 68173, 20572: 1347, 20573: 690, 20574: 67720, 20575: 449, 20576: 728, 20577: 48922, 20578: 1014, 20579: 1347, 20580: 35259, 20581: 75958, 20582: 48922, 20583: 743, 20584: 1347, 20585: 1543, 20587: 1161, 20588: 1012, 20589: 65161, 20590: 395, 20591: 449, 20592: 1188, 20593: 57290, 20594: 690, 20595: 522, 20596: 73383, 20597: 805, 20599: 1012, 20600: 63270, 20601: 63270, 20602: 35245, 20605: 226, 20606: 1161, 20607: 52945, 20608: 58096, 20609: 1173, 20610: 1084, 20611: 65877, 20612: 75453, 20613: 1457, 20614: 57309, 20615: 69995, 20616: 849, 20617: 1167, 20618: 1540, 20619: 765, 20620: 1457, 20621: 1167, 20622: 686, 20624: 1457, 20625: 65877, 20626: 686, 20628: 686, 20630: 66626, 20631: 519, 20633: 1107, 20634: 72051, 20635: 1084, 20636: 913, 20637: 1391, 20638: 146, 20639: 85669, 20640: 57639, 20641: 52945, 20642: 1391, 20643: 1193, 20645: 1391, 20646: 953, 20647: 686, 20648: 58096, 20650: 58096, 20651: 62344, 20652: 686, 20653: 1193, 20654: 85669, 20655: 1412, 20656: 184, 20659: 1585, 20661: 69995, 20662: 70373, 20663: 913, 20669: 522, 20670: 78631, 20671: 57639, 20672: 35259, 20673: 57972, 20675: 61726, 20676: 57972, 20677: 73235, 20678: 62344, 20680: 68173, 20681: 449, 20684: 1347, 20688: 1617, 20689: 69995, 20690: 52945, 20692: 57257, 20693: 85669, 20694: 66626, 20695: 1489, 20696: 1173, 20697: 1182, 20698: 58543, 20699: 63756, 20700: 50588, 20701: 913, 20702: 1167, 20703: 54448, 20704: 66626, 20705: 75379, 20706: 1182, 20707: 70342, 20708: 46494, 20709: 1161, 20710: 1161, 20711: 1543, 20712: 0, 20713: 75421, 20714: 52945, 20715: 690, 20716: 70342, 20717: 57639, 20719: 1585, 20720: 75453, 20721: 913, 20722: 805, 20723: 51797, 20724: 80479, 20725: 85669, 20726: 46793, 20727: 78631, 20729: 1617, 20730: 88486, 20731: 48922, 20732: 1054, 20734: 1288, 20735: 57309, 20736: 1014, 20737: 73383, 20739: 35259, 20740: 57455, 20741: 686, 20742: 1167, 20743: 1116, 20744: 68650, 20746: 69990, 20747: 91053, 20748: 58096, 20749: 69990, 20750: 686, 20751: 1399, 20752: 1502, 20754: 44206, 20757: 1161, 20758: 1012, 20759: 62344, 20761: 1482, 20762: 75453, 20763: 63099, 20764: 1084, 20765: 63099, 20766: 63099, 20768: 184, 20769: 395, 20770: 77145, 20773: 70500, 20774: 1154, 20775: 69990, 20777: 1391, 20778: 70500, 20779: 1399, 20781: 1457, 20782: 49332, 20784: 57290, 20785: 2048, 20786: 70500, 20789: 1347, 20790: 58543, 20791: 70342, 20792: 46793, 20793: 146, 20794: 49332, 20795: 59008, 20796: 1188, 20797: 75421, 20798: 13699, 20799: 70373, 20800: 1482, 20802: 69242, 20803: 85710, 20804: 57309, 20805: 69242, 20806: 1391, 20807: 72051, 20808: 82067, 20809: 1291, 20810: 63099, 20811: 57070, 20813: 48266, 20814: 1482, 20815: 85687, 20816: 57455, 20817: 85687, 20818: 1391, 20819: 1502, 20820: 1167, 20821: 1116, 20822: 85687, 20823: 46494, 20824: 57417, 20825: 75453, 20826: 75379, 20827: 46494, 20828: 184, 20829: 67720, 20831: 57290, 20832: 57639, 20833: 1291, 20834: 728, 20835: 1502, 20836: 1583, 20837: 57070, 20838: 57070, 20840: 2048, 20841: 1412, 20842: 1357, 20843: 226, 20844: 57455, 20845: 65877, 20846: 1300, 20850: 65877, 20852: 90927, 20853: 51797, 20854: 72051, 20856: 46793, 20858: 48266, 20859: 82070, 20860: 63882, 20861: 63882, 20862: 82070, 20863: 82070, 20864: 395, 20872: 953, 20873: 395, 20874: 0, 20875: 91053, 20876: 683, 20877: 83288, 20881: 75379, 20883: 75453, 20884: 57972, 20885: 59008, 20886: 64727, 20887: 1540, 20888: 82070, 20889: 683, 20890: 64727, 20891: 1391, 20892: 82070, 20894: 85669, 20895: 64790, 20897: 1540, 20900: 1457, 20901: 75379, 20902: 72039, 20904: 63099, 20905: 522, 20906: 765, 20907: 1188, 20909: 65877, 20910: 182, 20911: 849, 20913: 72051, 20916: 85669, 20917: 87001, 20918: 73383, 20919: 63882, 20921: 58543, 20922: 82070, 20923: 690, 20925: 1294, 20926: 85700, 20928: 1300, 20929: 51797, 20930: 61726, 20931: 51797, 20932: 1288, 20933: 57290, 20934: 63099, 20935: 82070, 20936: 91053, 20937: 1399, 20938: 1193, 20939: 1502, 20940: 1223, 20941: 72039, 20942: 1399, 20943: 69985, 20944: 1193, 20948: 83288, 20949: 1193, 20950: 87001, 20951: 1300, 20953: 64727, 20954: 68173, 20955: 1457, 20956: 57639, 20958: 57639, 20959: 65877, 20960: 54448, 20961: 1012, 20962: 1300, 20963: 69995, 20964: 72039, 20965: 91053, 20966: 64790, 20967: 1054, 20968: 44206, 20969: 85700, 20970: 57972, 20971: 63756, 20973: 85710, 20974: 59008, 20975: 1154, 20977: 85710, 20978: 63756, 20979: 0, 20980: 63756, 20981: 49332, 20982: 72039, 20983: 1054, 20985: 72039, 20986: 728, 20987: 64790, 20988: 1054, 20990: 85710, 20992: 68650, 20993: 72039, 20995: 1012, 20997: 83288, 20998: 82070, 20999: 87001, 21000: 63882, 21001: 70500, 21002: 57639, 21003: 57972, 21005: 83288, 21006: 72051, 21007: 2048, 21008: 69995, 21009: 65877, 21011: 72039, 21012: 87001, 21013: 57290, 21014: 65877, 21015: 91053, 21016: 72051, 21017: 64790, 21018: 1193, 21019: 184, 21020: 69985, 21021: 1543, 21022: 75379, 21023: 63270, 21028: 86055, 21030: 85700, 21032: 52945, 21033: 35245, 21034: 1154, 21035: 58543, 21036: 35259, 21037: 1223, 21038: 728, 21039: 63270, 21041: 85700, 21043: 67720, 21045: 1188, 21047: 86055, 21050: 83288, 21053: 1294, 21055: 82080, 21056: 1585, 21057: 1107, 21058: 1107, 21059: 395, 21060: 1107, 21061: 46494, 21062: 1502, 21063: 1014, 21064: 57381, 21065: 1543, 21066: 1188, 21067: 683, 21068: 73383, 21069: 46494, 21070: 69990, 21072: 1107, 21073: 1182, 21074: 67720, 21075: 78645, 21077: 1540, 21084: 1617, 21085: 2114, 21086: 89226, 21087: 87984, 21091: 1012, 21092: 78631, 21093: 63270, 21096: 2114, 21097: 53429, 21098: 65941, 21099: 2114, 21100: 2076, 21101: 57649, 21102: 80140, 21103: 1457, 21104: 51797, 21105: 88653, 21106: 2346, 21107: 62344, 21108: 2346, 21109: 2114, 21110: 90942, 21112: 75379, 21113: 88653, 21115: 2346, 21116: 80140, 21117: 57649, 21118: 88486, 21119: 2076, 21120: 2076, 21121: 74355, 21123: 57649, 21124: 2076, 21125: 53429, 21126: 57649, 21127: 74355, 21128: 57649, 21129: 2114, 21130: 74355, 21132: 53429, 21133: 87984, 21134: 57649, 21135: 88653, 21136: 74355, 21138: 53429, 21139: 88653, 21140: 53429, 21141: 80140, 21142: 2346, 21143: 57649, 21144: 2114, 21145: 88653, 21146: 89226, 21147: 53429, 21148: 2114, 21149: 2076, 21150: 86213, 21151: 87984, 21153: 2114, 21154: 44206, 21155: 86157, 21156: 80140, 21157: 1188, 21159: 89226, 21163: 146, 21164: 86157, 21165: 88653, 21166: 88653, 21167: 80140, 21168: 2114, 21170: 88653, 21171: 53429, 21172: 57649, 21173: 56939, 21174: 90998, 21175: 1223, 21176: 56939, 21177: 56939, 21178: 57649, 21179: 86213, 21180: 90998, 21181: 86213, 21182: 86157, 21184: 56939, 21185: 86213, 21186: 86213, 21187: 0, 21188: 0, 21189: 0, 21190: 78631, 21191: 184, 21192: 59008, 21193: 57639, 21194: 0, 21195: 395, 21196: 1489, 21197: 57649, 21198: 74355, 21199: 2076, 21203: 90998, 21205: 74355, 21206: 86213, 21208: 87984, 21209: 89226, 21223: 683, 21226: 683, 21227: 1585, 21228: 68173, 21229: 0, 21230: 69990, 21231: 519, 21232: 57381, 21233: 1259, 21234: 805, 21235: 690, 21236: 71117, 21237: 71117, 21238: 1288, 21239: 805, 21240: 82080, 21241: 395, 21244: 64727, 21249: 0, 21262: 1489, 21265: 68182, 21271: 65161, 21279: 91053, 21280: 57639, 21288: 63756, 21290: 59008, 21298: 72051, 21303: 1457, 21304: 46494, 21305: 1294, 21306: 1167, 21307: 728, 21308: 1294, 21311: 1347, 21312: 88486, 21313: 1054, 21314: 1540, 21315: 1347, 21316: 71117, 21317: 765, 21318: 395, 21319: 1294, 21322: 69985, 21324: 71117, 21325: 550, 21326: 57455, 21327: 519, 21328: 35259, 21329: 805, 21331: 57972, 21333: 51797, 21334: 57455, 21335: 1357, 21336: 765, 21338: 1054, 21339: 1457, 21340: 1294, 21341: 765, 21344: 1288, 21345: 0, 21346: 57309, 21348: 63099, 21349: 0, 21351: 1259, 21354: 78626, 21356: 77145, 21357: 85646, 21358: 35245, 21363: 1347, 21366: 65941, 21369: 88486, 21370: 1054, 21378: 70342, 21384: 1188, 21398: 805, 21445: 2114, 21446: 58096, 21447: 1357, 21448: 35259, 21450: 69990, 21454: 48922, 21455: 1014, 21460: 13699, 21462: 1585, 21463: 57972, 21465: 0, 21468: 1347, 21470: 226, 21474: 1182, 21475: 1116, 21477: 48922, 21478: 44206, 21479: 1113, 21480: 13828, 21481: 75453, 21482: 1161, 21483: 0, 21484: 1182, 21487: 75453, 21488: 50588, 21489: 48266, 21490: 743, 21491: 245, 21492: 85687, 21493: 50453, 21494: 342}",0.0,invalido
640950.5231290001,Cruzamento,1733628334.0950072,30,"{20331: 57309, 20332: 65341, 20333: 82085, 20334: 57070, 20335: 1182, 20336: 1489, 20337: 1291, 20338: 1084, 20339: 184, 20340: 57309, 20341: 65341, 20342: 1182, 20343: 1489, 20344: 1489, 20345: 68182, 20346: 70373, 20347: 70342, 20348: 1084, 20349: 63099, 20350: 57309, 20351: 51797, 20352: 58096, 20353: 46793, 20354: 849, 20355: 48266, 20356: 1291, 20357: 58096, 20358: 1084, 20359: 46793, 20360: 69990, 20361: 1412, 20362: 765, 20363: 57455, 20364: 1291, 20365: 82085, 20366: 75453, 20367: 90927, 20368: 1617, 20369: 65341, 20370: 70342, 20371: 57070, 20372: 48266, 20373: 1412, 20378: 82085, 20379: 57455, 20380: 1391, 20381: 686, 20383: 13699, 20384: 686, 20385: 69990, 20386: 57257, 20387: 13699, 20388: 75421, 20389: 68182, 20392: 63099, 20393: 58096, 20394: 51797, 20395: 184, 20396: 1347, 20397: 65341, 20398: 2048, 20399: 805, 20400: 1084, 20401: 1482, 20402: 46793, 20403: 1482, 20404: 67720, 20405: 1107, 20406: 57381, 20407: 395, 20408: 449, 20409: 35259, 20410: 690, 20411: 67720, 20412: 75379, 20413: 1482, 20414: 67720, 20415: 71117, 20416: 70342, 20417: 57381, 20418: 82080, 20419: 519, 20421: 1294, 20422: 1489, 20423: 1585, 20427: 44206, 20428: 57381, 20429: 449, 20432: 1543, 20433: 449, 20434: 46494, 20436: 805, 20437: 69242, 20438: 69990, 20439: 1259, 20440: 743, 20441: 46494, 20442: 69985, 20443: 690, 20444: 82080, 20445: 805, 20446: 67720, 20447: 78645, 20449: 1012, 20450: 69995, 20451: 80479, 20452: 57455, 20453: 57455, 20454: 52945, 20455: 913, 20456: 50588, 20457: 51797, 20458: 913, 20459: 1161, 20460: 1585, 20461: 63270, 20462: 69995, 20463: 49332, 20465: 65341, 20466: 1012, 20467: 1291, 20468: 1107, 20469: 1259, 20471: 57381, 20472: 57381, 20473: 743, 20475: 72051, 20476: 1617, 20481: 1107, 20482: 75379, 20484: 52945, 20485: 75379, 20486: 54448, 20487: 449, 20488: 1188, 20489: 69990, 20490: 70342, 20491: 67720, 20492: 805, 20493: 1107, 20494: 46494, 20495: 683, 20496: 75453, 20497: 50588, 20499: 65877, 20501: 44206, 20503: 57639, 20504: 69990, 20505: 62344, 20506: 85710, 20507: 1357, 20508: 1161, 20509: 50588, 20510: 913, 20511: 85646, 20512: 70342, 20513: 1291, 20514: 64790, 20515: 913, 20517: 69995, 20518: 69995, 20519: 63270, 20520: 52945, 20521: 65161, 20522: 1161, 20523: 1259, 20524: 68173, 20525: 519, 20527: 82080, 20528: 1502, 20530: 46494, 20531: 59008, 20532: 805, 20533: 75421, 20534: 65161, 20535: 48922, 20536: 44206, 20537: 69985, 20538: 69990, 20539: 449, 20540: 690, 20541: 1617, 20542: 75958, 20543: 48922, 20544: 728, 20545: 91896, 20546: 71117, 20547: 64790, 20549: 80479, 20550: 51797, 20552: 1288, 20553: 1502, 20554: 57290, 20555: 62344, 20556: 65877, 20557: 75379, 20558: 1107, 20559: 1391, 20560: 65877, 20561: 85710, 20563: 1167, 20564: 57070, 20565: 69990, 20567: 849, 20569: 52945, 20570: 91896, 20571: 1585, 20572: 1288, 20573: 35259, 20574: 48922, 20575: 44206, 20576: 75958, 20577: 69985, 20578: 1347, 20579: 71117, 20580: 68173, 20581: 1014, 20582: 35259, 20583: 1288, 20584: 71117, 20585: 2048, 20587: 1012, 20588: 63270, 20589: 52945, 20590: 82080, 20591: 57455, 20592: 683, 20593: 805, 20594: 72051, 20595: 59008, 20596: 1347, 20597: 1585, 20599: 64727, 20600: 49332, 20601: 75379, 20602: 35245, 20605: 35245, 20606: 50588, 20607: 913, 20608: 57417, 20609: 1585, 20610: 1482, 20611: 1107, 20612: 686, 20613: 57309, 20614: 1167, 20615: 75453, 20616: 953, 20617: 61726, 20618: 85669, 20619: 1182, 20620: 1054, 20621: 1457, 20622: 849, 20624: 226, 20625: 1457, 20626: 69995, 20628: 1540, 20630: 69995, 20631: 449, 20633: 69242, 20634: 73383, 20635: 1583, 20636: 54448, 20637: 1583, 20638: 226, 20639: 1391, 20640: 52945, 20641: 85669, 20642: 62344, 20643: 1391, 20645: 52945, 20646: 85669, 20647: 57639, 20648: 686, 20650: 686, 20651: 1193, 20652: 58096, 20653: 1391, 20654: 953, 20655: 1482, 20656: 1084, 20659: 70342, 20661: 64727, 20662: 57309, 20663: 1161, 20669: 69242, 20670: 65877, 20671: 1540, 20672: 57972, 20673: 57639, 20675: 78631, 20676: 78631, 20677: 61726, 20678: 75379, 20680: 69990, 20681: 1188, 20684: 1543, 20688: 805, 20689: 50588, 20690: 64727, 20692: 1182, 20693: 58096, 20694: 913, 20695: 75453, 20696: 75379, 20697: 184, 20698: 85669, 20699: 70342, 20700: 54448, 20701: 54448, 20702: 1288, 20703: 66626, 20704: 1173, 20705: 50588, 20706: 57309, 20707: 54448, 20708: 1399, 20709: 1161, 20710: 1161, 20711: 1014, 20712: 0, 20713: 57257, 20714: 52945, 20715: 57290, 20716: 913, 20717: 58543, 20719: 54448, 20720: 75453, 20721: 1012, 20722: 46494, 20723: 1489, 20724: 80479, 20725: 78631, 20726: 46793, 20727: 62344, 20729: 48266, 20730: 1113, 20731: 743, 20732: 765, 20734: 690, 20735: 65877, 20736: 522, 20737: 44206, 20739: 65877, 20740: 1188, 20741: 1357, 20742: 1116, 20743: 78631, 20744: 69995, 20746: 69990, 20747: 57309, 20748: 1107, 20749: 57639, 20750: 849, 20751: 1012, 20752: 190, 20754: 743, 20757: 1585, 20758: 54448, 20759: 57639, 20761: 70373, 20762: 1084, 20763: 63099, 20764: 1617, 20765: 1347, 20766: 70373, 20768: 0, 20769: 519, 20770: 77145, 20773: 1347, 20774: 57290, 20775: 58096, 20777: 1182, 20778: 2048, 20779: 70500, 20781: 57290, 20782: 67720, 20784: 57070, 20785: 57070, 20786: 1167, 20789: 728, 20790: 58543, 20791: 184, 20792: 82085, 20793: 70500, 20794: 49332, 20795: 69242, 20796: 68650, 20797: 2048, 20798: 70373, 20799: 69242, 20800: 1482, 20802: 57381, 20803: 68650, 20804: 68650, 20805: 13699, 20806: 58543, 20807: 57381, 20808: 85687, 20809: 58096, 20810: 46793, 20811: 48266, 20813: 49332, 20814: 49332, 20815: 82067, 20816: 57309, 20817: 82067, 20818: 58096, 20819: 1502, 20820: 85669, 20821: 78631, 20822: 1399, 20823: 1014, 20824: 226, 20825: 849, 20826: 85710, 20827: 62344, 20828: 63270, 20829: 1259, 20831: 1391, 20832: 1399, 20833: 1617, 20834: 86055, 20835: 62344, 20836: 849, 20837: 0, 20838: 1347, 20840: 1583, 20841: 57455, 20842: 83288, 20843: 57290, 20844: 1482, 20845: 57639, 20846: 1223, 20850: 87001, 20852: 57309, 20853: 1457, 20854: 1585, 20856: 686, 20858: 70373, 20859: 82070, 20860: 63882, 20861: 63882, 20862: 82070, 20863: 82070, 20864: 395, 20872: 953, 20873: 226, 20874: 0, 20875: 64727, 20876: 805, 20877: 63882, 20881: 64727, 20883: 70500, 20884: 82070, 20885: 1391, 20886: 67720, 20887: 1457, 20888: 82070, 20889: 1502, 20890: 91053, 20891: 1391, 20892: 72039, 20894: 765, 20895: 44206, 20897: 85669, 20900: 1167, 20901: 68650, 20902: 83288, 20904: 1188, 20905: 73383, 20906: 849, 20907: 1188, 20909: 65877, 20910: 72051, 20911: 1107, 20913: 73383, 20916: 1116, 20917: 84328, 20918: 69990, 20919: 84328, 20921: 63099, 20922: 82070, 20923: 57381, 20925: 1294, 20926: 65941, 20928: 1300, 20929: 51797, 20930: 0, 20931: 1223, 20932: 64790, 20933: 743, 20934: 1193, 20935: 63882, 20936: 65941, 20937: 67720, 20938: 1193, 20939: 395, 20940: 65161, 20941: 87001, 20942: 75379, 20943: 57290, 20944: 59008, 20948: 65877, 20949: 1193, 20950: 63882, 20951: 64790, 20953: 64727, 20954: 48922, 20955: 1116, 20956: 58096, 20958: 63756, 20959: 87001, 20960: 1399, 20961: 1502, 20962: 184, 20963: 146, 20964: 72039, 20965: 65941, 20966: 59008, 20967: 85710, 20968: 75453, 20969: 1300, 20970: 72039, 20971: 59008, 20973: 1054, 20974: 63756, 20975: 58096, 20977: 1399, 20978: 1502, 20979: 1193, 20980: 63756, 20981: 57070, 20982: 83288, 20983: 57972, 20985: 83288, 20986: 1167, 20987: 0, 20988: 63756, 20990: 57972, 20992: 57417, 20993: 83288, 20995: 85710, 20997: 72039, 20998: 63882, 20999: 57972, 21000: 82070, 21001: 78631, 21002: 1167, 21003: 57972, 21005: 83288, 21006: 57070, 21007: 1300, 21008: 69995, 21009: 57972, 21011: 87001, 21012: 84328, 21013: 57639, 21014: 65877, 21015: 91053, 21016: 146, 21017: 85700, 21018: 35245, 21019: 63756, 21020: 68173, 21021: 1188, 21022: 63270, 21023: 1457, 21028: 86055, 21030: 85700, 21032: 54448, 21033: 728, 21034: 57417, 21035: 1399, 21036: 91896, 21037: 2048, 21038: 1457, 21039: 1300, 21041: 72051, 21043: 146, 21045: 75453, 21047: 57290, 21050: 57639, 21053: 1294, 21055: 82080, 21056: 57381, 21057: 449, 21058: 63756, 21059: 1107, 21060: 1107, 21061: 78645, 21062: 1014, 21063: 46494, 21064: 1014, 21065: 1188, 21066: 1259, 21067: 683, 21068: 72051, 21069: 72051, 21070: 57290, 21072: 71117, 21073: 69995, 21074: 1617, 21075: 78645, 21077: 1540, 21084: 67720, 21085: 88653, 21086: 90942, 21087: 57649, 21091: 85710, 21092: 58096, 21093: 85646, 21096: 2346, 21097: 74355, 21098: 63756, 21099: 2114, 21100: 2076, 21101: 2346, 21102: 2114, 21103: 1116, 21104: 59008, 21105: 80140, 21106: 2114, 21107: 73235, 21108: 56939, 21109: 56939, 21110: 80140, 21112: 1391, 21113: 89226, 21115: 2114, 21116: 89226, 21117: 80140, 21118: 83288, 21119: 89226, 21120: 2076, 21121: 74355, 21123: 80140, 21124: 88653, 21125: 88653, 21126: 74355, 21127: 56939, 21128: 74355, 21129: 74355, 21130: 53429, 21132: 57649, 21133: 87984, 21134: 53429, 21135: 56939, 21136: 53429, 21138: 57649, 21139: 56939, 21140: 57649, 21141: 86157, 21142: 80140, 21143: 53429, 21144: 2114, 21145: 53429, 21146: 89226, 21147: 88653, 21148: 53429, 21149: 80140, 21150: 80140, 21151: 86213, 21153: 53429, 21154: 1223, 21155: 86157, 21156: 87984, 21157: 1288, 21159: 2346, 21163: 146, 21164: 86157, 21165: 80140, 21166: 90998, 21167: 87984, 21168: 90998, 21170: 90998, 21171: 86213, 21172: 57649, 21173: 2076, 21174: 2114, 21175: 0, 21176: 2076, 21177: 87984, 21178: 88653, 21179: 56939, 21180: 2346, 21181: 57649, 21182: 86157, 21184: 87984, 21185: 0, 21186: 2076, 21187: 0, 21188: 0, 21189: 0, 21190: 63270, 21191: 184, 21192: 1223, 21193: 70500, 21194: 0, 21195: 1167, 21196: 70342, 21197: 74355, 21198: 2114, 21199: 86213, 21203: 2076, 21205: 53429, 21206: 86213, 21208: 87984, 21209: 89226, 21223: 1585, 21226: 1014, 21227: 69985, 21228: 46494, 21229: 395, 21230: 78645, 21231: 395, 21232: 1259, 21233: 683, 21234: 70342, 21235: 1259, 21236: 57381, 21237: 71117, 21238: 1543, 21239: 72051, 21240: 1107, 21241: 1347, 21244: 66626, 21249: 1012, 21262: 57070, 21265: 13699, 21271: 91053, 21279: 59008, 21280: 59008, 21288: 57290, 21290: 51797, 21298: 57639, 21303: 1347, 21304: 35259, 21305: 35259, 21306: 226, 21307: 64790, 21308: 1113, 21311: 1540, 21312: 1294, 21313: 35259, 21314: 88486, 21315: 57417, 21316: 1054, 21317: 1347, 21318: 57455, 21319: 51797, 21322: 690, 21324: 13828, 21325: 13828, 21326: 35259, 21327: 1347, 21328: 519, 21329: 78626, 21331: 72039, 21333: 57455, 21334: 57455, 21335: 226, 21336: 765, 21338: 1502, 21339: 1054, 21340: 1107, 21341: 1294, 21344: 1300, 21345: 72039, 21346: 91053, 21348: 63099, 21349: 0, 21351: 69990, 21354: 519, 21356: 90927, 21357: 75379, 21358: 184, 21363: 57257, 21366: 65941, 21369: 765, 21370: 63756, 21378: 68173, 21384: 44206, 21398: 78626, 21445: 74355, 21446: 62344, 21447: 1347, 21448: 67720, 21450: 1014, 21454: 68173, 21455: 683, 21460: 0, 21462: 82080, 21463: 61726, 21465: 0, 21468: 85669, 21470: 63756, 21474: 46494, 21475: 1012, 21477: 91896, 21478: 69990, 21479: 71117, 21480: 805, 21481: 85687, 21482: 1391, 21483: 0, 21484: 1167, 21487: 65941, 21488: 65161, 21489: 65161, 21490: 0, 21491: 1113, 21492: 1116, 21493: 50453, 21494: 342}",0.0,filho
643811.018632,Cruzamento,1733628334.0950072,30,"{20331: 1084, 20332: 46793, 20333: 1489, 20334: 1412, 20335: 1294, 20336: 82085, 20337: 65341, 20338: 48266, 20339: 46793, 20340: 1412, 20341: 1294, 20342: 1182, 20343: 70342, 20344: 849, 20345: 63099, 20346: 1084, 20347: 1489, 20348: 48266, 20349: 1347, 20350: 69990, 20351: 1347, 20352: 57309, 20353: 57257, 20354: 46793, 20355: 1347, 20356: 849, 20357: 1583, 20358: 2048, 20359: 1291, 20360: 765, 20361: 75421, 20362: 1489, 20363: 1412, 20364: 70342, 20365: 70171, 20366: 70171, 20367: 77145, 20368: 65341, 20369: 75453, 20370: 48266, 20371: 1347, 20372: 46793, 20373: 1617, 20378: 65341, 20379: 75421, 20380: 1489, 20381: 1182, 20383: 57257, 20384: 63099, 20385: 57257, 20386: 13699, 20387: 70342, 20388: 1084, 20389: 75421, 20392: 849, 20393: 69242, 20394: 51797, 20395: 48266, 20396: 449, 20397: 1583, 20398: 765, 20399: 44206, 20400: 46793, 20401: 1412, 20402: 48266, 20403: 184, 20404: 743, 20405: 82080, 20406: 728, 20407: 1502, 20408: 743, 20409: 743, 20410: 1347, 20411: 395, 20412: 1585, 20413: 1489, 20414: 449, 20415: 1188, 20416: 67720, 20417: 519, 20418: 46494, 20419: 71117, 20421: 1347, 20422: 1617, 20423: 1585, 20427: 72051, 20428: 48922, 20429: 44206, 20432: 683, 20433: 1502, 20434: 690, 20436: 1259, 20437: 57381, 20438: 48922, 20439: 683, 20440: 69985, 20441: 690, 20442: 69242, 20443: 46494, 20444: 522, 20445: 522, 20446: 69242, 20447: 69242, 20449: 69995, 20450: 57455, 20451: 1012, 20452: 54448, 20453: 1585, 20454: 50588, 20455: 52945, 20456: 50588, 20457: 63756, 20458: 65161, 20459: 1585, 20460: 1161, 20461: 80479, 20462: 57290, 20463: 1412, 20465: 69990, 20466: 1012, 20467: 57257, 20468: 67720, 20469: 743, 20471: 1014, 20472: 71117, 20473: 1107, 20475: 805, 20476: 690, 20481: 1107, 20482: 35245, 20484: 75379, 20485: 69995, 20486: 54448, 20487: 1502, 20488: 1188, 20489: 728, 20490: 71117, 20491: 57381, 20492: 44206, 20493: 1014, 20494: 91896, 20495: 72051, 20496: 849, 20497: 69995, 20499: 88486, 20501: 71117, 20503: 1357, 20504: 765, 20505: 1167, 20506: 1294, 20507: 65877, 20508: 54448, 20509: 46793, 20510: 52945, 20511: 75379, 20512: 52945, 20513: 1291, 20514: 69995, 20515: 70342, 20517: 63270, 20518: 913, 20519: 1012, 20520: 54448, 20521: 63270, 20522: 913, 20523: 519, 20524: 70342, 20525: 1259, 20527: 68173, 20528: 57381, 20530: 91896, 20531: 182, 20532: 71117, 20533: 75421, 20534: 35245, 20535: 71117, 20536: 44206, 20537: 75958, 20538: 35259, 20539: 70342, 20540: 67720, 20541: 1014, 20542: 48922, 20543: 59008, 20544: 1014, 20545: 449, 20546: 1585, 20547: 69995, 20549: 913, 20550: 1161, 20552: 1502, 20553: 728, 20554: 1188, 20555: 85710, 20556: 1182, 20557: 849, 20558: 1399, 20559: 1391, 20560: 1116, 20561: 57070, 20563: 78631, 20564: 44206, 20565: 1167, 20567: 1457, 20569: 63756, 20570: 59008, 20571: 743, 20572: 68173, 20573: 728, 20574: 70342, 20575: 1347, 20576: 44206, 20577: 690, 20578: 91896, 20579: 75958, 20580: 449, 20581: 69990, 20582: 35259, 20583: 69985, 20584: 91896, 20585: 75379, 20587: 63756, 20588: 85646, 20589: 913, 20590: 46494, 20591: 1259, 20592: 57290, 20593: 69985, 20594: 70342, 20595: 1502, 20596: 67720, 20597: 69985, 20599: 1585, 20600: 75379, 20601: 1161, 20602: 226, 20605: 35245, 20606: 64727, 20607: 1585, 20608: 1223, 20609: 64727, 20610: 1482, 20611: 65877, 20612: 69995, 20613: 1457, 20614: 69995, 20615: 686, 20616: 69990, 20617: 1540, 20618: 1116, 20619: 85710, 20620: 1107, 20621: 1107, 20622: 75453, 20624: 75453, 20625: 686, 20626: 953, 20628: 953, 20630: 66626, 20631: 1543, 20633: 46494, 20634: 690, 20635: 68182, 20636: 54448, 20637: 75421, 20638: 1288, 20639: 1391, 20640: 85669, 20641: 57639, 20642: 1193, 20643: 62344, 20645: 52945, 20646: 52945, 20647: 1193, 20648: 58096, 20650: 953, 20651: 85669, 20652: 1391, 20653: 57639, 20654: 686, 20655: 1583, 20656: 70342, 20659: 1173, 20661: 75379, 20662: 75453, 20663: 913, 20669: 69985, 20670: 35259, 20671: 57639, 20672: 65877, 20673: 73235, 20675: 61726, 20676: 75453, 20677: 1540, 20678: 78631, 20680: 1543, 20681: 728, 20684: 743, 20688: 82080, 20689: 1161, 20690: 66626, 20692: 57257, 20693: 58543, 20694: 913, 20695: 1489, 20696: 1161, 20697: 184, 20698: 62344, 20699: 50588, 20700: 1173, 20701: 63756, 20702: 1182, 20703: 54448, 20704: 63756, 20705: 64727, 20706: 69242, 20707: 63756, 20708: 1054, 20709: 1161, 20710: 1161, 20711: 68173, 20712: 0, 20713: 75421, 20714: 52945, 20715: 73383, 20716: 70342, 20717: 58543, 20719: 52945, 20720: 46793, 20721: 1012, 20722: 46494, 20723: 184, 20724: 46793, 20725: 78631, 20726: 80479, 20727: 1347, 20729: 1412, 20730: 57972, 20731: 1014, 20732: 83288, 20734: 57455, 20735: 62344, 20736: 73383, 20737: 59008, 20739: 75379, 20740: 1543, 20741: 85710, 20742: 75379, 20743: 686, 20744: 395, 20746: 1457, 20747: 49332, 20748: 1357, 20749: 63756, 20750: 1012, 20751: 85710, 20752: 46494, 20754: 1259, 20757: 1012, 20758: 35245, 20759: 58096, 20761: 63099, 20762: 75453, 20763: 1084, 20764: 1617, 20765: 1482, 20766: 75453, 20768: 0, 20769: 449, 20770: 77145, 20773: 63270, 20774: 1300, 20775: 57070, 20777: 57070, 20778: 146, 20779: 1347, 20781: 1543, 20782: 1223, 20784: 146, 20785: 146, 20786: 1154, 20789: 690, 20790: 58543, 20791: 1583, 20792: 49332, 20793: 728, 20794: 48266, 20795: 44206, 20796: 78631, 20797: 69242, 20798: 75421, 20799: 2048, 20800: 13699, 20802: 13828, 20803: 1288, 20804: 1154, 20805: 13699, 20806: 1391, 20807: 522, 20808: 85687, 20809: 1347, 20810: 46793, 20811: 70342, 20813: 70373, 20814: 2048, 20815: 85687, 20816: 184, 20817: 85687, 20818: 1347, 20819: 1502, 20820: 62344, 20821: 62344, 20822: 849, 20823: 805, 20824: 57309, 20825: 78631, 20826: 184, 20827: 69990, 20828: 70500, 20829: 1347, 20831: 57290, 20832: 1182, 20833: 1294, 20834: 72051, 20835: 1399, 20836: 58096, 20837: 70373, 20838: 1502, 20840: 49332, 20841: 1182, 20842: 58096, 20843: 1223, 20844: 82085, 20845: 85669, 20846: 1300, 20850: 72039, 20852: 1391, 20853: 1167, 20854: 82080, 20856: 46793, 20858: 70373, 20859: 82070, 20860: 82070, 20861: 63882, 20862: 63882, 20863: 82070, 20864: 395, 20872: 953, 20873: 35245, 20874: 0, 20875: 91053, 20876: 13828, 20877: 57972, 20881: 57417, 20883: 57639, 20884: 83288, 20885: 57417, 20886: 78631, 20887: 71117, 20888: 63882, 20889: 57381, 20890: 59008, 20891: 70500, 20892: 82070, 20894: 69990, 20895: 63270, 20897: 226, 20900: 953, 20901: 1223, 20902: 72039, 20904: 1300, 20905: 44206, 20906: 75453, 20907: 65941, 20909: 65877, 20910: 70342, 20911: 69995, 20913: 73383, 20916: 57309, 20917: 63882, 20918: 57290, 20919: 87001, 20921: 72051, 20922: 84328, 20923: 690, 20925: 1294, 20926: 65941, 20928: 72051, 20929: 85710, 20930: 61726, 20931: 64790, 20932: 69995, 20933: 805, 20934: 63099, 20935: 63882, 20936: 58543, 20937: 146, 20938: 1193, 20939: 35259, 20940: 72051, 20941: 82070, 20942: 67720, 20943: 48922, 20944: 64790, 20948: 63882, 20949: 57639, 20950: 72039, 20951: 64790, 20953: 63099, 20954: 48922, 20955: 1457, 20956: 63099, 20958: 1188, 20959: 87001, 20960: 64790, 20961: 1054, 20962: 51797, 20963: 1193, 20964: 83288, 20965: 57639, 20966: 1399, 20967: 85710, 20968: 59008, 20969: 70500, 20970: 65877, 20971: 52945, 20973: 1116, 20974: 57639, 20975: 63270, 20977: 57070, 20978: 57972, 20979: 1288, 20980: 64727, 20981: 57309, 20982: 72039, 20983: 1502, 20985: 65877, 20986: 1399, 20987: 1399, 20988: 1502, 20990: 1116, 20992: 70500, 20993: 72039, 20995: 63756, 20997: 87001, 20998: 63882, 20999: 87001, 21000: 82070, 21001: 48266, 21002: 1357, 21003: 83288, 21005: 65877, 21006: 57290, 21007: 1288, 21008: 686, 21009: 63882, 21011: 84328, 21012: 87001, 21013: 57417, 21014: 57972, 21015: 85700, 21016: 64790, 21017: 70500, 21018: 35245, 21019: 91053, 21020: 1347, 21021: 44206, 21022: 52945, 21023: 63270, 21028: 85700, 21030: 86055, 21032: 57417, 21033: 85710, 21034: 2048, 21035: 226, 21036: 67720, 21037: 68650, 21038: 395, 21039: 67720, 21041: 1193, 21043: 75379, 21045: 1300, 21047: 52945, 21050: 83288, 21053: 1294, 21055: 82080, 21056: 57381, 21057: 0, 21058: 1161, 21059: 395, 21060: 395, 21061: 78645, 21062: 78645, 21063: 1543, 21064: 46494, 21065: 68173, 21066: 44206, 21067: 1259, 21068: 46494, 21069: 48922, 21070: 1107, 21072: 69990, 21073: 1167, 21074: 67720, 21075: 78645, 21077: 1540, 21084: 1617, 21085: 87984, 21086: 80140, 21087: 90998, 21091: 1357, 21092: 1457, 21093: 85646, 21096: 57649, 21097: 57649, 21098: 63099, 21099: 2114, 21100: 74355, 21101: 2114, 21102: 56939, 21103: 1107, 21104: 91053, 21105: 2076, 21106: 57649, 21107: 57972, 21108: 74355, 21109: 53429, 21110: 80140, 21112: 1540, 21113: 57649, 21115: 89226, 21116: 57649, 21117: 74355, 21118: 58096, 21119: 80140, 21120: 80140, 21121: 56939, 21123: 56939, 21124: 2076, 21125: 53429, 21126: 53429, 21127: 88653, 21128: 74355, 21129: 2114, 21130: 74355, 21132: 57649, 21133: 90998, 21134: 57649, 21135: 80140, 21136: 57649, 21138: 53429, 21139: 89226, 21140: 57649, 21141: 87984, 21142: 80140, 21143: 74355, 21144: 2114, 21145: 2346, 21146: 89226, 21147: 2076, 21148: 53429, 21149: 56939, 21150: 86157, 21151: 2076, 21153: 74355, 21154: 146, 21155: 86213, 21156: 86157, 21157: 1188, 21159: 89226, 21163: 1288, 21164: 86157, 21165: 87984, 21166: 86213, 21167: 87984, 21168: 87984, 21170: 2346, 21171: 56939, 21172: 56939, 21173: 86213, 21174: 2076, 21175: 1188, 21176: 86213, 21177: 56939, 21178: 57649, 21179: 86213, 21180: 90998, 21181: 2114, 21182: 0, 21184: 86157, 21185: 0, 21186: 2076, 21187: 0, 21188: 1223, 21189: 0, 21190: 1457, 21191: 184, 21192: 65941, 21193: 1193, 21194: 0, 21195: 57290, 21196: 849, 21197: 53429, 21198: 74355, 21199: 2076, 21203: 86213, 21205: 2346, 21206: 90998, 21208: 87984, 21209: 89226, 21223: 743, 21226: 683, 21227: 449, 21228: 57290, 21229: 519, 21230: 57290, 21231: 1107, 21232: 57381, 21233: 82080, 21234: 82080, 21235: 522, 21236: 82080, 21237: 57290, 21238: 71117, 21239: 0, 21240: 805, 21241: 46494, 21244: 1173, 21249: 80479, 21262: 1391, 21265: 75421, 21271: 75453, 21279: 91053, 21280: 57639, 21288: 1188, 21290: 65941, 21298: 52945, 21303: 57455, 21304: 226, 21305: 88486, 21306: 1457, 21307: 226, 21308: 765, 21311: 46494, 21312: 63756, 21313: 35259, 21314: 88486, 21315: 64790, 21316: 63756, 21317: 1113, 21318: 64790, 21319: 1347, 21322: 82080, 21324: 395, 21325: 78626, 21326: 13828, 21327: 395, 21328: 13828, 21329: 550, 21331: 65877, 21333: 51797, 21334: 57455, 21335: 1113, 21336: 85669, 21338: 226, 21339: 71117, 21340: 1457, 21341: 1294, 21344: 51797, 21345: 0, 21346: 70500, 21348: 1193, 21349: 0, 21351: 72051, 21354: 13828, 21356: 57309, 21357: 64727, 21358: 226, 21363: 1412, 21366: 51797, 21369: 1347, 21370: 1357, 21378: 1014, 21384: 46494, 21398: 550, 21445: 53429, 21446: 57070, 21447: 1399, 21448: 69990, 21450: 78645, 21454: 48922, 21455: 1014, 21460: 1482, 21462: 1585, 21463: 75453, 21465: 0, 21468: 1391, 21470: 226, 21474: 686, 21475: 1012, 21477: 91896, 21478: 61726, 21479: 1107, 21480: 519, 21481: 1161, 21482: 1161, 21483: 70373, 21484: 69995, 21487: 51797, 21488: 65161, 21489: 91053, 21490: 1259, 21491: 1113, 21492: 1161, 21493: 50453, 21494: 342}",0.0,invalido
645216.8316326662,Cruzamento,1733628338.0495026,31,"{20331: 1294, 20332: 70342, 20333: 1482, 20334: 82085, 20335: 1294, 20336: 57257, 20337: 65341, 20338: 1182, 20339: 1084, 20340: 57309, 20341: 765, 20342: 2048, 20343: 69242, 20344: 849, 20345: 63099, 20346: 1084, 20347: 1489, 20348: 48266, 20349: 1347, 20350: 69990, 20351: 1347, 20352: 57309, 20353: 57257, 20354: 46793, 20355: 1347, 20356: 849, 20357: 1583, 20358: 2048, 20359: 1291, 20360: 765, 20361: 75421, 20362: 1489, 20363: 1412, 20364: 70342, 20365: 70171, 20366: 70171, 20367: 77145, 20368: 65341, 20369: 75453, 20370: 48266, 20371: 1347, 20372: 46793, 20373: 1617, 20378: 65341, 20379: 75421, 20380: 1489, 20381: 1182, 20383: 57257, 20384: 63099, 20385: 57257, 20386: 13699, 20387: 70342, 20388: 1084, 20389: 75421, 20392: 849, 20393: 69242, 20394: 51797, 20395: 48266, 20396: 449, 20397: 1583, 20398: 765, 20399: 44206, 20400: 46793, 20401: 1412, 20402: 48266, 20403: 184, 20404: 743, 20405: 82080, 20406: 728, 20407: 395, 20408: 449, 20409: 35259, 20410: 690, 20411: 67720, 20412: 75379, 20413: 1482, 20414: 67720, 20415: 71117, 20416: 70342, 20417: 57381, 20418: 82080, 20419: 519, 20421: 1294, 20422: 1489, 20423: 1585, 20427: 44206, 20428: 57381, 20429: 449, 20432: 1543, 20433: 449, 20434: 46494, 20436: 805, 20437: 69242, 20438: 69990, 20439: 1259, 20440: 743, 20441: 46494, 20442: 69985, 20443: 690, 20444: 82080, 20445: 805, 20446: 67720, 20447: 78645, 20449: 1012, 20450: 69995, 20451: 80479, 20452: 57455, 20453: 57455, 20454: 52945, 20455: 913, 20456: 50588, 20457: 51797, 20458: 913, 20459: 1161, 20460: 1585, 20461: 63270, 20462: 69995, 20463: 49332, 20465: 65341, 20466: 1012, 20467: 1291, 20468: 1107, 20469: 1259, 20471: 57381, 20472: 57381, 20473: 743, 20475: 72051, 20476: 1617, 20481: 1107, 20482: 75379, 20484: 52945, 20485: 75379, 20486: 54448, 20487: 449, 20488: 1188, 20489: 69990, 20490: 70342, 20491: 67720, 20492: 805, 20493: 1107, 20494: 46494, 20495: 683, 20496: 75453, 20497: 50588, 20499: 65877, 20501: 44206, 20503: 57639, 20504: 69990, 20505: 62344, 20506: 85710, 20507: 1357, 20508: 1161, 20509: 50588, 20510: 913, 20511: 85646, 20512: 70342, 20513: 1291, 20514: 64790, 20515: 913, 20517: 69995, 20518: 69995, 20519: 63270, 20520: 52945, 20521: 65161, 20522: 1161, 20523: 1259, 20524: 68173, 20525: 519, 20527: 82080, 20528: 1502, 20530: 46494, 20531: 59008, 20532: 805, 20533: 75421, 20534: 65161, 20535: 48922, 20536: 44206, 20537: 69985, 20538: 69990, 20539: 449, 20540: 690, 20541: 1617, 20542: 75958, 20543: 48922, 20544: 728, 20545: 91896, 20546: 71117, 20547: 64790, 20549: 80479, 20550: 51797, 20552: 1288, 20553: 1502, 20554: 57290, 20555: 62344, 20556: 65877, 20557: 75379, 20558: 1107, 20559: 1391, 20560: 65877, 20561: 85710, 20563: 1167, 20564: 57070, 20565: 69990, 20567: 849, 20569: 52945, 20570: 91896, 20571: 1585, 20572: 1288, 20573: 35259, 20574: 48922, 20575: 44206, 20576: 75958, 20577: 69985, 20578: 1347, 20579: 71117, 20580: 68173, 20581: 1014, 20582: 35259, 20583: 1288, 20584: 71117, 20585: 2048, 20587: 1012, 20588: 63270, 20589: 52945, 20590: 82080, 20591: 57455, 20592: 683, 20593: 805, 20594: 72051, 20595: 59008, 20596: 1347, 20597: 1585, 20599: 64727, 20600: 49332, 20601: 75379, 20602: 35245, 20605: 35245, 20606: 50588, 20607: 913, 20608: 57417, 20609: 1585, 20610: 1482, 20611: 1107, 20612: 686, 20613: 57309, 20614: 1167, 20615: 75453, 20616: 953, 20617: 61726, 20618: 85669, 20619: 1182, 20620: 1054, 20621: 1457, 20622: 849, 20624: 226, 20625: 1457, 20626: 69995, 20628: 1540, 20630: 69995, 20631: 449, 20633: 69242, 20634: 73383, 20635: 1583, 20636: 54448, 20637: 1583, 20638: 226, 20639: 1391, 20640: 52945, 20641: 85669, 20642: 62344, 20643: 1391, 20645: 52945, 20646: 85669, 20647: 57639, 20648: 686, 20650: 686, 20651: 1193, 20652: 58096, 20653: 1391, 20654: 953, 20655: 1482, 20656: 1084, 20659: 70342, 20661: 64727, 20662: 57309, 20663: 1161, 20669: 69242, 20670: 65877, 20671: 1540, 20672: 57972, 20673: 57639, 20675: 78631, 20676: 78631, 20677: 61726, 20678: 75379, 20680: 69990, 20681: 1188, 20684: 1543, 20688: 805, 20689: 50588, 20690: 64727, 20692: 1182, 20693: 58096, 20694: 913, 20695: 75453, 20696: 75379, 20697: 184, 20698: 85669, 20699: 70342, 20700: 54448, 20701: 54448, 20702: 1288, 20703: 66626, 20704: 1173, 20705: 50588, 20706: 57309, 20707: 54448, 20708: 1399, 20709: 1161, 20710: 1161, 20711: 1014, 20712: 0, 20713: 57257, 20714: 52945, 20715: 690, 20716: 70342, 20717: 57639, 20719: 1585, 20720: 75453, 20721: 913, 20722: 805, 20723: 51797, 20724: 80479, 20725: 85669, 20726: 46793, 20727: 78631, 20729: 1617, 20730: 88486, 20731: 48922, 20732: 1054, 20734: 1288, 20735: 57309, 20736: 1014, 20737: 73383, 20739: 35259, 20740: 57455, 20741: 686, 20742: 1167, 20743: 1116, 20744: 68650, 20746: 69990, 20747: 91053, 20748: 58096, 20749: 69990, 20750: 686, 20751: 1399, 20752: 1502, 20754: 44206, 20757: 1161, 20758: 1012, 20759: 62344, 20761: 1482, 20762: 75453, 20763: 63099, 20764: 1084, 20765: 63099, 20766: 63099, 20768: 184, 20769: 395, 20770: 77145, 20773: 70500, 20774: 1154, 20775: 69990, 20777: 1391, 20778: 70500, 20779: 1399, 20781: 1457, 20782: 49332, 20784: 57290, 20785: 2048, 20786: 70500, 20789: 1347, 20790: 58543, 20791: 70342, 20792: 46793, 20793: 146, 20794: 49332, 20795: 59008, 20796: 1188, 20797: 75421, 20798: 13699, 20799: 70373, 20800: 1482, 20802: 69242, 20803: 85710, 20804: 57309, 20805: 69242, 20806: 1391, 20807: 72051, 20808: 82067, 20809: 1291, 20810: 63099, 20811: 57070, 20813: 48266, 20814: 1482, 20815: 85687, 20816: 57455, 20817: 85687, 20818: 1391, 20819: 1502, 20820: 1167, 20821: 1116, 20822: 85687, 20823: 46494, 20824: 57417, 20825: 75453, 20826: 75379, 20827: 46494, 20828: 184, 20829: 67720, 20831: 57290, 20832: 57639, 20833: 1291, 20834: 728, 20835: 1502, 20836: 1583, 20837: 57070, 20838: 57070, 20840: 2048, 20841: 1412, 20842: 1357, 20843: 226, 20844: 57455, 20845: 65877, 20846: 1300, 20850: 65877, 20852: 90927, 20853: 51797, 20854: 72051, 20856: 46793, 20858: 48266, 20859: 82070, 20860: 63882, 20861: 63882, 20862: 82070, 20863: 82070, 20864: 395, 20872: 953, 20873: 395, 20874: 0, 20875: 91053, 20876: 683, 20877: 83288, 20881: 75379, 20883: 75453, 20884: 57972, 20885: 59008, 20886: 64727, 20887: 1540, 20888: 82070, 20889: 683, 20890: 64727, 20891: 1391, 20892: 82070, 20894: 85669, 20895: 64790, 20897: 1540, 20900: 1457, 20901: 75379, 20902: 72039, 20904: 63099, 20905: 522, 20906: 765, 20907: 1188, 20909: 65877, 20910: 182, 20911: 849, 20913: 72051, 20916: 85669, 20917: 87001, 20918: 73383, 20919: 63882, 20921: 58543, 20922: 82070, 20923: 690, 20925: 1294, 20926: 85700, 20928: 1300, 20929: 51797, 20930: 61726, 20931: 51797, 20932: 1288, 20933: 57290, 20934: 63099, 20935: 82070, 20936: 91053, 20937: 1399, 20938: 1193, 20939: 1502, 20940: 1223, 20941: 72039, 20942: 1399, 20943: 69985, 20944: 1193, 20948: 83288, 20949: 1193, 20950: 87001, 20951: 1300, 20953: 64727, 20954: 68173, 20955: 1457, 20956: 57639, 20958: 57639, 20959: 65877, 20960: 54448, 20961: 1012, 20962: 1300, 20963: 69995, 20964: 72039, 20965: 91053, 20966: 64790, 20967: 1054, 20968: 44206, 20969: 85700, 20970: 57972, 20971: 63756, 20973: 85710, 20974: 59008, 20975: 1154, 20977: 85710, 20978: 63756, 20979: 0, 20980: 63756, 20981: 49332, 20982: 72039, 20983: 1054, 20985: 72039, 20986: 728, 20987: 64790, 20988: 1054, 20990: 85710, 20992: 68650, 20993: 72039, 20995: 1012, 20997: 83288, 20998: 82070, 20999: 87001, 21000: 63882, 21001: 70500, 21002: 57639, 21003: 57972, 21005: 83288, 21006: 72051, 21007: 2048, 21008: 69995, 21009: 65877, 21011: 72039, 21012: 87001, 21013: 57290, 21014: 65877, 21015: 91053, 21016: 72051, 21017: 64790, 21018: 1193, 21019: 184, 21020: 69985, 21021: 1543, 21022: 75379, 21023: 63270, 21028: 86055, 21030: 85700, 21032: 52945, 21033: 35245, 21034: 1154, 21035: 58543, 21036: 35259, 21037: 1223, 21038: 728, 21039: 63270, 21041: 85700, 21043: 67720, 21045: 1188, 21047: 86055, 21050: 83288, 21053: 1294, 21055: 82080, 21056: 1585, 21057: 1107, 21058: 1107, 21059: 395, 21060: 1107, 21061: 46494, 21062: 1502, 21063: 1014, 21064: 57381, 21065: 1543, 21066: 1188, 21067: 683, 21068: 73383, 21069: 46494, 21070: 69990, 21072: 1107, 21073: 1182, 21074: 67720, 21075: 78645, 21077: 1540, 21084: 1617, 21085: 2114, 21086: 89226, 21087: 87984, 21091: 1012, 21092: 78631, 21093: 63270, 21096: 2114, 21097: 53429, 21098: 65941, 21099: 2114, 21100: 2076, 21101: 57649, 21102: 80140, 21103: 1457, 21104: 51797, 21105: 88653, 21106: 2346, 21107: 62344, 21108: 2346, 21109: 2114, 21110: 90942, 21112: 75379, 21113: 88653, 21115: 2346, 21116: 80140, 21117: 57649, 21118: 88486, 21119: 2076, 21120: 2076, 21121: 74355, 21123: 57649, 21124: 2076, 21125: 53429, 21126: 57649, 21127: 74355, 21128: 57649, 21129: 2114, 21130: 74355, 21132: 53429, 21133: 87984, 21134: 57649, 21135: 88653, 21136: 74355, 21138: 53429, 21139: 88653, 21140: 53429, 21141: 80140, 21142: 2346, 21143: 57649, 21144: 2114, 21145: 88653, 21146: 89226, 21147: 53429, 21148: 2114, 21149: 2076, 21150: 86213, 21151: 87984, 21153: 2114, 21154: 44206, 21155: 86157, 21156: 80140, 21157: 1188, 21159: 89226, 21163: 146, 21164: 86157, 21165: 88653, 21166: 88653, 21167: 80140, 21168: 2114, 21170: 88653, 21171: 53429, 21172: 57649, 21173: 56939, 21174: 90998, 21175: 1223, 21176: 56939, 21177: 56939, 21178: 57649, 21179: 86213, 21180: 90998, 21181: 86213, 21182: 86157, 21184: 56939, 21185: 86213, 21186: 86213, 21187: 0, 21188: 0, 21189: 0, 21190: 78631, 21191: 184, 21192: 59008, 21193: 57639, 21194: 0, 21195: 395, 21196: 1489, 21197: 57649, 21198: 74355, 21199: 2076, 21203: 90998, 21205: 74355, 21206: 86213, 21208: 87984, 21209: 89226, 21223: 683, 21226: 683, 21227: 1585, 21228: 68173, 21229: 0, 21230: 69990, 21231: 519, 21232: 57381, 21233: 1259, 21234: 805, 21235: 690, 21236: 71117, 21237: 71117, 21238: 1288, 21239: 805, 21240: 82080, 21241: 395, 21244: 64727, 21249: 0, 21262: 1489, 21265: 68182, 21271: 65161, 21279: 91053, 21280: 57639, 21288: 63756, 21290: 59008, 21298: 72051, 21303: 1457, 21304: 46494, 21305: 1294, 21306: 1167, 21307: 728, 21308: 1294, 21311: 1347, 21312: 88486, 21313: 1054, 21314: 1540, 21315: 1347, 21316: 71117, 21317: 765, 21318: 395, 21319: 1294, 21322: 69985, 21324: 71117, 21325: 550, 21326: 57455, 21327: 519, 21328: 35259, 21329: 805, 21331: 57972, 21333: 51797, 21334: 57455, 21335: 1357, 21336: 765, 21338: 1054, 21339: 1457, 21340: 1294, 21341: 765, 21344: 1288, 21345: 0, 21346: 57309, 21348: 63099, 21349: 0, 21351: 1259, 21354: 78626, 21356: 77145, 21357: 85646, 21358: 35245, 21363: 1347, 21366: 65941, 21369: 88486, 21370: 1054, 21378: 70342, 21384: 1188, 21398: 805, 21445: 2114, 21446: 58096, 21447: 1357, 21448: 35259, 21450: 69990, 21454: 48922, 21455: 1014, 21460: 1482, 21462: 1585, 21463: 75453, 21465: 0, 21468: 1391, 21470: 226, 21474: 686, 21475: 1012, 21477: 91896, 21478: 61726, 21479: 1107, 21480: 519, 21481: 1161, 21482: 1161, 21483: 70373, 21484: 69995, 21487: 51797, 21488: 65161, 21489: 91053, 21490: 1259, 21491: 1113, 21492: 1161, 21493: 50453, 21494: 342}",0.0,filho
640837.3242299992,Cruzamento,1733628341.16052,32,"{20331: 1294, 20332: 70342, 20333: 1482, 20334: 82085, 20335: 1294, 20336: 57257, 20337: 65341, 20338: 1182, 20339: 1084, 20340: 57309, 20341: 765, 20342: 2048, 20343: 69242, 20344: 849, 20345: 63099, 20346: 1084, 20347: 1489, 20348: 48266, 20349: 1347, 20350: 69990, 20351: 1347, 20352: 57309, 20353: 57257, 20354: 46793, 20355: 1347, 20356: 849, 20357: 1583, 20358: 2048, 20359: 1291, 20360: 765, 20361: 75421, 20362: 1489, 20363: 1412, 20364: 70342, 20365: 70171, 20366: 70171, 20367: 77145, 20368: 65341, 20369: 75453, 20370: 48266, 20371: 1347, 20372: 46793, 20373: 1617, 20378: 65341, 20379: 75421, 20380: 1489, 20381: 1182, 20383: 57257, 20384: 63099, 20385: 57257, 20386: 13699, 20387: 70342, 20388: 1084, 20389: 75421, 20392: 849, 20393: 69242, 20394: 51797, 20395: 48266, 20396: 449, 20397: 1583, 20398: 765, 20399: 44206, 20400: 46793, 20401: 1412, 20402: 48266, 20403: 184, 20404: 743, 20405: 82080, 20406: 728, 20407: 395, 20408: 449, 20409: 35259, 20410: 690, 20411: 67720, 20412: 75379, 20413: 1482, 20414: 67720, 20415: 71117, 20416: 70342, 20417: 57381, 20418: 82080, 20419: 519, 20421: 1294, 20422: 1489, 20423: 1585, 20427: 44206, 20428: 57381, 20429: 449, 20432: 1543, 20433: 449, 20434: 46494, 20436: 805, 20437: 69242, 20438: 69990, 20439: 1259, 20440: 743, 20441: 46494, 20442: 69985, 20443: 690, 20444: 82080, 20445: 805, 20446: 67720, 20447: 78645, 20449: 1012, 20450: 69995, 20451: 80479, 20452: 57455, 20453: 57455, 20454: 52945, 20455: 913, 20456: 50588, 20457: 51797, 20458: 913, 20459: 1161, 20460: 1585, 20461: 63270, 20462: 69995, 20463: 49332, 20465: 65341, 20466: 1012, 20467: 1291, 20468: 1107, 20469: 1259, 20471: 57381, 20472: 57381, 20473: 743, 20475: 72051, 20476: 1617, 20481: 1107, 20482: 75379, 20484: 52945, 20485: 75379, 20486: 54448, 20487: 449, 20488: 1188, 20489: 69990, 20490: 70342, 20491: 67720, 20492: 805, 20493: 1107, 20494: 46494, 20495: 683, 20496: 75453, 20497: 50588, 20499: 65877, 20501: 44206, 20503: 57639, 20504: 69990, 20505: 62344, 20506: 85710, 20507: 1357, 20508: 1161, 20509: 50588, 20510: 913, 20511: 85646, 20512: 70342, 20513: 1291, 20514: 64790, 20515: 913, 20517: 69995, 20518: 69995, 20519: 63270, 20520: 52945, 20521: 65161, 20522: 1161, 20523: 1259, 20524: 68173, 20525: 519, 20527: 82080, 20528: 1502, 20530: 46494, 20531: 59008, 20532: 805, 20533: 75421, 20534: 65161, 20535: 48922, 20536: 44206, 20537: 69985, 20538: 69990, 20539: 449, 20540: 690, 20541: 1617, 20542: 75958, 20543: 48922, 20544: 728, 20545: 91896, 20546: 71117, 20547: 64790, 20549: 80479, 20550: 51797, 20552: 1288, 20553: 1502, 20554: 57290, 20555: 62344, 20556: 65877, 20557: 75379, 20558: 1107, 20559: 1391, 20560: 65877, 20561: 85710, 20563: 1167, 20564: 57070, 20565: 69990, 20567: 849, 20569: 52945, 20570: 91896, 20571: 1585, 20572: 1288, 20573: 35259, 20574: 48922, 20575: 44206, 20576: 75958, 20577: 69985, 20578: 1347, 20579: 71117, 20580: 68173, 20581: 1014, 20582: 35259, 20583: 1288, 20584: 71117, 20585: 2048, 20587: 1012, 20588: 63270, 20589: 52945, 20590: 82080, 20591: 57455, 20592: 683, 20593: 805, 20594: 72051, 20595: 59008, 20596: 1347, 20597: 1585, 20599: 64727, 20600: 49332, 20601: 75379, 20602: 35245, 20605: 35245, 20606: 50588, 20607: 913, 20608: 57417, 20609: 1585, 20610: 1482, 20611: 1107, 20612: 686, 20613: 57309, 20614: 1167, 20615: 75453, 20616: 953, 20617: 61726, 20618: 85669, 20619: 1182, 20620: 1054, 20621: 1457, 20622: 849, 20624: 226, 20625: 1457, 20626: 69995, 20628: 1540, 20630: 69995, 20631: 449, 20633: 69242, 20634: 73383, 20635: 1583, 20636: 54448, 20637: 1583, 20638: 226, 20639: 1391, 20640: 52945, 20641: 85669, 20642: 62344, 20643: 1391, 20645: 52945, 20646: 85669, 20647: 57639, 20648: 686, 20650: 686, 20651: 1193, 20652: 58096, 20653: 1391, 20654: 953, 20655: 1482, 20656: 1084, 20659: 70342, 20661: 64727, 20662: 57309, 20663: 1161, 20669: 69242, 20670: 65877, 20671: 1540, 20672: 57972, 20673: 57639, 20675: 78631, 20676: 78631, 20677: 61726, 20678: 75379, 20680: 69990, 20681: 1188, 20684: 1543, 20688: 805, 20689: 50588, 20690: 64727, 20692: 1182, 20693: 58096, 20694: 913, 20695: 75453, 20696: 75379, 20697: 184, 20698: 85669, 20699: 70342, 20700: 54448, 20701: 54448, 20702: 1288, 20703: 66626, 20704: 1173, 20705: 50588, 20706: 57309, 20707: 54448, 20708: 1399, 20709: 1161, 20710: 1161, 20711: 1014, 20712: 0, 20713: 57257, 20714: 52945, 20715: 57290, 20716: 913, 20717: 58543, 20719: 54448, 20720: 75453, 20721: 1012, 20722: 46494, 20723: 1489, 20724: 80479, 20725: 78631, 20726: 46793, 20727: 62344, 20729: 48266, 20730: 1113, 20731: 743, 20732: 765, 20734: 690, 20735: 65877, 20736: 522, 20737: 44206, 20739: 65877, 20740: 1188, 20741: 1357, 20742: 1116, 20743: 78631, 20744: 69995, 20746: 69990, 20747: 57309, 20748: 1107, 20749: 57639, 20750: 849, 20751: 1012, 20752: 190, 20754: 743, 20757: 1585, 20758: 54448, 20759: 57639, 20761: 70373, 20762: 1084, 20763: 63099, 20764: 1617, 20765: 1347, 20766: 70373, 20768: 0, 20769: 519, 20770: 77145, 20773: 1347, 20774: 57290, 20775: 58096, 20777: 1182, 20778: 2048, 20779: 70500, 20781: 57290, 20782: 67720, 20784: 57070, 20785: 57070, 20786: 1167, 20789: 728, 20790: 58543, 20791: 184, 20792: 82085, 20793: 70500, 20794: 49332, 20795: 69242, 20796: 68650, 20797: 2048, 20798: 70373, 20799: 69242, 20800: 1482, 20802: 57381, 20803: 68650, 20804: 68650, 20805: 13699, 20806: 58543, 20807: 57381, 20808: 85687, 20809: 58096, 20810: 46793, 20811: 48266, 20813: 49332, 20814: 49332, 20815: 82067, 20816: 57309, 20817: 82067, 20818: 58096, 20819: 1502, 20820: 85669, 20821: 78631, 20822: 1399, 20823: 1014, 20824: 226, 20825: 849, 20826: 85710, 20827: 62344, 20828: 63270, 20829: 1259, 20831: 1391, 20832: 1399, 20833: 1617, 20834: 86055, 20835: 62344, 20836: 849, 20837: 0, 20838: 1347, 20840: 1583, 20841: 57455, 20842: 83288, 20843: 57290, 20844: 1482, 20845: 57639, 20846: 1223, 20850: 87001, 20852: 57309, 20853: 1457, 20854: 1585, 20856: 686, 20858: 70373, 20859: 82070, 20860: 63882, 20861: 63882, 20862: 82070, 20863: 82070, 20864: 395, 20872: 953, 20873: 226, 20874: 0, 20875: 64727, 20876: 805, 20877: 63882, 20881: 64727, 20883: 70500, 20884: 82070, 20885: 1391, 20886: 67720, 20887: 1457, 20888: 82070, 20889: 1502, 20890: 91053, 20891: 1391, 20892: 72039, 20894: 765, 20895: 44206, 20897: 85669, 20900: 1167, 20901: 68650, 20902: 83288, 20904: 1188, 20905: 73383, 20906: 849, 20907: 1188, 20909: 65877, 20910: 72051, 20911: 1107, 20913: 73383, 20916: 1116, 20917: 84328, 20918: 69990, 20919: 84328, 20921: 63099, 20922: 82070, 20923: 57381, 20925: 1294, 20926: 65941, 20928: 1300, 20929: 51797, 20930: 0, 20931: 1223, 20932: 64790, 20933: 743, 20934: 1193, 20935: 63882, 20936: 65941, 20937: 67720, 20938: 1193, 20939: 395, 20940: 65161, 20941: 87001, 20942: 75379, 20943: 57290, 20944: 59008, 20948: 65877, 20949: 1193, 20950: 63882, 20951: 64790, 20953: 64727, 20954: 48922, 20955: 1116, 20956: 58096, 20958: 63756, 20959: 87001, 20960: 1399, 20961: 1502, 20962: 184, 20963: 146, 20964: 72039, 20965: 65941, 20966: 59008, 20967: 85710, 20968: 75453, 20969: 1300, 20970: 72039, 20971: 59008, 20973: 1054, 20974: 63756, 20975: 58096, 20977: 1399, 20978: 1502, 20979: 1193, 20980: 63756, 20981: 57070, 20982: 83288, 20983: 57972, 20985: 83288, 20986: 1167, 20987: 0, 20988: 63756, 20990: 57972, 20992: 57417, 20993: 83288, 20995: 85710, 20997: 72039, 20998: 63882, 20999: 57972, 21000: 82070, 21001: 78631, 21002: 1167, 21003: 57972, 21005: 83288, 21006: 57070, 21007: 1300, 21008: 69995, 21009: 57972, 21011: 87001, 21012: 84328, 21013: 57639, 21014: 65877, 21015: 91053, 21016: 146, 21017: 85700, 21018: 35245, 21019: 63756, 21020: 68173, 21021: 1188, 21022: 63270, 21023: 1457, 21028: 86055, 21030: 85700, 21032: 54448, 21033: 728, 21034: 57417, 21035: 1399, 21036: 91896, 21037: 2048, 21038: 1457, 21039: 1300, 21041: 72051, 21043: 146, 21045: 75453, 21047: 57290, 21050: 57639, 21053: 1294, 21055: 82080, 21056: 57381, 21057: 449, 21058: 63756, 21059: 1107, 21060: 1107, 21061: 78645, 21062: 1014, 21063: 46494, 21064: 1014, 21065: 1188, 21066: 1259, 21067: 683, 21068: 72051, 21069: 72051, 21070: 57290, 21072: 71117, 21073: 69995, 21074: 1617, 21075: 78645, 21077: 1540, 21084: 67720, 21085: 88653, 21086: 90942, 21087: 57649, 21091: 85710, 21092: 58096, 21093: 85646, 21096: 2346, 21097: 74355, 21098: 63756, 21099: 2114, 21100: 2076, 21101: 2346, 21102: 2114, 21103: 1116, 21104: 59008, 21105: 80140, 21106: 2114, 21107: 73235, 21108: 56939, 21109: 56939, 21110: 80140, 21112: 1391, 21113: 89226, 21115: 2114, 21116: 89226, 21117: 80140, 21118: 83288, 21119: 89226, 21120: 2076, 21121: 74355, 21123: 80140, 21124: 88653, 21125: 88653, 21126: 74355, 21127: 56939, 21128: 74355, 21129: 74355, 21130: 53429, 21132: 57649, 21133: 87984, 21134: 53429, 21135: 56939, 21136: 53429, 21138: 53429, 21139: 88653, 21140: 53429, 21141: 80140, 21142: 2346, 21143: 57649, 21144: 2114, 21145: 88653, 21146: 89226, 21147: 53429, 21148: 2114, 21149: 2076, 21150: 86213, 21151: 87984, 21153: 2114, 21154: 44206, 21155: 86157, 21156: 80140, 21157: 1188, 21159: 89226, 21163: 146, 21164: 86157, 21165: 88653, 21166: 88653, 21167: 80140, 21168: 2114, 21170: 88653, 21171: 53429, 21172: 57649, 21173: 56939, 21174: 90998, 21175: 1223, 21176: 56939, 21177: 56939, 21178: 57649, 21179: 86213, 21180: 90998, 21181: 86213, 21182: 86157, 21184: 56939, 21185: 86213, 21186: 86213, 21187: 0, 21188: 0, 21189: 0, 21190: 78631, 21191: 184, 21192: 59008, 21193: 57639, 21194: 0, 21195: 395, 21196: 1489, 21197: 57649, 21198: 74355, 21199: 2076, 21203: 90998, 21205: 74355, 21206: 86213, 21208: 87984, 21209: 89226, 21223: 683, 21226: 683, 21227: 1585, 21228: 68173, 21229: 0, 21230: 69990, 21231: 519, 21232: 57381, 21233: 1259, 21234: 805, 21235: 690, 21236: 71117, 21237: 71117, 21238: 1288, 21239: 805, 21240: 82080, 21241: 395, 21244: 64727, 21249: 0, 21262: 1489, 21265: 68182, 21271: 65161, 21279: 91053, 21280: 57639, 21288: 63756, 21290: 59008, 21298: 72051, 21303: 1457, 21304: 46494, 21305: 1294, 21306: 1167, 21307: 728, 21308: 1294, 21311: 1347, 21312: 88486, 21313: 1054, 21314: 1540, 21315: 1347, 21316: 71117, 21317: 765, 21318: 395, 21319: 1294, 21322: 69985, 21324: 71117, 21325: 550, 21326: 57455, 21327: 519, 21328: 35259, 21329: 805, 21331: 57972, 21333: 51797, 21334: 57455, 21335: 1357, 21336: 765, 21338: 1054, 21339: 1457, 21340: 1294, 21341: 765, 21344: 1288, 21345: 0, 21346: 57309, 21348: 63099, 21349: 0, 21351: 1259, 21354: 78626, 21356: 77145, 21357: 85646, 21358: 35245, 21363: 1347, 21366: 65941, 21369: 88486, 21370: 1054, 21378: 70342, 21384: 1188, 21398: 805, 21445: 2114, 21446: 58096, 21447: 1357, 21448: 35259, 21450: 69990, 21454: 48922, 21455: 1014, 21460: 1482, 21462: 1585, 21463: 75453, 21465: 0, 21468: 1391, 21470: 226, 21474: 686, 21475: 1012, 21477: 91896, 21478: 61726, 21479: 1107, 21480: 519, 21481: 1161, 21482: 1161, 21483: 70373, 21484: 69995, 21487: 51797, 21488: 65161, 21489: 91053, 21490: 1259, 21491: 1113, 21492: 1161, 21493: 50453, 21494: 342}",0.0,filho
641216.4010659998,Cruzamento,1733628341.16052,32,"{20331: 57309, 20332: 65341, 20333: 82085, 20334: 57070, 20335: 1182, 20336: 1489, 20337: 1291, 20338: 1084, 20339: 184, 20340: 57309, 20341: 65341, 20342: 1182, 20343: 1489, 20344: 1489, 20345: 68182, 20346: 70373, 20347: 70342, 20348: 1084, 20349: 63099, 20350: 57309, 20351: 51797, 20352: 58096, 20353: 46793, 20354: 849, 20355: 48266, 20356: 1291, 20357: 58096, 20358: 1084, 20359: 46793, 20360: 69990, 20361: 1412, 20362: 765, 20363: 57455, 20364: 1291, 20365: 82085, 20366: 75453, 20367: 90927, 20368: 1617, 20369: 65341, 20370: 70342, 20371: 57070, 20372: 48266, 20373: 1412, 20378: 82085, 20379: 57455, 20380: 1391, 20381: 686, 20383: 13699, 20384: 686, 20385: 69990, 20386: 57257, 20387: 13699, 20388: 75421, 20389: 68182, 20392: 63099, 20393: 58096, 20394: 51797, 20395: 184, 20396: 1347, 20397: 65341, 20398: 2048, 20399: 805, 20400: 1084, 20401: 1482, 20402: 46793, 20403: 1482, 20404: 67720, 20405: 1107, 20406: 57381, 20407: 1502, 20408: 743, 20409: 743, 20410: 1347, 20411: 395, 20412: 1585, 20413: 1489, 20414: 449, 20415: 1188, 20416: 67720, 20417: 519, 20418: 46494, 20419: 71117, 20421: 1347, 20422: 1617, 20423: 1585, 20427: 72051, 20428: 48922, 20429: 44206, 20432: 683, 20433: 1502, 20434: 690, 20436: 1259, 20437: 57381, 20438: 48922, 20439: 683, 20440: 69985, 20441: 690, 20442: 69242, 20443: 46494, 20444: 522, 20445: 522, 20446: 69242, 20447: 69242, 20449: 69995, 20450: 57455, 20451: 1012, 20452: 54448, 20453: 1585, 20454: 50588, 20455: 52945, 20456: 50588, 20457: 63756, 20458: 65161, 20459: 1585, 20460: 1161, 20461: 80479, 20462: 57290, 20463: 1412, 20465: 69990, 20466: 1012, 20467: 57257, 20468: 67720, 20469: 743, 20471: 1014, 20472: 71117, 20473: 1107, 20475: 805, 20476: 690, 20481: 1107, 20482: 35245, 20484: 75379, 20485: 69995, 20486: 54448, 20487: 1502, 20488: 1188, 20489: 728, 20490: 71117, 20491: 57381, 20492: 44206, 20493: 1014, 20494: 91896, 20495: 72051, 20496: 849, 20497: 69995, 20499: 88486, 20501: 71117, 20503: 1357, 20504: 765, 20505: 1167, 20506: 1294, 20507: 65877, 20508: 54448, 20509: 46793, 20510: 52945, 20511: 75379, 20512: 52945, 20513: 1291, 20514: 69995, 20515: 70342, 20517: 63270, 20518: 913, 20519: 1012, 20520: 54448, 20521: 63270, 20522: 913, 20523: 519, 20524: 70342, 20525: 1259, 20527: 68173, 20528: 57381, 20530: 91896, 20531: 182, 20532: 71117, 20533: 75421, 20534: 35245, 20535: 71117, 20536: 44206, 20537: 75958, 20538: 35259, 20539: 70342, 20540: 67720, 20541: 1014, 20542: 48922, 20543: 59008, 20544: 1014, 20545: 449, 20546: 1585, 20547: 69995, 20549: 913, 20550: 1161, 20552: 1502, 20553: 728, 20554: 1188, 20555: 85710, 20556: 1182, 20557: 849, 20558: 1399, 20559: 1391, 20560: 1116, 20561: 57070, 20563: 78631, 20564: 44206, 20565: 1167, 20567: 1457, 20569: 63756, 20570: 59008, 20571: 743, 20572: 68173, 20573: 728, 20574: 70342, 20575: 1347, 20576: 44206, 20577: 690, 20578: 91896, 20579: 75958, 20580: 449, 20581: 69990, 20582: 35259, 20583: 69985, 20584: 91896, 20585: 75379, 20587: 63756, 20588: 85646, 20589: 913, 20590: 46494, 20591: 1259, 20592: 57290, 20593: 69985, 20594: 70342, 20595: 1502, 20596: 67720, 20597: 69985, 20599: 1585, 20600: 75379, 20601: 1161, 20602: 226, 20605: 35245, 20606: 64727, 20607: 1585, 20608: 1223, 20609: 64727, 20610: 1482, 20611: 65877, 20612: 69995, 20613: 1457, 20614: 69995, 20615: 686, 20616: 69990, 20617: 1540, 20618: 1116, 20619: 85710, 20620: 1107, 20621: 1107, 20622: 75453, 20624: 75453, 20625: 686, 20626: 953, 20628: 953, 20630: 66626, 20631: 1543, 20633: 46494, 20634: 690, 20635: 68182, 20636: 54448, 20637: 75421, 20638: 1288, 20639: 1391, 20640: 85669, 20641: 57639, 20642: 1193, 20643: 62344, 20645: 52945, 20646: 52945, 20647: 1193, 20648: 58096, 20650: 953, 20651: 85669, 20652: 1391, 20653: 57639, 20654: 686, 20655: 1583, 20656: 70342, 20659: 1173, 20661: 75379, 20662: 75453, 20663: 913, 20669: 69985, 20670: 35259, 20671: 57639, 20672: 65877, 20673: 73235, 20675: 61726, 20676: 75453, 20677: 1540, 20678: 78631, 20680: 1543, 20681: 728, 20684: 743, 20688: 82080, 20689: 1161, 20690: 66626, 20692: 57257, 20693: 58543, 20694: 913, 20695: 1489, 20696: 1161, 20697: 184, 20698: 62344, 20699: 50588, 20700: 1173, 20701: 63756, 20702: 1182, 20703: 54448, 20704: 63756, 20705: 64727, 20706: 69242, 20707: 63756, 20708: 1054, 20709: 1161, 20710: 1161, 20711: 68173, 20712: 0, 20713: 75421, 20714: 52945, 20715: 73383, 20716: 70342, 20717: 58543, 20719: 52945, 20720: 46793, 20721: 1012, 20722: 46494, 20723: 184, 20724: 46793, 20725: 78631, 20726: 80479, 20727: 1347, 20729: 1412, 20730: 57972, 20731: 1014, 20732: 83288, 20734: 57455, 20735: 62344, 20736: 73383, 20737: 59008, 20739: 75379, 20740: 1543, 20741: 85710, 20742: 75379, 20743: 686, 20744: 395, 20746: 1457, 20747: 49332, 20748: 1357, 20749: 63756, 20750: 1012, 20751: 85710, 20752: 46494, 20754: 1259, 20757: 1012, 20758: 35245, 20759: 58096, 20761: 63099, 20762: 75453, 20763: 1084, 20764: 1617, 20765: 1482, 20766: 75453, 20768: 0, 20769: 449, 20770: 77145, 20773: 63270, 20774: 1300, 20775: 57070, 20777: 57070, 20778: 146, 20779: 1347, 20781: 1543, 20782: 1223, 20784: 146, 20785: 146, 20786: 1154, 20789: 690, 20790: 58543, 20791: 1583, 20792: 49332, 20793: 728, 20794: 48266, 20795: 44206, 20796: 78631, 20797: 69242, 20798: 75421, 20799: 2048, 20800: 13699, 20802: 13828, 20803: 1288, 20804: 1154, 20805: 13699, 20806: 1391, 20807: 522, 20808: 85687, 20809: 1347, 20810: 46793, 20811: 70342, 20813: 70373, 20814: 2048, 20815: 85687, 20816: 184, 20817: 85687, 20818: 1347, 20819: 1502, 20820: 62344, 20821: 62344, 20822: 849, 20823: 805, 20824: 57309, 20825: 78631, 20826: 184, 20827: 69990, 20828: 184, 20829: 67720, 20831: 57290, 20832: 57639, 20833: 1291, 20834: 728, 20835: 1502, 20836: 1583, 20837: 57070, 20838: 57070, 20840: 2048, 20841: 1412, 20842: 1357, 20843: 226, 20844: 57455, 20845: 65877, 20846: 1300, 20850: 65877, 20852: 90927, 20853: 51797, 20854: 72051, 20856: 46793, 20858: 48266, 20859: 82070, 20860: 63882, 20861: 63882, 20862: 82070, 20863: 82070, 20864: 395, 20872: 953, 20873: 395, 20874: 0, 20875: 91053, 20876: 683, 20877: 83288, 20881: 75379, 20883: 75453, 20884: 57972, 20885: 59008, 20886: 64727, 20887: 1540, 20888: 82070, 20889: 683, 20890: 64727, 20891: 1391, 20892: 82070, 20894: 85669, 20895: 64790, 20897: 1540, 20900: 1457, 20901: 75379, 20902: 72039, 20904: 63099, 20905: 522, 20906: 765, 20907: 1188, 20909: 65877, 20910: 182, 20911: 849, 20913: 72051, 20916: 85669, 20917: 87001, 20918: 73383, 20919: 63882, 20921: 58543, 20922: 82070, 20923: 690, 20925: 1294, 20926: 85700, 20928: 1300, 20929: 51797, 20930: 61726, 20931: 51797, 20932: 1288, 20933: 57290, 20934: 63099, 20935: 82070, 20936: 91053, 20937: 1399, 20938: 1193, 20939: 1502, 20940: 1223, 20941: 72039, 20942: 1399, 20943: 69985, 20944: 1193, 20948: 83288, 20949: 1193, 20950: 87001, 20951: 1300, 20953: 64727, 20954: 68173, 20955: 1457, 20956: 57639, 20958: 57639, 20959: 65877, 20960: 54448, 20961: 1012, 20962: 1300, 20963: 69995, 20964: 72039, 20965: 91053, 20966: 64790, 20967: 1054, 20968: 44206, 20969: 85700, 20970: 57972, 20971: 63756, 20973: 85710, 20974: 59008, 20975: 1154, 20977: 85710, 20978: 63756, 20979: 0, 20980: 63756, 20981: 49332, 20982: 72039, 20983: 1054, 20985: 72039, 20986: 728, 20987: 64790, 20988: 1054, 20990: 85710, 20992: 68650, 20993: 72039, 20995: 1012, 20997: 83288, 20998: 82070, 20999: 87001, 21000: 63882, 21001: 70500, 21002: 57639, 21003: 57972, 21005: 83288, 21006: 72051, 21007: 2048, 21008: 69995, 21009: 65877, 21011: 72039, 21012: 87001, 21013: 57290, 21014: 65877, 21015: 91053, 21016: 72051, 21017: 64790, 21018: 1193, 21019: 184, 21020: 69985, 21021: 1543, 21022: 75379, 21023: 63270, 21028: 86055, 21030: 85700, 21032: 52945, 21033: 35245, 21034: 1154, 21035: 58543, 21036: 35259, 21037: 1223, 21038: 728, 21039: 63270, 21041: 85700, 21043: 67720, 21045: 1188, 21047: 86055, 21050: 83288, 21053: 1294, 21055: 82080, 21056: 1585, 21057: 1107, 21058: 1107, 21059: 395, 21060: 1107, 21061: 46494, 21062: 1502, 21063: 1014, 21064: 57381, 21065: 1543, 21066: 1188, 21067: 683, 21068: 73383, 21069: 46494, 21070: 69990, 21072: 1107, 21073: 1182, 21074: 67720, 21075: 78645, 21077: 1540, 21084: 1617, 21085: 2114, 21086: 89226, 21087: 87984, 21091: 1012, 21092: 78631, 21093: 63270, 21096: 2114, 21097: 53429, 21098: 65941, 21099: 2114, 21100: 2076, 21101: 57649, 21102: 80140, 21103: 1457, 21104: 51797, 21105: 88653, 21106: 2346, 21107: 62344, 21108: 2346, 21109: 2114, 21110: 90942, 21112: 75379, 21113: 88653, 21115: 2346, 21116: 80140, 21117: 57649, 21118: 88486, 21119: 2076, 21120: 2076, 21121: 74355, 21123: 57649, 21124: 2076, 21125: 53429, 21126: 57649, 21127: 74355, 21128: 57649, 21129: 2114, 21130: 74355, 21132: 53429, 21133: 87984, 21134: 57649, 21135: 88653, 21136: 74355, 21138: 57649, 21139: 56939, 21140: 57649, 21141: 86157, 21142: 80140, 21143: 53429, 21144: 2114, 21145: 53429, 21146: 89226, 21147: 88653, 21148: 53429, 21149: 80140, 21150: 80140, 21151: 86213, 21153: 53429, 21154: 1223, 21155: 86157, 21156: 87984, 21157: 1288, 21159: 2346, 21163: 146, 21164: 86157, 21165: 80140, 21166: 90998, 21167: 87984, 21168: 90998, 21170: 90998, 21171: 86213, 21172: 57649, 21173: 2076, 21174: 2114, 21175: 0, 21176: 2076, 21177: 87984, 21178: 88653, 21179: 56939, 21180: 2346, 21181: 57649, 21182: 86157, 21184: 87984, 21185: 0, 21186: 2076, 21187: 0, 21188: 0, 21189: 0, 21190: 63270, 21191: 184, 21192: 1223, 21193: 70500, 21194: 0, 21195: 1167, 21196: 70342, 21197: 74355, 21198: 2114, 21199: 86213, 21203: 2076, 21205: 53429, 21206: 86213, 21208: 87984, 21209: 89226, 21223: 1585, 21226: 1014, 21227: 69985, 21228: 46494, 21229: 395, 21230: 78645, 21231: 395, 21232: 1259, 21233: 683, 21234: 70342, 21235: 1259, 21236: 57381, 21237: 71117, 21238: 1543, 21239: 72051, 21240: 1107, 21241: 1347, 21244: 66626, 21249: 1012, 21262: 57070, 21265: 13699, 21271: 91053, 21279: 59008, 21280: 59008, 21288: 57290, 21290: 51797, 21298: 57639, 21303: 1347, 21304: 35259, 21305: 35259, 21306: 226, 21307: 64790, 21308: 1113, 21311: 1540, 21312: 1294, 21313: 35259, 21314: 88486, 21315: 57417, 21316: 1054, 21317: 1347, 21318: 57455, 21319: 51797, 21322: 690, 21324: 13828, 21325: 13828, 21326: 35259, 21327: 1347, 21328: 519, 21329: 78626, 21331: 72039, 21333: 57455, 21334: 57455, 21335: 226, 21336: 765, 21338: 1502, 21339: 1054, 21340: 1107, 21341: 1294, 21344: 1300, 21345: 72039, 21346: 91053, 21348: 63099, 21349: 0, 21351: 69990, 21354: 519, 21356: 90927, 21357: 75379, 21358: 184, 21363: 57257, 21366: 65941, 21369: 765, 21370: 63756, 21378: 68173, 21384: 44206, 21398: 78626, 21445: 74355, 21446: 62344, 21447: 1347, 21448: 67720, 21450: 1014, 21454: 68173, 21455: 683, 21460: 0, 21462: 82080, 21463: 61726, 21465: 0, 21468: 85669, 21470: 63756, 21474: 46494, 21475: 1012, 21477: 91896, 21478: 69990, 21479: 71117, 21480: 805, 21481: 85687, 21482: 1391, 21483: 0, 21484: 1167, 21487: 65941, 21488: 65161, 21489: 65161, 21490: 0, 21491: 1113, 21492: 1116, 21493: 50453, 21494: 342}",0.0,filho
642474.0185023324,Cruzamento,1733628344.265627,33,"{20331: 57309, 20332: 65341, 20333: 82085, 20334: 57070, 20335: 1182, 20336: 1489, 20337: 1291, 20338: 1084, 20339: 184, 20340: 57309, 20341: 65341, 20342: 1182, 20343: 1489, 20344: 1489, 20345: 68182, 20346: 70373, 20347: 70342, 20348: 1084, 20349: 63099, 20350: 57309, 20351: 51797, 20352: 58096, 20353: 46793, 20354: 849, 20355: 48266, 20356: 1291, 20357: 58096, 20358: 1084, 20359: 46793, 20360: 69990, 20361: 1412, 20362: 765, 20363: 57455, 20364: 1291, 20365: 82085, 20366: 75453, 20367: 90927, 20368: 1617, 20369: 65341, 20370: 70342, 20371: 57070, 20372: 48266, 20373: 1412, 20378: 82085, 20379: 57455, 20380: 1391, 20381: 686, 20383: 13699, 20384: 686, 20385: 69990, 20386: 57257, 20387: 13699, 20388: 75421, 20389: 68182, 20392: 63099, 20393: 58096, 20394: 51797, 20395: 184, 20396: 1347, 20397: 65341, 20398: 2048, 20399: 805, 20400: 1084, 20401: 1482, 20402: 46793, 20403: 1482, 20404: 67720, 20405: 1107, 20406: 57381, 20407: 1502, 20408: 743, 20409: 743, 20410: 1347, 20411: 395, 20412: 1585, 20413: 1489, 20414: 449, 20415: 1188, 20416: 67720, 20417: 519, 20418: 46494, 20419: 71117, 20421: 1347, 20422: 1617, 20423: 1585, 20427: 72051, 20428: 48922, 20429: 44206, 20432: 683, 20433: 1502, 20434: 690, 20436: 1259, 20437: 57381, 20438: 48922, 20439: 683, 20440: 69985, 20441: 690, 20442: 69242, 20443: 46494, 20444: 522, 20445: 522, 20446: 69242, 20447: 69242, 20449: 69995, 20450: 57455, 20451: 1012, 20452: 54448, 20453: 1585, 20454: 50588, 20455: 52945, 20456: 50588, 20457: 63756, 20458: 65161, 20459: 1585, 20460: 1161, 20461: 80479, 20462: 57290, 20463: 1412, 20465: 69990, 20466: 1012, 20467: 57257, 20468: 67720, 20469: 743, 20471: 1014, 20472: 71117, 20473: 1107, 20475: 805, 20476: 690, 20481: 1107, 20482: 35245, 20484: 75379, 20485: 69995, 20486: 54448, 20487: 1502, 20488: 1188, 20489: 728, 20490: 71117, 20491: 57381, 20492: 44206, 20493: 1014, 20494: 91896, 20495: 72051, 20496: 849, 20497: 69995, 20499: 88486, 20501: 71117, 20503: 1357, 20504: 765, 20505: 1167, 20506: 1294, 20507: 65877, 20508: 54448, 20509: 46793, 20510: 52945, 20511: 75379, 20512: 52945, 20513: 1291, 20514: 69995, 20515: 70342, 20517: 63270, 20518: 913, 20519: 1012, 20520: 54448, 20521: 63270, 20522: 913, 20523: 519, 20524: 70342, 20525: 1259, 20527: 68173, 20528: 57381, 20530: 91896, 20531: 182, 20532: 71117, 20533: 75421, 20534: 35245, 20535: 71117, 20536: 44206, 20537: 75958, 20538: 35259, 20539: 70342, 20540: 67720, 20541: 1014, 20542: 48922, 20543: 59008, 20544: 1014, 20545: 449, 20546: 1585, 20547: 69995, 20549: 913, 20550: 1161, 20552: 1502, 20553: 728, 20554: 1188, 20555: 85710, 20556: 1182, 20557: 849, 20558: 1399, 20559: 1391, 20560: 1116, 20561: 57070, 20563: 78631, 20564: 44206, 20565: 1167, 20567: 1457, 20569: 63756, 20570: 59008, 20571: 743, 20572: 68173, 20573: 728, 20574: 70342, 20575: 1347, 20576: 44206, 20577: 690, 20578: 91896, 20579: 75958, 20580: 449, 20581: 69990, 20582: 35259, 20583: 69985, 20584: 91896, 20585: 75379, 20587: 63756, 20588: 85646, 20589: 913, 20590: 46494, 20591: 1259, 20592: 57290, 20593: 69985, 20594: 70342, 20595: 1502, 20596: 67720, 20597: 69985, 20599: 1585, 20600: 75379, 20601: 1161, 20602: 226, 20605: 35245, 20606: 64727, 20607: 1585, 20608: 1223, 20609: 64727, 20610: 1482, 20611: 65877, 20612: 69995, 20613: 1457, 20614: 69995, 20615: 686, 20616: 69990, 20617: 1540, 20618: 1116, 20619: 85710, 20620: 1107, 20621: 1107, 20622: 75453, 20624: 75453, 20625: 686, 20626: 953, 20628: 953, 20630: 66626, 20631: 1543, 20633: 46494, 20634: 690, 20635: 68182, 20636: 54448, 20637: 75421, 20638: 1288, 20639: 1391, 20640: 85669, 20641: 57639, 20642: 1193, 20643: 62344, 20645: 52945, 20646: 52945, 20647: 1193, 20648: 58096, 20650: 953, 20651: 85669, 20652: 1391, 20653: 57639, 20654: 686, 20655: 1583, 20656: 70342, 20659: 1173, 20661: 75379, 20662: 75453, 20663: 913, 20669: 69985, 20670: 35259, 20671: 57639, 20672: 65877, 20673: 73235, 20675: 61726, 20676: 75453, 20677: 1540, 20678: 78631, 20680: 1543, 20681: 728, 20684: 743, 20688: 82080, 20689: 1161, 20690: 66626, 20692: 57257, 20693: 58543, 20694: 913, 20695: 1489, 20696: 1161, 20697: 184, 20698: 62344, 20699: 50588, 20700: 1173, 20701: 63756, 20702: 1182, 20703: 54448, 20704: 63756, 20705: 64727, 20706: 69242, 20707: 63756, 20708: 1054, 20709: 1161, 20710: 1161, 20711: 68173, 20712: 0, 20713: 75421, 20714: 52945, 20715: 73383, 20716: 70342, 20717: 58543, 20719: 52945, 20720: 46793, 20721: 1012, 20722: 46494, 20723: 184, 20724: 46793, 20725: 78631, 20726: 80479, 20727: 1347, 20729: 1412, 20730: 57972, 20731: 1014, 20732: 83288, 20734: 57455, 20735: 62344, 20736: 73383, 20737: 59008, 20739: 75379, 20740: 1543, 20741: 85710, 20742: 75379, 20743: 686, 20744: 395, 20746: 1457, 20747: 49332, 20748: 1357, 20749: 63756, 20750: 1012, 20751: 85710, 20752: 46494, 20754: 1259, 20757: 1012, 20758: 35245, 20759: 58096, 20761: 63099, 20762: 75453, 20763: 1084, 20764: 1617, 20765: 1482, 20766: 75453, 20768: 0, 20769: 449, 20770: 77145, 20773: 63270, 20774: 1300, 20775: 57070, 20777: 57070, 20778: 146, 20779: 1347, 20781: 1543, 20782: 1223, 20784: 146, 20785: 146, 20786: 1154, 20789: 690, 20790: 58543, 20791: 1583, 20792: 49332, 20793: 728, 20794: 48266, 20795: 44206, 20796: 78631, 20797: 69242, 20798: 75421, 20799: 2048, 20800: 13699, 20802: 13828, 20803: 1288, 20804: 1154, 20805: 13699, 20806: 1391, 20807: 522, 20808: 85687, 20809: 1347, 20810: 46793, 20811: 70342, 20813: 70373, 20814: 2048, 20815: 85687, 20816: 184, 20817: 85687, 20818: 1347, 20819: 1502, 20820: 62344, 20821: 62344, 20822: 849, 20823: 805, 20824: 57309, 20825: 78631, 20826: 184, 20827: 69990, 20828: 70500, 20829: 1347, 20831: 57290, 20832: 1182, 20833: 1294, 20834: 72051, 20835: 1399, 20836: 58096, 20837: 70373, 20838: 1502, 20840: 49332, 20841: 1182, 20842: 58096, 20843: 1223, 20844: 82085, 20845: 85669, 20846: 1300, 20850: 72039, 20852: 1391, 20853: 1167, 20854: 82080, 20856: 46793, 20858: 70373, 20859: 82070, 20860: 82070, 20861: 63882, 20862: 63882, 20863: 82070, 20864: 395, 20872: 953, 20873: 35245, 20874: 0, 20875: 91053, 20876: 13828, 20877: 57972, 20881: 57417, 20883: 57639, 20884: 83288, 20885: 57417, 20886: 78631, 20887: 71117, 20888: 63882, 20889: 57381, 20890: 59008, 20891: 70500, 20892: 82070, 20894: 69990, 20895: 63270, 20897: 226, 20900: 953, 20901: 1223, 20902: 72039, 20904: 1300, 20905: 44206, 20906: 75453, 20907: 65941, 20909: 65877, 20910: 70342, 20911: 69995, 20913: 73383, 20916: 57309, 20917: 63882, 20918: 57290, 20919: 87001, 20921: 72051, 20922: 84328, 20923: 690, 20925: 1294, 20926: 65941, 20928: 72051, 20929: 85710, 20930: 61726, 20931: 64790, 20932: 69995, 20933: 805, 20934: 63099, 20935: 63882, 20936: 58543, 20937: 146, 20938: 1193, 20939: 35259, 20940: 72051, 20941: 82070, 20942: 67720, 20943: 48922, 20944: 64790, 20948: 63882, 20949: 57639, 20950: 72039, 20951: 64790, 20953: 63099, 20954: 48922, 20955: 1457, 20956: 63099, 20958: 1188, 20959: 87001, 20960: 64790, 20961: 1054, 20962: 51797, 20963: 1193, 20964: 83288, 20965: 57639, 20966: 1399, 20967: 85710, 20968: 59008, 20969: 70500, 20970: 65877, 20971: 52945, 20973: 1116, 20974: 57639, 20975: 63270, 20977: 57070, 20978: 57972, 20979: 1288, 20980: 64727, 20981: 57309, 20982: 72039, 20983: 1502, 20985: 65877, 20986: 1399, 20987: 1399, 20988: 1502, 20990: 1116, 20992: 70500, 20993: 72039, 20995: 63756, 20997: 87001, 20998: 63882, 20999: 87001, 21000: 82070, 21001: 48266, 21002: 1357, 21003: 83288, 21005: 65877, 21006: 57290, 21007: 1288, 21008: 686, 21009: 63882, 21011: 84328, 21012: 87001, 21013: 57417, 21014: 57972, 21015: 85700, 21016: 64790, 21017: 70500, 21018: 35245, 21019: 91053, 21020: 1347, 21021: 44206, 21022: 52945, 21023: 63270, 21028: 85700, 21030: 86055, 21032: 57417, 21033: 85710, 21034: 2048, 21035: 226, 21036: 67720, 21037: 68650, 21038: 395, 21039: 67720, 21041: 1193, 21043: 75379, 21045: 1300, 21047: 52945, 21050: 83288, 21053: 1294, 21055: 82080, 21056: 57381, 21057: 0, 21058: 1161, 21059: 395, 21060: 395, 21061: 78645, 21062: 78645, 21063: 1543, 21064: 46494, 21065: 68173, 21066: 44206, 21067: 1259, 21068: 46494, 21069: 48922, 21070: 1107, 21072: 69990, 21073: 1167, 21074: 67720, 21075: 78645, 21077: 1540, 21084: 1617, 21085: 87984, 21086: 80140, 21087: 90998, 21091: 1357, 21092: 1457, 21093: 85646, 21096: 57649, 21097: 57649, 21098: 63099, 21099: 2114, 21100: 74355, 21101: 2114, 21102: 56939, 21103: 1107, 21104: 91053, 21105: 2076, 21106: 57649, 21107: 57972, 21108: 74355, 21109: 53429, 21110: 80140, 21112: 1540, 21113: 57649, 21115: 89226, 21116: 57649, 21117: 74355, 21118: 58096, 21119: 80140, 21120: 80140, 21121: 56939, 21123: 56939, 21124: 2076, 21125: 53429, 21126: 53429, 21127: 88653, 21128: 74355, 21129: 2114, 21130: 74355, 21132: 57649, 21133: 90998, 21134: 57649, 21135: 80140, 21136: 57649, 21138: 53429, 21139: 89226, 21140: 57649, 21141: 87984, 21142: 80140, 21143: 74355, 21144: 2114, 21145: 2346, 21146: 89226, 21147: 2076, 21148: 53429, 21149: 56939, 21150: 86157, 21151: 2076, 21153: 74355, 21154: 146, 21155: 86213, 21156: 86157, 21157: 1188, 21159: 89226, 21163: 1288, 21164: 86157, 21165: 87984, 21166: 86213, 21167: 87984, 21168: 87984, 21170: 2346, 21171: 56939, 21172: 56939, 21173: 86213, 21174: 2076, 21175: 1188, 21176: 86213, 21177: 56939, 21178: 57649, 21179: 86213, 21180: 90998, 21181: 2114, 21182: 0, 21184: 86157, 21185: 0, 21186: 2076, 21187: 0, 21188: 1223, 21189: 0, 21190: 1457, 21191: 184, 21192: 65941, 21193: 1193, 21194: 0, 21195: 57290, 21196: 849, 21197: 53429, 21198: 74355, 21199: 2076, 21203: 80140, 21205: 80140, 21206: 90998, 21208: 87984, 21209: 80140, 21223: 44206, 21226: 69990, 21227: 75958, 21228: 449, 21229: 519, 21230: 1014, 21231: 449, 21232: 78645, 21233: 69242, 21234: 78645, 21235: 78645, 21236: 1288, 21237: 1107, 21238: 1288, 21239: 1014, 21240: 1617, 21241: 395, 21244: 1173, 21249: 1012, 21262: 1489, 21265: 1412, 21271: 70500, 21279: 57417, 21280: 1391, 21288: 57070, 21290: 63270, 21298: 63270, 21303: 57455, 21304: 226, 21305: 1167, 21306: 1347, 21307: 1347, 21308: 1294, 21311: 1294, 21312: 46494, 21313: 765, 21314: 1113, 21315: 226, 21316: 1054, 21317: 46494, 21318: 64790, 21319: 765, 21322: 522, 21324: 1347, 21325: 78626, 21326: 805, 21327: 46494, 21328: 78626, 21329: 805, 21331: 65877, 21333: 51797, 21334: 57455, 21335: 71117, 21336: 1457, 21338: 1457, 21339: 1113, 21340: 63756, 21341: 51797, 21344: 1300, 21345: 65877, 21346: 1391, 21348: 63099, 21349: 0, 21351: 1259, 21354: 395, 21356: 77145, 21357: 85646, 21358: 226, 21363: 1294, 21366: 1223, 21369: 226, 21370: 1357, 21378: 1543, 21384: 69242, 21398: 550, 21445: 57649, 21446: 57639, 21447: 46494, 21448: 728, 21450: 69242, 21454: 57290, 21455: 449, 21460: 13699, 21462: 1502, 21463: 65877, 21465: 0, 21468: 1167, 21470: 1502, 21474: 1161, 21475: 63756, 21477: 75958, 21478: 1357, 21479: 46494, 21480: 805, 21481: 1116, 21482: 78631, 21483: 0, 21484: 69995, 21487: 63756, 21488: 51797, 21489: 85700, 21490: 1259, 21491: 245, 21492: 62344, 21493: 342, 21494: 50453}",0.0,filho
644796.9105336665,Cruzamento,1733628344.265627,33,"{20331: 1182, 20332: 1412, 20333: 1583, 20334: 49332, 20335: 49332, 20336: 82085, 20337: 75421, 20338: 57455, 20339: 49332, 20340: 849, 20341: 57309, 20342: 69242, 20343: 70342, 20344: 2048, 20345: 1291, 20346: 63099, 20347: 48266, 20348: 70373, 20349: 70342, 20350: 70373, 20351: 849, 20352: 63099, 20353: 184, 20354: 51797, 20355: 75421, 20356: 48266, 20357: 46793, 20358: 48266, 20359: 82085, 20360: 48266, 20361: 58096, 20362: 57070, 20363: 75421, 20364: 57070, 20365: 82085, 20366: 82085, 20367: 90927, 20368: 77145, 20369: 65341, 20370: 49332, 20371: 48266, 20372: 46793, 20373: 1347, 20378: 1347, 20379: 65341, 20380: 75453, 20381: 69242, 20383: 1391, 20384: 1391, 20385: 75421, 20386: 686, 20387: 686, 20388: 69990, 20389: 686, 20392: 48266, 20393: 57257, 20394: 849, 20395: 1583, 20396: 395, 20397: 1182, 20398: 1489, 20399: 1107, 20400: 65341, 20401: 1489, 20402: 1482, 20403: 58096, 20404: 44206, 20405: 57290, 20406: 57455, 20407: 71117, 20408: 1585, 20409: 69990, 20410: 1585, 20411: 68173, 20412: 75379, 20413: 1583, 20414: 68173, 20415: 395, 20416: 1014, 20417: 728, 20418: 1188, 20419: 71117, 20421: 2048, 20422: 1294, 20423: 82080, 20427: 46494, 20428: 78645, 20429: 78645, 20432: 449, 20433: 48922, 20434: 690, 20436: 59008, 20437: 1347, 20438: 70342, 20439: 57381, 20440: 690, 20441: 70342, 20442: 1585, 20443: 522, 20444: 522, 20445: 91896, 20446: 13828, 20447: 44206, 20449: 69995, 20450: 226, 20451: 52945, 20452: 1585, 20453: 63270, 20454: 57455, 20455: 70342, 20456: 63270, 20457: 50588, 20458: 63756, 20459: 63270, 20460: 1161, 20461: 75379, 20462: 1154, 20463: 1482, 20465: 2048, 20466: 65161, 20467: 1583, 20468: 1014, 20469: 57381, 20471: 72051, 20472: 1259, 20473: 1107, 20475: 743, 20476: 46494, 20481: 1543, 20482: 70342, 20484: 70342, 20485: 50588, 20486: 913, 20487: 1347, 20488: 1617, 20489: 71117, 20490: 1502, 20491: 82080, 20492: 67720, 20493: 46494, 20494: 522, 20495: 91896, 20496: 686, 20497: 226, 20499: 1457, 20501: 65877, 20503: 85710, 20504: 1167, 20505: 765, 20506: 57309, 20507: 57070, 20508: 1161, 20509: 50588, 20510: 70342, 20511: 85646, 20512: 54448, 20513: 69990, 20514: 35245, 20515: 913, 20517: 35245, 20518: 35245, 20519: 80479, 20520: 1012, 20521: 63756, 20522: 85646, 20523: 1288, 20524: 35259, 20525: 1502, 20527: 1543, 20528: 519, 20530: 67720, 20531: 1188, 20532: 690, 20533: 1084, 20534: 1161, 20535: 67720, 20536: 59008, 20537: 68173, 20538: 68173, 20539: 1585, 20540: 1347, 20541: 69990, 20542: 1617, 20543: 71117, 20544: 69985, 20545: 48922, 20546: 743, 20547: 91053, 20549: 913, 20550: 51797, 20552: 57381, 20553: 1347, 20554: 35259, 20555: 85687, 20556: 83288, 20557: 1116, 20558: 1167, 20559: 46494, 20560: 1457, 20561: 65877, 20563: 65877, 20564: 1391, 20565: 849, 20567: 1161, 20569: 51797, 20570: 728, 20571: 69985, 20572: 728, 20573: 75958, 20574: 44206, 20575: 91896, 20576: 1014, 20577: 1617, 20578: 71117, 20579: 69985, 20580: 743, 20581: 690, 20582: 35259, 20583: 71117, 20584: 1347, 20585: 184, 20587: 65161, 20588: 63270, 20589: 1161, 20590: 68173, 20591: 57455, 20592: 1288, 20593: 46494, 20594: 70342, 20595: 73383, 20596: 743, 20597: 44206, 20599: 51797, 20600: 54448, 20601: 80479, 20602: 226, 20605: 35245, 20606: 66626, 20607: 66626, 20608: 57417, 20609: 69995, 20610: 1084, 20611: 1054, 20612: 85710, 20613: 85669, 20614: 953, 20615: 226, 20616: 71117, 20617: 765, 20618: 1054, 20619: 75453, 20620: 61726, 20621: 765, 20622: 65877, 20624: 69990, 20625: 1116, 20626: 1288, 20628: 1540, 20630: 52945, 20631: 57381, 20633: 743, 20634: 182, 20635: 1084, 20636: 54448, 20637: 686, 20638: 54448, 20639: 85669, 20640: 1193, 20641: 52945, 20642: 57639, 20643: 62344, 20645: 58096, 20646: 953, 20647: 62344, 20648: 1391, 20650: 686, 20651: 57639, 20652: 1391, 20653: 1193, 20654: 58096, 20655: 70373, 20656: 1291, 20659: 66626, 20661: 54448, 20662: 46793, 20663: 54448, 20669: 683, 20670: 35259, 20671: 78631, 20672: 61726, 20673: 57309, 20675: 57972, 20676: 57972, 20677: 73235, 20678: 65877, 20680: 1585, 20681: 805, 20684: 805, 20688: 67720, 20689: 913, 20690: 52945, 20692: 58096, 20693: 85669, 20694: 1161, 20695: 58096, 20696: 70342, 20697: 70373, 20698: 62344, 20699: 75379, 20700: 63756, 20701: 1173, 20702: 85710, 20703: 1173, 20704: 1173, 20705: 50588, 20706: 63099, 20707: 75379, 20708: 1457, 20709: 1161, 20710: 0, 20711: 1259, 20712: 0, 20713: 1489, 20714: 52945, 20715: 46494, 20716: 1012, 20717: 85669, 20719: 75379, 20720: 57257, 20721: 70342, 20722: 57290, 20723: 1291, 20724: 46793, 20725: 1167, 20726: 0, 20727: 1457, 20729: 69990, 20730: 83288, 20731: 57290, 20732: 1054, 20734: 690, 20735: 57309, 20736: 522, 20737: 72051, 20739: 1540, 20740: 1617, 20741: 190, 20742: 1182, 20743: 1502, 20744: 146, 20746: 190, 20747: 58543, 20748: 1502, 20749: 85710, 20750: 1540, 20751: 63756, 20752: 46494, 20754: 71117, 20757: 46793, 20758: 913, 20759: 85669, 20761: 58096, 20762: 75453, 20763: 1482, 20764: 69990, 20765: 70373, 20766: 75453, 20768: 184, 20769: 395, 20770: 77145, 20773: 1188, 20774: 1347, 20775: 69242, 20777: 686, 20778: 57070, 20779: 1399, 20781: 57639, 20782: 78631, 20784: 52945, 20785: 35245, 20786: 2048, 20789: 1014, 20790: 1540, 20791: 1412, 20792: 65341, 20793: 1300, 20794: 70342, 20795: 73383, 20796: 1223, 20797: 1084, 20798: 70373, 20799: 13699, 20800: 2048, 20802: 82080, 20803: 75379, 20804: 395, 20805: 70373, 20806: 52945, 20807: 805, 20808: 82067, 20809: 1291, 20810: 46793, 20811: 49332, 20813: 48266, 20814: 1489, 20815: 82067, 20816: 82085, 20817: 82067, 20818: 85669, 20819: 67720, 20820: 78631, 20821: 1167, 20822: 62344, 20823: 1014, 20824: 57070, 20825: 69990, 20826: 67720, 20827: 190, 20828: 1154, 20829: 44206, 20831: 1391, 20832: 190, 20833: 184, 20834: 58543, 20835: 44206, 20836: 1182, 20837: 0, 20838: 78631, 20840: 57257, 20841: 765, 20842: 190, 20843: 1543, 20844: 82085, 20845: 190, 20846: 1167, 20850: 72039, 20852: 1391, 20853: 85710, 20854: 1014, 20856: 0, 20858: 48266, 20859: 82070, 20860: 63882, 20861: 63882, 20862: 82070, 20863: 82070, 20864: 395, 20872: 953, 20873: 35245, 20874: 184, 20875: 70500, 20876: 59008, 20877: 82070, 20881: 57417, 20883: 75379, 20884: 65877, 20885: 85646, 20886: 78631, 20887: 61726, 20888: 65877, 20889: 805, 20890: 57639, 20891: 64727, 20892: 65877, 20894: 1457, 20895: 1300, 20897: 71117, 20900: 61726, 20901: 75379, 20902: 72039, 20904: 184, 20905: 44206, 20906: 57309, 20907: 64790, 20909: 0, 20910: 67720, 20911: 69990, 20913: 522, 20916: 1457, 20917: 82070, 20918: 73383, 20919: 72039, 20921: 72051, 20922: 84328, 20923: 68173, 20925: 1294, 20926: 1188, 20928: 48266, 20929: 51797, 20930: 61726, 20931: 51797, 20932: 59008, 20933: 72051, 20934: 63099, 20935: 84328, 20936: 57639, 20937: 54448, 20938: 63099, 20939: 1107, 20940: 1347, 20941: 63882, 20942: 63756, 20943: 728, 20944: 1391, 20948: 57972, 20949: 64727, 20950: 72039, 20951: 1223, 20953: 59008, 20954: 1585, 20955: 1116, 20956: 1399, 20958: 65161, 20959: 57972, 20960: 146, 20961: 1502, 20962: 1223, 20963: 69995, 20964: 83288, 20965: 57639, 20966: 63099, 20967: 1054, 20968: 64727, 20969: 91053, 20970: 83288, 20971: 1193, 20973: 1054, 20974: 146, 20975: 1188, 20977: 78631, 20978: 57972, 20979: 64790, 20980: 64727, 20981: 67720, 20982: 83288, 20983: 1502, 20985: 87001, 20986: 91053, 20987: 59008, 20988: 85710, 20990: 63756, 20992: 64790, 20993: 87001, 20995: 1012, 20997: 83288, 20998: 82070, 20999: 83288, 21000: 63882, 21001: 1188, 21002: 1167, 21003: 57972, 21005: 72039, 21006: 57417, 21007: 54448, 21008: 953, 21009: 57972, 21011: 72039, 21012: 63882, 21013: 2048, 21014: 87001, 21015: 184, 21016: 65941, 21017: 58543, 21018: 85700, 21019: 75453, 21020: 1617, 21021: 63756, 21022: 2048, 21023: 1167, 21028: 86055, 21030: 85700, 21032: 1543, 21033: 146, 21034: 1167, 21035: 54448, 21036: 449, 21037: 1154, 21038: 85710, 21039: 226, 21041: 52945, 21043: 57417, 21045: 57639, 21047: 86055, 21050: 1182, 21053: 1294, 21055: 1585, 21056: 57381, 21057: 1107, 21058: 58096, 21059: 395, 21060: 1107, 21061: 72051, 21062: 683, 21063: 449, 21064: 1107, 21065: 44206, 21066: 57381, 21067: 1014, 21068: 72051, 21069: 72051, 21070: 57290, 21072: 57381, 21073: 849, 21074: 35259, 21075: 48922, 21077: 1540, 21084: 82080, 21085: 56939, 21086: 90942, 21087: 56939, 21091: 190, 21092: 1399, 21093: 2048, 21096: 2114, 21097: 2114, 21098: 51797, 21099: 87984, 21100: 74355, 21101: 80140, 21102: 56939, 21103: 1116, 21104: 1193, 21105: 88653, 21106: 74355, 21107: 61726, 21108: 53429, 21109: 2114, 21110: 89226, 21112: 75453, 21113: 2346, 21115: 89226, 21116: 53429, 21117: 74355, 21118: 35259, 21119: 74355, 21120: 2076, 21121: 88653, 21123: 80140, 21124: 88653, 21125: 2114, 21126: 2114, 21127: 74355, 21128: 53429, 21129: 57649, 21130: 74355, 21132: 53429, 21133: 90998, 21134: 53429, 21135: 89226, 21136: 2114, 21138: 57649, 21139: 88653, 21140: 74355, 21141: 56939, 21142: 89226, 21143: 53429, 21144: 2114, 21145: 2346, 21146: 89226, 21147: 88653, 21148: 53429, 21149: 86213, 21150: 80140, 21151: 87984, 21153: 80140, 21154: 146, 21155: 86213, 21156: 56939, 21157: 1188, 21159: 2076, 21163: 1223, 21164: 2076, 21165: 90998, 21166: 2346, 21167: 56939, 21168: 88653, 21170: 80140, 21171: 2076, 21172: 87984, 21173: 2076, 21174: 90998, 21175: 57417, 21176: 57649, 21177: 86157, 21178: 86213, 21179: 80140, 21180: 2346, 21181: 86213, 21182: 86157, 21184: 86157, 21185: 80140, 21186: 86213, 21187: 0, 21188: 0, 21189: 0, 21190: 91053, 21191: 184, 21192: 65941, 21193: 146, 21194: 0, 21195: 1300, 21196: 58096, 21197: 53429, 21198: 2114, 21199: 2076, 21203: 86213, 21205: 2346, 21206: 90998, 21208: 87984, 21209: 89226, 21223: 743, 21226: 683, 21227: 449, 21228: 57290, 21229: 519, 21230: 57290, 21231: 1107, 21232: 57381, 21233: 82080, 21234: 82080, 21235: 522, 21236: 82080, 21237: 57290, 21238: 71117, 21239: 0, 21240: 805, 21241: 46494, 21244: 1173, 21249: 80479, 21262: 1391, 21265: 75421, 21271: 75453, 21279: 91053, 21280: 57639, 21288: 1188, 21290: 65941, 21298: 52945, 21303: 57455, 21304: 226, 21305: 88486, 21306: 1457, 21307: 226, 21308: 765, 21311: 46494, 21312: 63756, 21313: 35259, 21314: 88486, 21315: 64790, 21316: 63756, 21317: 1113, 21318: 64790, 21319: 1347, 21322: 82080, 21324: 395, 21325: 78626, 21326: 13828, 21327: 395, 21328: 13828, 21329: 550, 21331: 65877, 21333: 51797, 21334: 57455, 21335: 1113, 21336: 85669, 21338: 226, 21339: 71117, 21340: 1457, 21341: 1294, 21344: 51797, 21345: 0, 21346: 70500, 21348: 1193, 21349: 0, 21351: 72051, 21354: 13828, 21356: 57309, 21357: 64727, 21358: 226, 21363: 1412, 21366: 51797, 21369: 1347, 21370: 1357, 21378: 1014, 21384: 46494, 21398: 550, 21445: 53429, 21446: 57070, 21447: 1399, 21448: 69990, 21450: 78645, 21454: 48922, 21455: 1014, 21460: 1482, 21462: 1585, 21463: 75453, 21465: 0, 21468: 1391, 21470: 226, 21474: 686, 21475: 1012, 21477: 91896, 21478: 61726, 21479: 1107, 21480: 519, 21481: 1161, 21482: 1161, 21483: 70373, 21484: 69995, 21487: 51797, 21488: 65161, 21489: 91053, 21490: 1259, 21491: 1113, 21492: 1161, 21493: 50453, 21494: 342}",0.0,filho
638482.2399039997,Cruzamento,1733628347.4130802,34,"{20331: 1182, 20332: 1412, 20333: 1583, 20334: 49332, 20335: 49332, 20336: 82085, 20337: 75421, 20338: 57455, 20339: 49332, 20340: 849, 20341: 57309, 20342: 69242, 20343: 70342, 20344: 2048, 20345: 1291, 20346: 63099, 20347: 48266, 20348: 70373, 20349: 70342, 20350: 70373, 20351: 849, 20352: 63099, 20353: 184, 20354: 51797, 20355: 75421, 20356: 48266, 20357: 46793, 20358: 48266, 20359: 82085, 20360: 48266, 20361: 58096, 20362: 57070, 20363: 75421, 20364: 57070, 20365: 82085, 20366: 82085, 20367: 90927, 20368: 77145, 20369: 65341, 20370: 49332, 20371: 48266, 20372: 46793, 20373: 1347, 20378: 1347, 20379: 65341, 20380: 75453, 20381: 69242, 20383: 1391, 20384: 1391, 20385: 75421, 20386: 686, 20387: 686, 20388: 69990, 20389: 686, 20392: 48266, 20393: 57257, 20394: 849, 20395: 1583, 20396: 395, 20397: 1182, 20398: 1489, 20399: 1107, 20400: 65341, 20401: 1489, 20402: 1482, 20403: 58096, 20404: 44206, 20405: 57290, 20406: 57455, 20407: 71117, 20408: 1585, 20409: 69990, 20410: 1585, 20411: 68173, 20412: 75379, 20413: 1583, 20414: 68173, 20415: 395, 20416: 1014, 20417: 728, 20418: 1188, 20419: 71117, 20421: 2048, 20422: 1294, 20423: 82080, 20427: 46494, 20428: 78645, 20429: 78645, 20432: 449, 20433: 48922, 20434: 690, 20436: 59008, 20437: 1347, 20438: 70342, 20439: 57381, 20440: 690, 20441: 70342, 20442: 1585, 20443: 522, 20444: 522, 20445: 91896, 20446: 13828, 20447: 44206, 20449: 69995, 20450: 226, 20451: 52945, 20452: 1585, 20453: 63270, 20454: 57455, 20455: 70342, 20456: 63270, 20457: 50588, 20458: 63756, 20459: 63270, 20460: 1161, 20461: 75379, 20462: 1154, 20463: 1482, 20465: 2048, 20466: 65161, 20467: 1583, 20468: 1014, 20469: 57381, 20471: 72051, 20472: 1259, 20473: 1107, 20475: 743, 20476: 46494, 20481: 1543, 20482: 70342, 20484: 70342, 20485: 50588, 20486: 913, 20487: 1347, 20488: 1617, 20489: 71117, 20490: 1502, 20491: 82080, 20492: 67720, 20493: 46494, 20494: 522, 20495: 91896, 20496: 686, 20497: 226, 20499: 1457, 20501: 65877, 20503: 85710, 20504: 1167, 20505: 765, 20506: 57309, 20507: 57070, 20508: 1161, 20509: 50588, 20510: 70342, 20511: 85646, 20512: 54448, 20513: 69990, 20514: 35245, 20515: 913, 20517: 35245, 20518: 35245, 20519: 80479, 20520: 1012, 20521: 63756, 20522: 85646, 20523: 1288, 20524: 35259, 20525: 1502, 20527: 1543, 20528: 519, 20530: 67720, 20531: 1188, 20532: 690, 20533: 1084, 20534: 1161, 20535: 67720, 20536: 59008, 20537: 68173, 20538: 68173, 20539: 1585, 20540: 1347, 20541: 69990, 20542: 1617, 20543: 71117, 20544: 69985, 20545: 48922, 20546: 743, 20547: 91053, 20549: 913, 20550: 51797, 20552: 57381, 20553: 1347, 20554: 35259, 20555: 85687, 20556: 83288, 20557: 1116, 20558: 1167, 20559: 46494, 20560: 1457, 20561: 65877, 20563: 65877, 20564: 1391, 20565: 849, 20567: 1161, 20569: 51797, 20570: 91896, 20571: 1585, 20572: 1288, 20573: 35259, 20574: 48922, 20575: 44206, 20576: 75958, 20577: 69985, 20578: 1347, 20579: 71117, 20580: 68173, 20581: 1014, 20582: 35259, 20583: 1288, 20584: 71117, 20585: 2048, 20587: 1012, 20588: 63270, 20589: 52945, 20590: 82080, 20591: 57455, 20592: 683, 20593: 805, 20594: 72051, 20595: 59008, 20596: 1347, 20597: 1585, 20599: 64727, 20600: 49332, 20601: 75379, 20602: 35245, 20605: 35245, 20606: 50588, 20607: 913, 20608: 57417, 20609: 1585, 20610: 1482, 20611: 1107, 20612: 686, 20613: 57309, 20614: 1167, 20615: 75453, 20616: 953, 20617: 61726, 20618: 85669, 20619: 1182, 20620: 1054, 20621: 1457, 20622: 849, 20624: 226, 20625: 1457, 20626: 69995, 20628: 1540, 20630: 69995, 20631: 449, 20633: 69242, 20634: 73383, 20635: 1583, 20636: 54448, 20637: 1583, 20638: 226, 20639: 1391, 20640: 52945, 20641: 85669, 20642: 62344, 20643: 1391, 20645: 52945, 20646: 85669, 20647: 57639, 20648: 686, 20650: 686, 20651: 1193, 20652: 58096, 20653: 1391, 20654: 953, 20655: 1482, 20656: 1084, 20659: 70342, 20661: 64727, 20662: 57309, 20663: 1161, 20669: 69242, 20670: 65877, 20671: 1540, 20672: 57972, 20673: 57639, 20675: 78631, 20676: 78631, 20677: 61726, 20678: 75379, 20680: 69990, 20681: 1188, 20684: 1543, 20688: 805, 20689: 50588, 20690: 64727, 20692: 1182, 20693: 58096, 20694: 913, 20695: 75453, 20696: 75379, 20697: 184, 20698: 85669, 20699: 70342, 20700: 54448, 20701: 54448, 20702: 1288, 20703: 66626, 20704: 1173, 20705: 50588, 20706: 57309, 20707: 54448, 20708: 1399, 20709: 1161, 20710: 1161, 20711: 1014, 20712: 0, 20713: 57257, 20714: 52945, 20715: 57290, 20716: 913, 20717: 58543, 20719: 54448, 20720: 75453, 20721: 1012, 20722: 46494, 20723: 1489, 20724: 80479, 20725: 78631, 20726: 46793, 20727: 62344, 20729: 48266, 20730: 1113, 20731: 743, 20732: 765, 20734: 690, 20735: 65877, 20736: 522, 20737: 44206, 20739: 65877, 20740: 1188, 20741: 1357, 20742: 1116, 20743: 78631, 20744: 69995, 20746: 69990, 20747: 57309, 20748: 1107, 20749: 57639, 20750: 849, 20751: 1012, 20752: 190, 20754: 743, 20757: 1585, 20758: 54448, 20759: 57639, 20761: 70373, 20762: 1084, 20763: 63099, 20764: 1617, 20765: 1347, 20766: 70373, 20768: 0, 20769: 519, 20770: 77145, 20773: 1347, 20774: 57290, 20775: 58096, 20777: 1182, 20778: 2048, 20779: 70500, 20781: 57290, 20782: 67720, 20784: 57070, 20785: 57070, 20786: 1167, 20789: 728, 20790: 58543, 20791: 184, 20792: 82085, 20793: 70500, 20794: 49332, 20795: 69242, 20796: 68650, 20797: 2048, 20798: 70373, 20799: 69242, 20800: 1482, 20802: 57381, 20803: 68650, 20804: 68650, 20805: 13699, 20806: 58543, 20807: 57381, 20808: 85687, 20809: 58096, 20810: 46793, 20811: 48266, 20813: 49332, 20814: 49332, 20815: 82067, 20816: 57309, 20817: 82067, 20818: 58096, 20819: 1502, 20820: 85669, 20821: 78631, 20822: 1399, 20823: 1014, 20824: 226, 20825: 849, 20826: 85710, 20827: 62344, 20828: 63270, 20829: 1259, 20831: 1391, 20832: 1399, 20833: 1617, 20834: 86055, 20835: 62344, 20836: 849, 20837: 0, 20838: 1347, 20840: 1583, 20841: 57455, 20842: 83288, 20843: 57290, 20844: 1482, 20845: 57639, 20846: 1223, 20850: 87001, 20852: 57309, 20853: 1457, 20854: 1585, 20856: 686, 20858: 70373, 20859: 82070, 20860: 63882, 20861: 63882, 20862: 82070, 20863: 82070, 20864: 395, 20872: 953, 20873: 226, 20874: 0, 20875: 64727, 20876: 805, 20877: 63882, 20881: 64727, 20883: 70500, 20884: 82070, 20885: 1391, 20886: 67720, 20887: 1457, 20888: 82070, 20889: 1502, 20890: 91053, 20891: 1391, 20892: 72039, 20894: 765, 20895: 44206, 20897: 85669, 20900: 1167, 20901: 68650, 20902: 83288, 20904: 1188, 20905: 73383, 20906: 849, 20907: 1188, 20909: 65877, 20910: 72051, 20911: 1107, 20913: 73383, 20916: 1116, 20917: 84328, 20918: 69990, 20919: 84328, 20921: 63099, 20922: 82070, 20923: 57381, 20925: 1294, 20926: 65941, 20928: 1300, 20929: 51797, 20930: 0, 20931: 1223, 20932: 64790, 20933: 743, 20934: 1193, 20935: 63882, 20936: 65941, 20937: 67720, 20938: 1193, 20939: 395, 20940: 65161, 20941: 87001, 20942: 75379, 20943: 57290, 20944: 59008, 20948: 65877, 20949: 1193, 20950: 63882, 20951: 64790, 20953: 64727, 20954: 48922, 20955: 1116, 20956: 58096, 20958: 63756, 20959: 87001, 20960: 1399, 20961: 1502, 20962: 184, 20963: 146, 20964: 72039, 20965: 65941, 20966: 59008, 20967: 85710, 20968: 75453, 20969: 1300, 20970: 72039, 20971: 59008, 20973: 1054, 20974: 63756, 20975: 58096, 20977: 1399, 20978: 1502, 20979: 1193, 20980: 63756, 20981: 57070, 20982: 83288, 20983: 57972, 20985: 83288, 20986: 1167, 20987: 0, 20988: 63756, 20990: 57972, 20992: 57417, 20993: 83288, 20995: 85710, 20997: 72039, 20998: 63882, 20999: 57972, 21000: 82070, 21001: 78631, 21002: 1167, 21003: 57972, 21005: 83288, 21006: 57070, 21007: 1300, 21008: 69995, 21009: 57972, 21011: 87001, 21012: 84328, 21013: 57639, 21014: 65877, 21015: 91053, 21016: 146, 21017: 85700, 21018: 35245, 21019: 63756, 21020: 68173, 21021: 1188, 21022: 63270, 21023: 1457, 21028: 86055, 21030: 85700, 21032: 54448, 21033: 728, 21034: 57417, 21035: 1399, 21036: 91896, 21037: 2048, 21038: 1457, 21039: 1300, 21041: 72051, 21043: 146, 21045: 75453, 21047: 57290, 21050: 57639, 21053: 1294, 21055: 82080, 21056: 57381, 21057: 449, 21058: 63756, 21059: 1107, 21060: 1107, 21061: 78645, 21062: 1014, 21063: 46494, 21064: 1014, 21065: 1188, 21066: 1259, 21067: 683, 21068: 72051, 21069: 72051, 21070: 57290, 21072: 71117, 21073: 69995, 21074: 1617, 21075: 78645, 21077: 1540, 21084: 67720, 21085: 88653, 21086: 90942, 21087: 57649, 21091: 85710, 21092: 58096, 21093: 85646, 21096: 2346, 21097: 74355, 21098: 63756, 21099: 2114, 21100: 2076, 21101: 2346, 21102: 2114, 21103: 1116, 21104: 59008, 21105: 80140, 21106: 2114, 21107: 73235, 21108: 56939, 21109: 56939, 21110: 80140, 21112: 1391, 21113: 89226, 21115: 2114, 21116: 89226, 21117: 80140, 21118: 83288, 21119: 89226, 21120: 2076, 21121: 74355, 21123: 80140, 21124: 88653, 21125: 88653, 21126: 74355, 21127: 56939, 21128: 74355, 21129: 74355, 21130: 53429, 21132: 57649, 21133: 87984, 21134: 53429, 21135: 56939, 21136: 53429, 21138: 57649, 21139: 56939, 21140: 57649, 21141: 86157, 21142: 80140, 21143: 53429, 21144: 2114, 21145: 53429, 21146: 89226, 21147: 88653, 21148: 53429, 21149: 80140, 21150: 80140, 21151: 86213, 21153: 53429, 21154: 1223, 21155: 86157, 21156: 87984, 21157: 1288, 21159: 2346, 21163: 146, 21164: 86157, 21165: 80140, 21166: 90998, 21167: 87984, 21168: 90998, 21170: 90998, 21171: 86213, 21172: 57649, 21173: 2076, 21174: 2114, 21175: 0, 21176: 2076, 21177: 87984, 21178: 88653, 21179: 56939, 21180: 2346, 21181: 57649, 21182: 86157, 21184: 87984, 21185: 0, 21186: 2076, 21187: 0, 21188: 0, 21189: 0, 21190: 63270, 21191: 184, 21192: 1223, 21193: 70500, 21194: 0, 21195: 1167, 21196: 70342, 21197: 74355, 21198: 2114, 21199: 86213, 21203: 2076, 21205: 53429, 21206: 86213, 21208: 87984, 21209: 89226, 21223: 1585, 21226: 1014, 21227: 69985, 21228: 46494, 21229: 395, 21230: 78645, 21231: 395, 21232: 1259, 21233: 683, 21234: 70342, 21235: 1259, 21236: 57381, 21237: 71117, 21238: 1543, 21239: 72051, 21240: 1107, 21241: 1347, 21244: 66626, 21249: 1012, 21262: 57070, 21265: 13699, 21271: 91053, 21279: 59008, 21280: 59008, 21288: 57290, 21290: 51797, 21298: 57639, 21303: 1347, 21304: 35259, 21305: 35259, 21306: 226, 21307: 64790, 21308: 1113, 21311: 1540, 21312: 1294, 21313: 35259, 21314: 88486, 21315: 57417, 21316: 1054, 21317: 1347, 21318: 57455, 21319: 51797, 21322: 690, 21324: 13828, 21325: 13828, 21326: 35259, 21327: 1347, 21328: 519, 21329: 78626, 21331: 72039, 21333: 57455, 21334: 57455, 21335: 226, 21336: 765, 21338: 1502, 21339: 1054, 21340: 1107, 21341: 1294, 21344: 1300, 21345: 72039, 21346: 91053, 21348: 63099, 21349: 0, 21351: 69990, 21354: 519, 21356: 90927, 21357: 75379, 21358: 184, 21363: 57257, 21366: 65941, 21369: 765, 21370: 63756, 21378: 68173, 21384: 44206, 21398: 78626, 21445: 74355, 21446: 62344, 21447: 1347, 21448: 67720, 21450: 1014, 21454: 68173, 21455: 683, 21460: 0, 21462: 82080, 21463: 61726, 21465: 0, 21468: 85669, 21470: 63756, 21474: 46494, 21475: 1012, 21477: 91896, 21478: 69990, 21479: 71117, 21480: 805, 21481: 85687, 21482: 1391, 21483: 0, 21484: 1167, 21487: 65941, 21488: 65161, 21489: 65161, 21490: 0, 21491: 1113, 21492: 1116, 21493: 50453, 21494: 342}",0.0,invalido
642017.477717,Cruzamento,1733628347.4130802,34,"{20331: 57309, 20332: 65341, 20333: 82085, 20334: 57070, 20335: 1182, 20336: 1489, 20337: 1291, 20338: 1084, 20339: 184, 20340: 57309, 20341: 65341, 20342: 1182, 20343: 1489, 20344: 1489, 20345: 68182, 20346: 70373, 20347: 70342, 20348: 1084, 20349: 63099, 20350: 57309, 20351: 51797, 20352: 58096, 20353: 46793, 20354: 849, 20355: 48266, 20356: 1291, 20357: 58096, 20358: 1084, 20359: 46793, 20360: 69990, 20361: 1412, 20362: 765, 20363: 57455, 20364: 1291, 20365: 82085, 20366: 75453, 20367: 90927, 20368: 1617, 20369: 65341, 20370: 70342, 20371: 57070, 20372: 48266, 20373: 1412, 20378: 82085, 20379: 57455, 20380: 1391, 20381: 686, 20383: 13699, 20384: 686, 20385: 69990, 20386: 57257, 20387: 13699, 20388: 75421, 20389: 68182, 20392: 63099, 20393: 58096, 20394: 51797, 20395: 184, 20396: 1347, 20397: 65341, 20398: 2048, 20399: 805, 20400: 1084, 20401: 1482, 20402: 46793, 20403: 1482, 20404: 67720, 20405: 1107, 20406: 57381, 20407: 395, 20408: 449, 20409: 35259, 20410: 690, 20411: 67720, 20412: 75379, 20413: 1482, 20414: 67720, 20415: 71117, 20416: 70342, 20417: 57381, 20418: 82080, 20419: 519, 20421: 1294, 20422: 1489, 20423: 1585, 20427: 44206, 20428: 57381, 20429: 449, 20432: 1543, 20433: 449, 20434: 46494, 20436: 805, 20437: 69242, 20438: 69990, 20439: 1259, 20440: 743, 20441: 46494, 20442: 69985, 20443: 690, 20444: 82080, 20445: 805, 20446: 67720, 20447: 78645, 20449: 1012, 20450: 69995, 20451: 80479, 20452: 57455, 20453: 57455, 20454: 52945, 20455: 913, 20456: 50588, 20457: 51797, 20458: 913, 20459: 1161, 20460: 1585, 20461: 63270, 20462: 69995, 20463: 49332, 20465: 65341, 20466: 1012, 20467: 1291, 20468: 1107, 20469: 1259, 20471: 57381, 20472: 57381, 20473: 743, 20475: 72051, 20476: 1617, 20481: 1107, 20482: 75379, 20484: 52945, 20485: 75379, 20486: 54448, 20487: 449, 20488: 1188, 20489: 69990, 20490: 70342, 20491: 67720, 20492: 805, 20493: 1107, 20494: 46494, 20495: 683, 20496: 75453, 20497: 50588, 20499: 65877, 20501: 44206, 20503: 57639, 20504: 69990, 20505: 62344, 20506: 85710, 20507: 1357, 20508: 1161, 20509: 50588, 20510: 913, 20511: 85646, 20512: 70342, 20513: 1291, 20514: 64790, 20515: 913, 20517: 69995, 20518: 69995, 20519: 63270, 20520: 52945, 20521: 65161, 20522: 1161, 20523: 1259, 20524: 68173, 20525: 519, 20527: 82080, 20528: 1502, 20530: 46494, 20531: 59008, 20532: 805, 20533: 75421, 20534: 65161, 20535: 48922, 20536: 44206, 20537: 69985, 20538: 69990, 20539: 449, 20540: 690, 20541: 1617, 20542: 75958, 20543: 48922, 20544: 728, 20545: 91896, 20546: 71117, 20547: 64790, 20549: 80479, 20550: 51797, 20552: 1288, 20553: 1502, 20554: 57290, 20555: 62344, 20556: 65877, 20557: 75379, 20558: 1107, 20559: 1391, 20560: 65877, 20561: 85710, 20563: 1167, 20564: 57070, 20565: 69990, 20567: 849, 20569: 52945, 20570: 728, 20571: 69985, 20572: 728, 20573: 75958, 20574: 44206, 20575: 91896, 20576: 1014, 20577: 1617, 20578: 71117, 20579: 69985, 20580: 743, 20581: 690, 20582: 35259, 20583: 71117, 20584: 1347, 20585: 184, 20587: 65161, 20588: 63270, 20589: 1161, 20590: 68173, 20591: 57455, 20592: 1288, 20593: 46494, 20594: 70342, 20595: 73383, 20596: 743, 20597: 44206, 20599: 51797, 20600: 54448, 20601: 80479, 20602: 226, 20605: 35245, 20606: 66626, 20607: 66626, 20608: 57417, 20609: 69995, 20610: 1084, 20611: 1054, 20612: 85710, 20613: 85669, 20614: 953, 20615: 226, 20616: 71117, 20617: 765, 20618: 1054, 20619: 75453, 20620: 61726, 20621: 765, 20622: 65877, 20624: 69990, 20625: 1116, 20626: 1288, 20628: 1540, 20630: 52945, 20631: 57381, 20633: 743, 20634: 182, 20635: 1084, 20636: 54448, 20637: 686, 20638: 54448, 20639: 85669, 20640: 1193, 20641: 52945, 20642: 57639, 20643: 62344, 20645: 58096, 20646: 953, 20647: 62344, 20648: 1391, 20650: 686, 20651: 57639, 20652: 1391, 20653: 1193, 20654: 58096, 20655: 70373, 20656: 1291, 20659: 66626, 20661: 54448, 20662: 46793, 20663: 54448, 20669: 683, 20670: 35259, 20671: 78631, 20672: 61726, 20673: 57309, 20675: 57972, 20676: 57972, 20677: 73235, 20678: 65877, 20680: 1585, 20681: 805, 20684: 805, 20688: 67720, 20689: 913, 20690: 52945, 20692: 58096, 20693: 85669, 20694: 1161, 20695: 58096, 20696: 70342, 20697: 70373, 20698: 62344, 20699: 75379, 20700: 63756, 20701: 1173, 20702: 85710, 20703: 1173, 20704: 1173, 20705: 50588, 20706: 63099, 20707: 75379, 20708: 1457, 20709: 1161, 20710: 0, 20711: 1259, 20712: 0, 20713: 1489, 20714: 52945, 20715: 46494, 20716: 1012, 20717: 85669, 20719: 75379, 20720: 57257, 20721: 70342, 20722: 57290, 20723: 1291, 20724: 46793, 20725: 1167, 20726: 0, 20727: 1457, 20729: 69990, 20730: 83288, 20731: 57290, 20732: 1054, 20734: 690, 20735: 57309, 20736: 522, 20737: 72051, 20739: 1540, 20740: 1617, 20741: 190, 20742: 1182, 20743: 1502, 20744: 146, 20746: 190, 20747: 58543, 20748: 1502, 20749: 85710, 20750: 1540, 20751: 63756, 20752: 46494, 20754: 71117, 20757: 46793, 20758: 913, 20759: 85669, 20761: 58096, 20762: 75453, 20763: 1482, 20764: 69990, 20765: 70373, 20766: 75453, 20768: 184, 20769: 395, 20770: 77145, 20773: 1188, 20774: 1347, 20775: 69242, 20777: 686, 20778: 57070, 20779: 1399, 20781: 57639, 20782: 78631, 20784: 52945, 20785: 35245, 20786: 2048, 20789: 1014, 20790: 1540, 20791: 1412, 20792: 65341, 20793: 1300, 20794: 70342, 20795: 73383, 20796: 1223, 20797: 1084, 20798: 70373, 20799: 13699, 20800: 2048, 20802: 82080, 20803: 75379, 20804: 395, 20805: 70373, 20806: 52945, 20807: 805, 20808: 82067, 20809: 1291, 20810: 46793, 20811: 49332, 20813: 48266, 20814: 1489, 20815: 82067, 20816: 82085, 20817: 82067, 20818: 85669, 20819: 67720, 20820: 78631, 20821: 1167, 20822: 62344, 20823: 1014, 20824: 57070, 20825: 69990, 20826: 67720, 20827: 190, 20828: 1154, 20829: 44206, 20831: 1391, 20832: 190, 20833: 184, 20834: 58543, 20835: 44206, 20836: 1182, 20837: 0, 20838: 78631, 20840: 57257, 20841: 765, 20842: 190, 20843: 1543, 20844: 82085, 20845: 190, 20846: 1167, 20850: 72039, 20852: 1391, 20853: 85710, 20854: 1014, 20856: 0, 20858: 48266, 20859: 82070, 20860: 63882, 20861: 63882, 20862: 82070, 20863: 82070, 20864: 395, 20872: 953, 20873: 35245, 20874: 184, 20875: 70500, 20876: 59008, 20877: 82070, 20881: 57417, 20883: 75379, 20884: 65877, 20885: 85646, 20886: 78631, 20887: 61726, 20888: 65877, 20889: 805, 20890: 57639, 20891: 64727, 20892: 65877, 20894: 1457, 20895: 1300, 20897: 71117, 20900: 61726, 20901: 75379, 20902: 72039, 20904: 184, 20905: 44206, 20906: 57309, 20907: 64790, 20909: 0, 20910: 67720, 20911: 69990, 20913: 522, 20916: 1457, 20917: 82070, 20918: 73383, 20919: 72039, 20921: 72051, 20922: 84328, 20923: 68173, 20925: 1294, 20926: 1188, 20928: 48266, 20929: 51797, 20930: 61726, 20931: 51797, 20932: 59008, 20933: 72051, 20934: 63099, 20935: 84328, 20936: 57639, 20937: 54448, 20938: 63099, 20939: 1107, 20940: 1347, 20941: 63882, 20942: 63756, 20943: 728, 20944: 1391, 20948: 57972, 20949: 64727, 20950: 72039, 20951: 1223, 20953: 59008, 20954: 1585, 20955: 1116, 20956: 1399, 20958: 65161, 20959: 57972, 20960: 146, 20961: 1502, 20962: 1223, 20963: 69995, 20964: 83288, 20965: 57639, 20966: 63099, 20967: 1054, 20968: 64727, 20969: 91053, 20970: 83288, 20971: 1193, 20973: 1054, 20974: 146, 20975: 1188, 20977: 78631, 20978: 57972, 20979: 64790, 20980: 64727, 20981: 67720, 20982: 83288, 20983: 1502, 20985: 87001, 20986: 91053, 20987: 59008, 20988: 85710, 20990: 63756, 20992: 64790, 20993: 87001, 20995: 1012, 20997: 83288, 20998: 82070, 20999: 83288, 21000: 63882, 21001: 1188, 21002: 1167, 21003: 57972, 21005: 72039, 21006: 57417, 21007: 54448, 21008: 953, 21009: 57972, 21011: 72039, 21012: 63882, 21013: 2048, 21014: 87001, 21015: 184, 21016: 65941, 21017: 58543, 21018: 85700, 21019: 75453, 21020: 1617, 21021: 63756, 21022: 2048, 21023: 1167, 21028: 86055, 21030: 85700, 21032: 1543, 21033: 146, 21034: 1167, 21035: 54448, 21036: 449, 21037: 1154, 21038: 85710, 21039: 226, 21041: 52945, 21043: 57417, 21045: 57639, 21047: 86055, 21050: 1182, 21053: 1294, 21055: 1585, 21056: 57381, 21057: 1107, 21058: 58096, 21059: 395, 21060: 1107, 21061: 72051, 21062: 683, 21063: 449, 21064: 1107, 21065: 44206, 21066: 57381, 21067: 1014, 21068: 72051, 21069: 72051, 21070: 57290, 21072: 57381, 21073: 849, 21074: 35259, 21075: 48922, 21077: 1540, 21084: 82080, 21085: 56939, 21086: 90942, 21087: 56939, 21091: 190, 21092: 1399, 21093: 2048, 21096: 2114, 21097: 2114, 21098: 51797, 21099: 87984, 21100: 74355, 21101: 80140, 21102: 56939, 21103: 1116, 21104: 1193, 21105: 88653, 21106: 74355, 21107: 61726, 21108: 53429, 21109: 2114, 21110: 89226, 21112: 75453, 21113: 2346, 21115: 89226, 21116: 53429, 21117: 74355, 21118: 35259, 21119: 74355, 21120: 2076, 21121: 88653, 21123: 80140, 21124: 88653, 21125: 2114, 21126: 2114, 21127: 74355, 21128: 53429, 21129: 57649, 21130: 74355, 21132: 53429, 21133: 90998, 21134: 53429, 21135: 89226, 21136: 2114, 21138: 57649, 21139: 88653, 21140: 74355, 21141: 56939, 21142: 89226, 21143: 53429, 21144: 2114, 21145: 2346, 21146: 89226, 21147: 88653, 21148: 53429, 21149: 86213, 21150: 80140, 21151: 87984, 21153: 80140, 21154: 146, 21155: 86213, 21156: 56939, 21157: 1188, 21159: 2076, 21163: 1223, 21164: 2076, 21165: 90998, 21166: 2346, 21167: 56939, 21168: 88653, 21170: 80140, 21171: 2076, 21172: 87984, 21173: 2076, 21174: 90998, 21175: 57417, 21176: 57649, 21177: 86157, 21178: 86213, 21179: 80140, 21180: 2346, 21181: 86213, 21182: 86157, 21184: 86157, 21185: 80140, 21186: 86213, 21187: 0, 21188: 0, 21189: 0, 21190: 91053, 21191: 184, 21192: 65941, 21193: 146, 21194: 0, 21195: 1300, 21196: 58096, 21197: 53429, 21198: 2114, 21199: 2076, 21203: 86213, 21205: 2346, 21206: 90998, 21208: 87984, 21209: 89226, 21223: 743, 21226: 683, 21227: 449, 21228: 57290, 21229: 519, 21230: 57290, 21231: 1107, 21232: 57381, 21233: 82080, 21234: 82080, 21235: 522, 21236: 82080, 21237: 57290, 21238: 71117, 21239: 0, 21240: 805, 21241: 46494, 21244: 1173, 21249: 80479, 21262: 1391, 21265: 75421, 21271: 75453, 21279: 91053, 21280: 57639, 21288: 1188, 21290: 65941, 21298: 52945, 21303: 57455, 21304: 226, 21305: 88486, 21306: 1457, 21307: 226, 21308: 765, 21311: 46494, 21312: 63756, 21313: 35259, 21314: 88486, 21315: 64790, 21316: 63756, 21317: 1113, 21318: 64790, 21319: 1347, 21322: 82080, 21324: 395, 21325: 78626, 21326: 13828, 21327: 395, 21328: 13828, 21329: 550, 21331: 65877, 21333: 51797, 21334: 57455, 21335: 1113, 21336: 85669, 21338: 226, 21339: 71117, 21340: 1457, 21341: 1294, 21344: 51797, 21345: 0, 21346: 70500, 21348: 1193, 21349: 0, 21351: 72051, 21354: 13828, 21356: 57309, 21357: 64727, 21358: 226, 21363: 1412, 21366: 51797, 21369: 1347, 21370: 1357, 21378: 1014, 21384: 46494, 21398: 550, 21445: 53429, 21446: 57070, 21447: 1399, 21448: 69990, 21450: 78645, 21454: 48922, 21455: 1014, 21460: 1482, 21462: 1585, 21463: 75453, 21465: 0, 21468: 1391, 21470: 226, 21474: 686, 21475: 1012, 21477: 91896, 21478: 61726, 21479: 1107, 21480: 519, 21481: 1161, 21482: 1161, 21483: 70373, 21484: 69995, 21487: 51797, 21488: 65161, 21489: 91053, 21490: 1259, 21491: 1113, 21492: 1161, 21493: 50453, 21494: 342}",0.0,filho
643780.6316136665,Cruzamento,1733628350.5940945,35,"{20331: 1294, 20332: 70342, 20333: 1482, 20334: 82085, 20335: 1294, 20336: 57257, 20337: 65341, 20338: 1182, 20339: 1084, 20340: 57309, 20341: 765, 20342: 2048, 20343: 69242, 20344: 849, 20345: 57257, 20346: 1412, 20347: 63099, 20348: 1084, 20349: 75453, 20350: 63099, 20351: 75453, 20352: 69242, 20353: 70342, 20354: 849, 20355: 1489, 20356: 1489, 20357: 849, 20358: 70342, 20359: 57257, 20360: 2048, 20361: 58096, 20362: 1412, 20363: 1489, 20364: 184, 20365: 1617, 20366: 70171, 20367: 57309, 20368: 90927, 20369: 1617, 20370: 48266, 20371: 70373, 20372: 49332, 20373: 1291, 20378: 1182, 20379: 69990, 20380: 70342, 20381: 57070, 20383: 1583, 20384: 686, 20385: 75421, 20386: 68182, 20387: 75421, 20388: 13699, 20389: 68182, 20392: 1291, 20393: 63099, 20394: 75453, 20395: 48266, 20396: 1543, 20397: 849, 20398: 75421, 20399: 70342, 20400: 58096, 20401: 57455, 20402: 1489, 20403: 1084, 20404: 57455, 20405: 1288, 20406: 519, 20407: 743, 20408: 71117, 20409: 1288, 20410: 57381, 20411: 449, 20412: 226, 20413: 58096, 20414: 1014, 20415: 46494, 20416: 805, 20417: 57290, 20418: 683, 20419: 1617, 20421: 65341, 20422: 82085, 20423: 1585, 20427: 68173, 20428: 78645, 20429: 48922, 20432: 44206, 20433: 1502, 20434: 57290, 20436: 182, 20437: 1188, 20438: 1502, 20439: 57381, 20440: 73383, 20441: 70342, 20442: 57381, 20443: 13828, 20444: 71117, 20445: 683, 20446: 1502, 20447: 71117, 20449: 50588, 20450: 913, 20451: 80479, 20452: 80479, 20453: 35245, 20454: 69995, 20455: 52945, 20456: 70342, 20457: 46793, 20458: 1012, 20459: 51797, 20460: 63756, 20461: 35245, 20462: 64790, 20463: 57257, 20465: 57070, 20466: 63756, 20467: 849, 20468: 743, 20469: 67720, 20471: 1014, 20472: 13828, 20473: 1188, 20475: 67720, 20476: 1259, 20481: 71117, 20482: 35245, 20484: 85646, 20485: 46793, 20486: 913, 20487: 743, 20488: 44206, 20489: 683, 20490: 519, 20491: 78645, 20492: 57381, 20493: 82080, 20494: 91896, 20495: 1585, 20496: 58096, 20497: 54448, 20499: 1054, 20501: 1347, 20503: 35259, 20504: 57070, 20505: 83288, 20506: 1012, 20507: 46494, 20508: 69995, 20509: 1012, 20510: 52945, 20511: 64727, 20512: 54448, 20513: 1291, 20514: 146, 20515: 52945, 20517: 35245, 20518: 226, 20519: 75379, 20520: 69995, 20521: 50588, 20522: 52945, 20523: 1543, 20524: 449, 20525: 728, 20527: 1617, 20528: 44206, 20530: 72051, 20531: 13828, 20532: 1259, 20533: 69990, 20534: 46793, 20535: 75958, 20536: 68173, 20537: 1617, 20538: 690, 20539: 69990, 20540: 1617, 20541: 71117, 20542: 1288, 20543: 449, 20544: 1014, 20545: 1585, 20546: 91896, 20547: 57070, 20549: 80479, 20550: 63270, 20552: 46494, 20553: 71117, 20554: 1288, 20555: 61726, 20556: 78631, 20557: 1391, 20558: 1502, 20559: 1399, 20560: 686, 20561: 46494, 20563: 65877, 20564: 1167, 20565: 85710, 20567: 69990, 20569: 51797, 20570: 743, 20571: 68173, 20572: 1347, 20573: 690, 20574: 67720, 20575: 449, 20576: 728, 20577: 48922, 20578: 1014, 20579: 1347, 20580: 35259, 20581: 75958, 20582: 48922, 20583: 743, 20584: 1347, 20585: 1543, 20587: 1161, 20588: 1012, 20589: 65161, 20590: 395, 20591: 449, 20592: 1188, 20593: 57290, 20594: 690, 20595: 522, 20596: 73383, 20597: 805, 20599: 1012, 20600: 63270, 20601: 63270, 20602: 35245, 20605: 226, 20606: 1161, 20607: 52945, 20608: 58096, 20609: 1173, 20610: 1084, 20611: 65877, 20612: 75453, 20613: 1457, 20614: 57309, 20615: 69995, 20616: 849, 20617: 1167, 20618: 1540, 20619: 765, 20620: 1457, 20621: 1167, 20622: 686, 20624: 1457, 20625: 65877, 20626: 686, 20628: 686, 20630: 66626, 20631: 519, 20633: 1107, 20634: 72051, 20635: 1084, 20636: 913, 20637: 1391, 20638: 146, 20639: 85669, 20640: 57639, 20641: 52945, 20642: 1391, 20643: 1193, 20645: 1391, 20646: 953, 20647: 686, 20648: 58096, 20650: 58096, 20651: 62344, 20652: 686, 20653: 1193, 20654: 85669, 20655: 1412, 20656: 184, 20659: 1585, 20661: 69995, 20662: 70373, 20663: 913, 20669: 522, 20670: 78631, 20671: 57639, 20672: 35259, 20673: 57972, 20675: 61726, 20676: 57972, 20677: 73235, 20678: 62344, 20680: 68173, 20681: 449, 20684: 1347, 20688: 1617, 20689: 69995, 20690: 52945, 20692: 57257, 20693: 85669, 20694: 66626, 20695: 1489, 20696: 1173, 20697: 1182, 20698: 58543, 20699: 63756, 20700: 50588, 20701: 913, 20702: 1167, 20703: 54448, 20704: 66626, 20705: 75379, 20706: 1182, 20707: 70342, 20708: 46494, 20709: 1161, 20710: 1161, 20711: 1543, 20712: 0, 20713: 75421, 20714: 52945, 20715: 690, 20716: 70342, 20717: 57639, 20719: 1585, 20720: 75453, 20721: 913, 20722: 805, 20723: 51797, 20724: 80479, 20725: 85669, 20726: 46793, 20727: 78631, 20729: 1617, 20730: 88486, 20731: 48922, 20732: 1054, 20734: 1288, 20735: 57309, 20736: 1014, 20737: 73383, 20739: 35259, 20740: 57455, 20741: 686, 20742: 1167, 20743: 1116, 20744: 68650, 20746: 69990, 20747: 91053, 20748: 58096, 20749: 69990, 20750: 686, 20751: 1399, 20752: 1502, 20754: 44206, 20757: 1161, 20758: 1012, 20759: 62344, 20761: 1482, 20762: 75453, 20763: 63099, 20764: 1084, 20765: 63099, 20766: 63099, 20768: 184, 20769: 395, 20770: 77145, 20773: 70500, 20774: 1154, 20775: 69990, 20777: 1391, 20778: 70500, 20779: 1399, 20781: 1457, 20782: 49332, 20784: 57290, 20785: 2048, 20786: 70500, 20789: 1347, 20790: 58543, 20791: 70342, 20792: 46793, 20793: 146, 20794: 49332, 20795: 59008, 20796: 1188, 20797: 75421, 20798: 13699, 20799: 70373, 20800: 1482, 20802: 69242, 20803: 85710, 20804: 57309, 20805: 69242, 20806: 1391, 20807: 72051, 20808: 82067, 20809: 1291, 20810: 63099, 20811: 57070, 20813: 48266, 20814: 1482, 20815: 85687, 20816: 57455, 20817: 85687, 20818: 1391, 20819: 1502, 20820: 1167, 20821: 1116, 20822: 85687, 20823: 46494, 20824: 57417, 20825: 75453, 20826: 75379, 20827: 46494, 20828: 184, 20829: 67720, 20831: 57290, 20832: 57639, 20833: 1291, 20834: 728, 20835: 1502, 20836: 1583, 20837: 57070, 20838: 57070, 20840: 2048, 20841: 1412, 20842: 1357, 20843: 226, 20844: 57455, 20845: 65877, 20846: 1300, 20850: 65877, 20852: 90927, 20853: 51797, 20854: 72051, 20856: 46793, 20858: 48266, 20859: 82070, 20860: 63882, 20861: 63882, 20862: 82070, 20863: 82070, 20864: 395, 20872: 953, 20873: 395, 20874: 0, 20875: 91053, 20876: 683, 20877: 83288, 20881: 75379, 20883: 75453, 20884: 57972, 20885: 59008, 20886: 64727, 20887: 1540, 20888: 82070, 20889: 683, 20890: 64727, 20891: 1391, 20892: 82070, 20894: 85669, 20895: 64790, 20897: 1540, 20900: 1457, 20901: 75379, 20902: 72039, 20904: 184, 20905: 44206, 20906: 57309, 20907: 64790, 20909: 0, 20910: 67720, 20911: 69990, 20913: 522, 20916: 1457, 20917: 82070, 20918: 73383, 20919: 72039, 20921: 72051, 20922: 84328, 20923: 68173, 20925: 1294, 20926: 1188, 20928: 48266, 20929: 51797, 20930: 61726, 20931: 51797, 20932: 59008, 20933: 72051, 20934: 63099, 20935: 84328, 20936: 57639, 20937: 54448, 20938: 63099, 20939: 1107, 20940: 1347, 20941: 63882, 20942: 63756, 20943: 728, 20944: 1391, 20948: 57972, 20949: 64727, 20950: 72039, 20951: 1223, 20953: 59008, 20954: 1585, 20955: 1116, 20956: 1399, 20958: 65161, 20959: 57972, 20960: 146, 20961: 1502, 20962: 1223, 20963: 69995, 20964: 83288, 20965: 57639, 20966: 63099, 20967: 1054, 20968: 64727, 20969: 91053, 20970: 83288, 20971: 1193, 20973: 1054, 20974: 146, 20975: 1188, 20977: 78631, 20978: 57972, 20979: 64790, 20980: 64727, 20981: 67720, 20982: 83288, 20983: 1502, 20985: 87001, 20986: 91053, 20987: 59008, 20988: 85710, 20990: 63756, 20992: 64790, 20993: 87001, 20995: 1012, 20997: 83288, 20998: 82070, 20999: 83288, 21000: 63882, 21001: 1188, 21002: 1167, 21003: 57972, 21005: 72039, 21006: 57417, 21007: 54448, 21008: 953, 21009: 57972, 21011: 72039, 21012: 63882, 21013: 2048, 21014: 87001, 21015: 184, 21016: 65941, 21017: 58543, 21018: 85700, 21019: 75453, 21020: 1617, 21021: 63756, 21022: 2048, 21023: 1167, 21028: 86055, 21030: 85700, 21032: 1543, 21033: 146, 21034: 1167, 21035: 54448, 21036: 449, 21037: 1154, 21038: 85710, 21039: 226, 21041: 52945, 21043: 57417, 21045: 57639, 21047: 86055, 21050: 1182, 21053: 1294, 21055: 1585, 21056: 57381, 21057: 1107, 21058: 58096, 21059: 395, 21060: 1107, 21061: 72051, 21062: 683, 21063: 449, 21064: 1107, 21065: 44206, 21066: 57381, 21067: 1014, 21068: 72051, 21069: 72051, 21070: 57290, 21072: 57381, 21073: 849, 21074: 35259, 21075: 48922, 21077: 1540, 21084: 82080, 21085: 56939, 21086: 90942, 21087: 56939, 21091: 190, 21092: 1399, 21093: 2048, 21096: 2114, 21097: 2114, 21098: 51797, 21099: 87984, 21100: 74355, 21101: 80140, 21102: 56939, 21103: 1116, 21104: 1193, 21105: 88653, 21106: 74355, 21107: 61726, 21108: 53429, 21109: 2114, 21110: 89226, 21112: 75453, 21113: 2346, 21115: 89226, 21116: 53429, 21117: 74355, 21118: 35259, 21119: 74355, 21120: 2076, 21121: 88653, 21123: 80140, 21124: 88653, 21125: 2114, 21126: 2114, 21127: 74355, 21128: 53429, 21129: 57649, 21130: 74355, 21132: 53429, 21133: 90998, 21134: 53429, 21135: 89226, 21136: 2114, 21138: 57649, 21139: 88653, 21140: 74355, 21141: 56939, 21142: 89226, 21143: 53429, 21144: 2114, 21145: 2346, 21146: 89226, 21147: 88653, 21148: 53429, 21149: 86213, 21150: 80140, 21151: 87984, 21153: 80140, 21154: 146, 21155: 86213, 21156: 56939, 21157: 1188, 21159: 2076, 21163: 1223, 21164: 2076, 21165: 90998, 21166: 2346, 21167: 56939, 21168: 88653, 21170: 80140, 21171: 2076, 21172: 87984, 21173: 2076, 21174: 90998, 21175: 57417, 21176: 57649, 21177: 86157, 21178: 86213, 21179: 80140, 21180: 2346, 21181: 86213, 21182: 86157, 21184: 86157, 21185: 80140, 21186: 86213, 21187: 0, 21188: 0, 21189: 0, 21190: 91053, 21191: 184, 21192: 65941, 21193: 146, 21194: 0, 21195: 1300, 21196: 58096, 21197: 53429, 21198: 2114, 21199: 2076, 21203: 86213, 21205: 2346, 21206: 90998, 21208: 87984, 21209: 89226, 21223: 743, 21226: 683, 21227: 449, 21228: 57290, 21229: 519, 21230: 57290, 21231: 1107, 21232: 57381, 21233: 82080, 21234: 82080, 21235: 522, 21236: 82080, 21237: 57290, 21238: 71117, 21239: 0, 21240: 805, 21241: 46494, 21244: 1173, 21249: 80479, 21262: 1391, 21265: 75421, 21271: 75453, 21279: 91053, 21280: 57639, 21288: 1188, 21290: 65941, 21298: 52945, 21303: 57455, 21304: 226, 21305: 88486, 21306: 1457, 21307: 226, 21308: 765, 21311: 46494, 21312: 63756, 21313: 35259, 21314: 88486, 21315: 64790, 21316: 63756, 21317: 1113, 21318: 64790, 21319: 1347, 21322: 82080, 21324: 395, 21325: 78626, 21326: 13828, 21327: 395, 21328: 13828, 21329: 550, 21331: 65877, 21333: 51797, 21334: 57455, 21335: 1113, 21336: 85669, 21338: 226, 21339: 71117, 21340: 1457, 21341: 1294, 21344: 51797, 21345: 0, 21346: 70500, 21348: 1193, 21349: 0, 21351: 72051, 21354: 13828, 21356: 57309, 21357: 64727, 21358: 226, 21363: 1412, 21366: 51797, 21369: 1347, 21370: 1357, 21378: 1014, 21384: 46494, 21398: 550, 21445: 53429, 21446: 57070, 21447: 1399, 21448: 69990, 21450: 78645, 21454: 48922, 21455: 1014, 21460: 1482, 21462: 1585, 21463: 75453, 21465: 0, 21468: 1391, 21470: 226, 21474: 686, 21475: 1012, 21477: 91896, 21478: 61726, 21479: 1107, 21480: 519, 21481: 1161, 21482: 1161, 21483: 70373, 21484: 69995, 21487: 51797, 21488: 65161, 21489: 91053, 21490: 1259, 21491: 1113, 21492: 1161, 21493: 50453, 21494: 342}",0.0,filho
640310.5172736666,Cruzamento,1733628353.769131,36,"{20331: 1294, 20332: 70342, 20333: 1482, 20334: 82085, 20335: 1294, 20336: 57257, 20337: 65341, 20338: 1182, 20339: 1084, 20340: 57309, 20341: 765, 20342: 2048, 20343: 69242, 20344: 849, 20345: 57257, 20346: 1412, 20347: 63099, 20348: 1084, 20349: 75453, 20350: 63099, 20351: 75453, 20352: 69242, 20353: 70342, 20354: 849, 20355: 1489, 20356: 1489, 20357: 849, 20358: 70342, 20359: 57257, 20360: 2048, 20361: 58096, 20362: 1412, 20363: 1489, 20364: 184, 20365: 1617, 20366: 70171, 20367: 57309, 20368: 90927, 20369: 1617, 20370: 48266, 20371: 70373, 20372: 49332, 20373: 1291, 20378: 1182, 20379: 69990, 20380: 70342, 20381: 57070, 20383: 1583, 20384: 686, 20385: 75421, 20386: 68182, 20387: 75421, 20388: 13699, 20389: 68182, 20392: 1291, 20393: 63099, 20394: 75453, 20395: 48266, 20396: 1543, 20397: 849, 20398: 75421, 20399: 70342, 20400: 58096, 20401: 57455, 20402: 1489, 20403: 1084, 20404: 57455, 20405: 1288, 20406: 519, 20407: 743, 20408: 71117, 20409: 1288, 20410: 57381, 20411: 449, 20412: 226, 20413: 58096, 20414: 1014, 20415: 46494, 20416: 805, 20417: 57290, 20418: 683, 20419: 1617, 20421: 65341, 20422: 82085, 20423: 1585, 20427: 68173, 20428: 78645, 20429: 48922, 20432: 44206, 20433: 1502, 20434: 57290, 20436: 182, 20437: 1188, 20438: 1502, 20439: 57381, 20440: 73383, 20441: 70342, 20442: 57381, 20443: 13828, 20444: 71117, 20445: 683, 20446: 1502, 20447: 71117, 20449: 50588, 20450: 913, 20451: 80479, 20452: 80479, 20453: 35245, 20454: 69995, 20455: 52945, 20456: 70342, 20457: 46793, 20458: 1012, 20459: 51797, 20460: 63756, 20461: 35245, 20462: 64790, 20463: 57257, 20465: 57070, 20466: 63756, 20467: 849, 20468: 743, 20469: 67720, 20471: 1014, 20472: 13828, 20473: 1188, 20475: 67720, 20476: 1259, 20481: 71117, 20482: 35245, 20484: 85646, 20485: 46793, 20486: 913, 20487: 743, 20488: 44206, 20489: 683, 20490: 519, 20491: 78645, 20492: 57381, 20493: 82080, 20494: 91896, 20495: 1585, 20496: 58096, 20497: 54448, 20499: 1054, 20501: 1347, 20503: 35259, 20504: 57070, 20505: 83288, 20506: 1012, 20507: 46494, 20508: 69995, 20509: 1012, 20510: 52945, 20511: 64727, 20512: 54448, 20513: 1291, 20514: 146, 20515: 52945, 20517: 35245, 20518: 226, 20519: 75379, 20520: 69995, 20521: 50588, 20522: 52945, 20523: 1543, 20524: 449, 20525: 728, 20527: 1617, 20528: 44206, 20530: 72051, 20531: 13828, 20532: 1259, 20533: 69990, 20534: 46793, 20535: 75958, 20536: 68173, 20537: 1617, 20538: 690, 20539: 69990, 20540: 1617, 20541: 71117, 20542: 1288, 20543: 449, 20544: 1014, 20545: 1585, 20546: 91896, 20547: 57070, 20549: 80479, 20550: 63270, 20552: 46494, 20553: 71117, 20554: 1288, 20555: 61726, 20556: 78631, 20557: 1391, 20558: 1502, 20559: 1399, 20560: 686, 20561: 46494, 20563: 65877, 20564: 1167, 20565: 85710, 20567: 69990, 20569: 51797, 20570: 743, 20571: 68173, 20572: 1347, 20573: 690, 20574: 67720, 20575: 449, 20576: 728, 20577: 48922, 20578: 1014, 20579: 1347, 20580: 35259, 20581: 75958, 20582: 48922, 20583: 743, 20584: 1347, 20585: 1543, 20587: 1161, 20588: 1012, 20589: 65161, 20590: 395, 20591: 449, 20592: 1188, 20593: 57290, 20594: 690, 20595: 522, 20596: 73383, 20597: 805, 20599: 1012, 20600: 63270, 20601: 63270, 20602: 35245, 20605: 226, 20606: 1161, 20607: 52945, 20608: 58096, 20609: 1173, 20610: 1084, 20611: 65877, 20612: 75453, 20613: 1457, 20614: 57309, 20615: 69995, 20616: 849, 20617: 1167, 20618: 1540, 20619: 765, 20620: 1457, 20621: 1167, 20622: 686, 20624: 1457, 20625: 65877, 20626: 686, 20628: 686, 20630: 66626, 20631: 519, 20633: 1107, 20634: 72051, 20635: 1084, 20636: 913, 20637: 1391, 20638: 146, 20639: 85669, 20640: 57639, 20641: 52945, 20642: 1391, 20643: 1193, 20645: 1391, 20646: 953, 20647: 686, 20648: 58096, 20650: 58096, 20651: 62344, 20652: 686, 20653: 1193, 20654: 85669, 20655: 1412, 20656: 70342, 20659: 1173, 20661: 75379, 20662: 75453, 20663: 913, 20669: 69985, 20670: 35259, 20671: 57639, 20672: 65877, 20673: 73235, 20675: 61726, 20676: 75453, 20677: 1540, 20678: 78631, 20680: 1543, 20681: 728, 20684: 743, 20688: 82080, 20689: 1161, 20690: 66626, 20692: 57257, 20693: 58543, 20694: 913, 20695: 1489, 20696: 1161, 20697: 184, 20698: 62344, 20699: 50588, 20700: 1173, 20701: 63756, 20702: 1182, 20703: 54448, 20704: 63756, 20705: 64727, 20706: 69242, 20707: 63756, 20708: 1054, 20709: 1161, 20710: 1161, 20711: 68173, 20712: 0, 20713: 75421, 20714: 52945, 20715: 73383, 20716: 70342, 20717: 58543, 20719: 52945, 20720: 46793, 20721: 1012, 20722: 46494, 20723: 184, 20724: 46793, 20725: 78631, 20726: 80479, 20727: 1347, 20729: 1412, 20730: 57972, 20731: 1014, 20732: 83288, 20734: 57455, 20735: 62344, 20736: 73383, 20737: 59008, 20739: 75379, 20740: 1543, 20741: 85710, 20742: 75379, 20743: 686, 20744: 395, 20746: 1457, 20747: 49332, 20748: 1357, 20749: 63756, 20750: 1012, 20751: 85710, 20752: 46494, 20754: 1259, 20757: 1012, 20758: 35245, 20759: 58096, 20761: 63099, 20762: 75453, 20763: 1084, 20764: 1617, 20765: 1482, 20766: 75453, 20768: 0, 20769: 449, 20770: 77145, 20773: 63270, 20774: 1300, 20775: 57070, 20777: 57070, 20778: 146, 20779: 1347, 20781: 1543, 20782: 1223, 20784: 146, 20785: 146, 20786: 1154, 20789: 690, 20790: 58543, 20791: 1583, 20792: 49332, 20793: 728, 20794: 48266, 20795: 44206, 20796: 78631, 20797: 69242, 20798: 75421, 20799: 2048, 20800: 13699, 20802: 13828, 20803: 1288, 20804: 1154, 20805: 13699, 20806: 1391, 20807: 522, 20808: 85687, 20809: 1347, 20810: 46793, 20811: 70342, 20813: 70373, 20814: 2048, 20815: 85687, 20816: 184, 20817: 85687, 20818: 1347, 20819: 1502, 20820: 62344, 20821: 62344, 20822: 849, 20823: 805, 20824: 57309, 20825: 78631, 20826: 184, 20827: 69990, 20828: 70500, 20829: 1347, 20831: 57290, 20832: 1182, 20833: 1294, 20834: 72051, 20835: 1399, 20836: 58096, 20837: 70373, 20838: 1502, 20840: 49332, 20841: 1182, 20842: 58096, 20843: 1223, 20844: 82085, 20845: 85669, 20846: 1300, 20850: 72039, 20852: 1391, 20853: 1167, 20854: 82080, 20856: 46793, 20858: 70373, 20859: 82070, 20860: 82070, 20861: 63882, 20862: 63882, 20863: 82070, 20864: 395, 20872: 953, 20873: 35245, 20874: 0, 20875: 91053, 20876: 13828, 20877: 57972, 20881: 57417, 20883: 57639, 20884: 83288, 20885: 57417, 20886: 78631, 20887: 71117, 20888: 63882, 20889: 57381, 20890: 59008, 20891: 70500, 20892: 82070, 20894: 69990, 20895: 63270, 20897: 226, 20900: 953, 20901: 1223, 20902: 72039, 20904: 1300, 20905: 44206, 20906: 75453, 20907: 65941, 20909: 65877, 20910: 70342, 20911: 69995, 20913: 73383, 20916: 57309, 20917: 63882, 20918: 57290, 20919: 87001, 20921: 72051, 20922: 84328, 20923: 690, 20925: 1294, 20926: 65941, 20928: 72051, 20929: 85710, 20930: 61726, 20931: 64790, 20932: 69995, 20933: 805, 20934: 63099, 20935: 63882, 20936: 58543, 20937: 146, 20938: 1193, 20939: 35259, 20940: 72051, 20941: 82070, 20942: 67720, 20943: 48922, 20944: 64790, 20948: 63882, 20949: 57639, 20950: 72039, 20951: 64790, 20953: 63099, 20954: 48922, 20955: 1457, 20956: 63099, 20958: 1188, 20959: 87001, 20960: 64790, 20961: 1054, 20962: 51797, 20963: 1193, 20964: 83288, 20965: 57639, 20966: 1399, 20967: 85710, 20968: 59008, 20969: 70500, 20970: 65877, 20971: 52945, 20973: 1116, 20974: 57639, 20975: 63270, 20977: 57070, 20978: 57972, 20979: 1288, 20980: 64727, 20981: 57309, 20982: 72039, 20983: 1502, 20985: 65877, 20986: 1399, 20987: 1399, 20988: 1502, 20990: 1116, 20992: 70500, 20993: 72039, 20995: 63756, 20997: 87001, 20998: 63882, 20999: 87001, 21000: 82070, 21001: 48266, 21002: 1357, 21003: 83288, 21005: 65877, 21006: 57290, 21007: 1288, 21008: 686, 21009: 63882, 21011: 84328, 21012: 87001, 21013: 57417, 21014: 57972, 21015: 85700, 21016: 64790, 21017: 70500, 21018: 35245, 21019: 91053, 21020: 1347, 21021: 44206, 21022: 52945, 21023: 63270, 21028: 85700, 21030: 86055, 21032: 57417, 21033: 85710, 21034: 2048, 21035: 226, 21036: 67720, 21037: 68650, 21038: 395, 21039: 67720, 21041: 1193, 21043: 75379, 21045: 1300, 21047: 52945, 21050: 83288, 21053: 1294, 21055: 82080, 21056: 57381, 21057: 0, 21058: 1161, 21059: 395, 21060: 395, 21061: 78645, 21062: 78645, 21063: 1543, 21064: 46494, 21065: 68173, 21066: 44206, 21067: 1259, 21068: 46494, 21069: 48922, 21070: 1107, 21072: 69990, 21073: 1167, 21074: 67720, 21075: 78645, 21077: 1540, 21084: 1617, 21085: 87984, 21086: 80140, 21087: 90998, 21091: 1357, 21092: 1457, 21093: 85646, 21096: 57649, 21097: 57649, 21098: 63099, 21099: 2114, 21100: 74355, 21101: 2114, 21102: 56939, 21103: 1107, 21104: 91053, 21105: 2076, 21106: 57649, 21107: 57972, 21108: 74355, 21109: 53429, 21110: 80140, 21112: 1540, 21113: 57649, 21115: 89226, 21116: 57649, 21117: 74355, 21118: 58096, 21119: 80140, 21120: 80140, 21121: 56939, 21123: 56939, 21124: 2076, 21125: 53429, 21126: 53429, 21127: 88653, 21128: 74355, 21129: 2114, 21130: 74355, 21132: 57649, 21133: 90998, 21134: 57649, 21135: 80140, 21136: 57649, 21138: 53429, 21139: 89226, 21140: 57649, 21141: 87984, 21142: 80140, 21143: 74355, 21144: 2114, 21145: 2346, 21146: 89226, 21147: 2076, 21148: 53429, 21149: 56939, 21150: 86157, 21151: 2076, 21153: 74355, 21154: 146, 21155: 86213, 21156: 86157, 21157: 1188, 21159: 89226, 21163: 1288, 21164: 86157, 21165: 87984, 21166: 86213, 21167: 87984, 21168: 87984, 21170: 2346, 21171: 56939, 21172: 56939, 21173: 86213, 21174: 2076, 21175: 1188, 21176: 86213, 21177: 56939, 21178: 57649, 21179: 86213, 21180: 90998, 21181: 2114, 21182: 0, 21184: 86157, 21185: 0, 21186: 2076, 21187: 0, 21188: 1223, 21189: 0, 21190: 1457, 21191: 184, 21192: 65941, 21193: 1193, 21194: 0, 21195: 57290, 21196: 849, 21197: 53429, 21198: 74355, 21199: 2076, 21203: 86213, 21205: 2346, 21206: 90998, 21208: 87984, 21209: 89226, 21223: 743, 21226: 683, 21227: 449, 21228: 57290, 21229: 519, 21230: 57290, 21231: 1107, 21232: 57381, 21233: 82080, 21234: 82080, 21235: 522, 21236: 82080, 21237: 57290, 21238: 71117, 21239: 0, 21240: 805, 21241: 46494, 21244: 1173, 21249: 80479, 21262: 1391, 21265: 75421, 21271: 75453, 21279: 91053, 21280: 57639, 21288: 1188, 21290: 65941, 21298: 52945, 21303: 57455, 21304: 226, 21305: 88486, 21306: 1457, 21307: 226, 21308: 765, 21311: 46494, 21312: 63756, 21313: 35259, 21314: 88486, 21315: 64790, 21316: 63756, 21317: 1113, 21318: 64790, 21319: 1347, 21322: 82080, 21324: 395, 21325: 78626, 21326: 13828, 21327: 395, 21328: 13828, 21329: 550, 21331: 65877, 21333: 51797, 21334: 57455, 21335: 1113, 21336: 85669, 21338: 226, 21339: 71117, 21340: 1457, 21341: 1294, 21344: 51797, 21345: 0, 21346: 70500, 21348: 1193, 21349: 0, 21351: 72051, 21354: 13828, 21356: 57309, 21357: 64727, 21358: 226, 21363: 1412, 21366: 51797, 21369: 1347, 21370: 1357, 21378: 1014, 21384: 46494, 21398: 550, 21445: 53429, 21446: 57070, 21447: 1399, 21448: 69990, 21450: 78645, 21454: 48922, 21455: 1014, 21460: 1482, 21462: 1585, 21463: 75453, 21465: 0, 21468: 1391, 21470: 226, 21474: 686, 21475: 1012, 21477: 91896, 21478: 61726, 21479: 1107, 21480: 519, 21481: 1161, 21482: 1161, 21483: 70373, 21484: 69995, 21487: 51797, 21488: 65161, 21489: 91053, 21490: 1259, 21491: 1113, 21492: 1161, 21493: 50453, 21494: 342}",0.0,filho
642834.8507409989,Cruzamento,1733628353.769131,36,"{20331: 46793, 20332: 48266, 20333: 75421, 20334: 69990, 20335: 46793, 20336: 75421, 20337: 57070, 20338: 1084, 20339: 1482, 20340: 1182, 20341: 1489, 20342: 2048, 20343: 58096, 20344: 1489, 20345: 70373, 20346: 68182, 20347: 48266, 20348: 1182, 20349: 1347, 20350: 70373, 20351: 58096, 20352: 57257, 20353: 63099, 20354: 57257, 20355: 51797, 20356: 765, 20357: 70342, 20358: 57455, 20359: 69990, 20360: 849, 20361: 1583, 20362: 58096, 20363: 1347, 20364: 1294, 20365: 65341, 20366: 1391, 20367: 75453, 20368: 82085, 20369: 90927, 20370: 48266, 20371: 70373, 20372: 70342, 20373: 1583, 20378: 2048, 20379: 1182, 20380: 69242, 20381: 849, 20383: 1482, 20384: 63099, 20385: 63099, 20386: 1412, 20387: 1583, 20388: 63099, 20389: 1482, 20392: 46793, 20393: 70342, 20394: 69990, 20395: 1291, 20396: 728, 20397: 57455, 20398: 49332, 20399: 44206, 20400: 57257, 20401: 849, 20402: 46793, 20403: 57257, 20404: 1502, 20405: 1107, 20406: 57381, 20407: 1502, 20408: 743, 20409: 743, 20410: 1347, 20411: 395, 20412: 1585, 20413: 1489, 20414: 449, 20415: 1188, 20416: 67720, 20417: 519, 20418: 46494, 20419: 71117, 20421: 1347, 20422: 1617, 20423: 1585, 20427: 72051, 20428: 48922, 20429: 44206, 20432: 683, 20433: 1502, 20434: 690, 20436: 1259, 20437: 57381, 20438: 48922, 20439: 683, 20440: 69985, 20441: 690, 20442: 69242, 20443: 46494, 20444: 522, 20445: 522, 20446: 69242, 20447: 69242, 20449: 69995, 20450: 57455, 20451: 1012, 20452: 54448, 20453: 1585, 20454: 50588, 20455: 52945, 20456: 50588, 20457: 63756, 20458: 65161, 20459: 1585, 20460: 1161, 20461: 80479, 20462: 57290, 20463: 1412, 20465: 69990, 20466: 1012, 20467: 57257, 20468: 67720, 20469: 743, 20471: 1014, 20472: 71117, 20473: 1107, 20475: 805, 20476: 690, 20481: 1107, 20482: 35245, 20484: 75379, 20485: 69995, 20486: 54448, 20487: 1502, 20488: 1188, 20489: 728, 20490: 71117, 20491: 57381, 20492: 44206, 20493: 1014, 20494: 91896, 20495: 72051, 20496: 849, 20497: 69995, 20499: 88486, 20501: 71117, 20503: 1357, 20504: 765, 20505: 1167, 20506: 1294, 20507: 65877, 20508: 54448, 20509: 46793, 20510: 52945, 20511: 75379, 20512: 52945, 20513: 1291, 20514: 69995, 20515: 70342, 20517: 63270, 20518: 913, 20519: 1012, 20520: 54448, 20521: 63270, 20522: 913, 20523: 519, 20524: 70342, 20525: 1259, 20527: 68173, 20528: 57381, 20530: 91896, 20531: 182, 20532: 71117, 20533: 75421, 20534: 35245, 20535: 71117, 20536: 44206, 20537: 75958, 20538: 35259, 20539: 70342, 20540: 67720, 20541: 1014, 20542: 48922, 20543: 59008, 20544: 1014, 20545: 449, 20546: 1585, 20547: 69995, 20549: 913, 20550: 1161, 20552: 1502, 20553: 728, 20554: 1188, 20555: 85710, 20556: 1182, 20557: 849, 20558: 1399, 20559: 1391, 20560: 1116, 20561: 57070, 20563: 78631, 20564: 44206, 20565: 1167, 20567: 1457, 20569: 63756, 20570: 59008, 20571: 743, 20572: 68173, 20573: 728, 20574: 70342, 20575: 1347, 20576: 44206, 20577: 690, 20578: 91896, 20579: 75958, 20580: 449, 20581: 69990, 20582: 35259, 20583: 69985, 20584: 91896, 20585: 75379, 20587: 63756, 20588: 85646, 20589: 913, 20590: 46494, 20591: 1259, 20592: 57290, 20593: 69985, 20594: 70342, 20595: 1502, 20596: 67720, 20597: 69985, 20599: 1585, 20600: 75379, 20601: 1161, 20602: 226, 20605: 35245, 20606: 64727, 20607: 1585, 20608: 1223, 20609: 64727, 20610: 1482, 20611: 65877, 20612: 69995, 20613: 1457, 20614: 69995, 20615: 686, 20616: 69990, 20617: 1540, 20618: 1116, 20619: 85710, 20620: 1107, 20621: 1107, 20622: 75453, 20624: 75453, 20625: 686, 20626: 953, 20628: 953, 20630: 66626, 20631: 1543, 20633: 46494, 20634: 690, 20635: 68182, 20636: 54448, 20637: 75421, 20638: 1288, 20639: 1391, 20640: 85669, 20641: 57639, 20642: 1193, 20643: 62344, 20645: 52945, 20646: 52945, 20647: 1193, 20648: 58096, 20650: 953, 20651: 85669, 20652: 1391, 20653: 57639, 20654: 686, 20655: 1583, 20656: 184, 20659: 1585, 20661: 69995, 20662: 70373, 20663: 913, 20669: 522, 20670: 78631, 20671: 57639, 20672: 35259, 20673: 57972, 20675: 61726, 20676: 57972, 20677: 73235, 20678: 62344, 20680: 68173, 20681: 449, 20684: 1347, 20688: 1617, 20689: 69995, 20690: 52945, 20692: 57257, 20693: 85669, 20694: 66626, 20695: 1489, 20696: 1173, 20697: 1182, 20698: 58543, 20699: 63756, 20700: 50588, 20701: 913, 20702: 1167, 20703: 54448, 20704: 66626, 20705: 75379, 20706: 1182, 20707: 70342, 20708: 46494, 20709: 1161, 20710: 1161, 20711: 1543, 20712: 0, 20713: 75421, 20714: 52945, 20715: 690, 20716: 70342, 20717: 57639, 20719: 1585, 20720: 75453, 20721: 913, 20722: 805, 20723: 51797, 20724: 80479, 20725: 85669, 20726: 46793, 20727: 78631, 20729: 1617, 20730: 88486, 20731: 48922, 20732: 1054, 20734: 1288, 20735: 57309, 20736: 1014, 20737: 73383, 20739: 35259, 20740: 57455, 20741: 686, 20742: 1167, 20743: 1116, 20744: 68650, 20746: 69990, 20747: 91053, 20748: 58096, 20749: 69990, 20750: 686, 20751: 1399, 20752: 1502, 20754: 44206, 20757: 1161, 20758: 1012, 20759: 62344, 20761: 1482, 20762: 75453, 20763: 63099, 20764: 1084, 20765: 63099, 20766: 63099, 20768: 184, 20769: 395, 20770: 77145, 20773: 70500, 20774: 1154, 20775: 69990, 20777: 1391, 20778: 70500, 20779: 1399, 20781: 1457, 20782: 49332, 20784: 57290, 20785: 2048, 20786: 70500, 20789: 1347, 20790: 58543, 20791: 70342, 20792: 46793, 20793: 146, 20794: 49332, 20795: 59008, 20796: 1188, 20797: 75421, 20798: 13699, 20799: 70373, 20800: 1482, 20802: 69242, 20803: 85710, 20804: 57309, 20805: 69242, 20806: 1391, 20807: 72051, 20808: 82067, 20809: 1291, 20810: 63099, 20811: 57070, 20813: 48266, 20814: 1482, 20815: 85687, 20816: 57455, 20817: 85687, 20818: 1391, 20819: 1502, 20820: 1167, 20821: 1116, 20822: 85687, 20823: 46494, 20824: 57417, 20825: 75453, 20826: 75379, 20827: 46494, 20828: 184, 20829: 67720, 20831: 57290, 20832: 57639, 20833: 1291, 20834: 728, 20835: 1502, 20836: 1583, 20837: 57070, 20838: 57070, 20840: 2048, 20841: 1412, 20842: 1357, 20843: 226, 20844: 57455, 20845: 65877, 20846: 1300, 20850: 65877, 20852: 90927, 20853: 51797, 20854: 72051, 20856: 46793, 20858: 48266, 20859: 82070, 20860: 63882, 20861: 63882, 20862: 82070, 20863: 82070, 20864: 395, 20872: 953, 20873: 395, 20874: 0, 20875: 91053, 20876: 683, 20877: 83288, 20881: 75379, 20883: 75453, 20884: 57972, 20885: 59008, 20886: 64727, 20887: 1540, 20888: 82070, 20889: 683, 20890: 64727, 20891: 1391, 20892: 82070, 20894: 85669, 20895: 64790, 20897: 1540, 20900: 1457, 20901: 75379, 20902: 72039, 20904: 63099, 20905: 522, 20906: 765, 20907: 1188, 20909: 65877, 20910: 182, 20911: 849, 20913: 72051, 20916: 85669, 20917: 87001, 20918: 73383, 20919: 63882, 20921: 58543, 20922: 82070, 20923: 690, 20925: 1294, 20926: 85700, 20928: 1300, 20929: 51797, 20930: 61726, 20931: 51797, 20932: 1288, 20933: 57290, 20934: 63099, 20935: 82070, 20936: 91053, 20937: 1399, 20938: 1193, 20939: 1502, 20940: 1223, 20941: 72039, 20942: 1399, 20943: 69985, 20944: 1193, 20948: 83288, 20949: 1193, 20950: 87001, 20951: 1300, 20953: 64727, 20954: 68173, 20955: 1457, 20956: 57639, 20958: 57639, 20959: 65877, 20960: 54448, 20961: 1012, 20962: 1300, 20963: 69995, 20964: 72039, 20965: 91053, 20966: 64790, 20967: 1054, 20968: 44206, 20969: 85700, 20970: 57972, 20971: 63756, 20973: 85710, 20974: 59008, 20975: 1154, 20977: 85710, 20978: 63756, 20979: 0, 20980: 63756, 20981: 49332, 20982: 72039, 20983: 1054, 20985: 72039, 20986: 728, 20987: 64790, 20988: 1054, 20990: 85710, 20992: 68650, 20993: 72039, 20995: 1012, 20997: 83288, 20998: 82070, 20999: 87001, 21000: 63882, 21001: 70500, 21002: 57639, 21003: 57972, 21005: 83288, 21006: 72051, 21007: 2048, 21008: 69995, 21009: 65877, 21011: 72039, 21012: 87001, 21013: 57290, 21014: 65877, 21015: 91053, 21016: 72051, 21017: 64790, 21018: 1193, 21019: 184, 21020: 69985, 21021: 1543, 21022: 75379, 21023: 63270, 21028: 86055, 21030: 85700, 21032: 52945, 21033: 35245, 21034: 1154, 21035: 58543, 21036: 35259, 21037: 1223, 21038: 728, 21039: 63270, 21041: 85700, 21043: 67720, 21045: 1188, 21047: 86055, 21050: 83288, 21053: 1294, 21055: 82080, 21056: 1585, 21057: 1107, 21058: 1107, 21059: 395, 21060: 1107, 21061: 46494, 21062: 1502, 21063: 1014, 21064: 57381, 21065: 1543, 21066: 1188, 21067: 683, 21068: 73383, 21069: 46494, 21070: 69990, 21072: 1107, 21073: 1182, 21074: 67720, 21075: 78645, 21077: 1540, 21084: 1617, 21085: 2114, 21086: 89226, 21087: 87984, 21091: 1012, 21092: 78631, 21093: 63270, 21096: 2114, 21097: 53429, 21098: 65941, 21099: 2114, 21100: 2076, 21101: 57649, 21102: 80140, 21103: 1457, 21104: 51797, 21105: 88653, 21106: 2346, 21107: 62344, 21108: 2346, 21109: 2114, 21110: 90942, 21112: 75379, 21113: 88653, 21115: 2346, 21116: 80140, 21117: 57649, 21118: 88486, 21119: 2076, 21120: 2076, 21121: 74355, 21123: 57649, 21124: 2076, 21125: 53429, 21126: 57649, 21127: 74355, 21128: 57649, 21129: 2114, 21130: 74355, 21132: 53429, 21133: 87984, 21134: 57649, 21135: 88653, 21136: 74355, 21138: 53429, 21139: 88653, 21140: 53429, 21141: 80140, 21142: 2346, 21143: 57649, 21144: 2114, 21145: 88653, 21146: 89226, 21147: 53429, 21148: 2114, 21149: 2076, 21150: 86213, 21151: 87984, 21153: 2114, 21154: 44206, 21155: 86157, 21156: 80140, 21157: 1188, 21159: 89226, 21163: 146, 21164: 86157, 21165: 88653, 21166: 88653, 21167: 80140, 21168: 2114, 21170: 88653, 21171: 53429, 21172: 57649, 21173: 56939, 21174: 90998, 21175: 1223, 21176: 56939, 21177: 56939, 21178: 57649, 21179: 86213, 21180: 90998, 21181: 86213, 21182: 86157, 21184: 56939, 21185: 86213, 21186: 86213, 21187: 0, 21188: 0, 21189: 0, 21190: 78631, 21191: 184, 21192: 59008, 21193: 57639, 21194: 0, 21195: 395, 21196: 1489, 21197: 57649, 21198: 74355, 21199: 2076, 21203: 90998, 21205: 74355, 21206: 86213, 21208: 87984, 21209: 89226, 21223: 683, 21226: 683, 21227: 1585, 21228: 68173, 21229: 0, 21230: 69990, 21231: 519, 21232: 57381, 21233: 1259, 21234: 805, 21235: 690, 21236: 71117, 21237: 71117, 21238: 1288, 21239: 805, 21240: 82080, 21241: 395, 21244: 64727, 21249: 0, 21262: 1489, 21265: 68182, 21271: 65161, 21279: 91053, 21280: 57639, 21288: 63756, 21290: 59008, 21298: 72051, 21303: 1457, 21304: 46494, 21305: 1294, 21306: 1167, 21307: 728, 21308: 1294, 21311: 1347, 21312: 88486, 21313: 1054, 21314: 1540, 21315: 1347, 21316: 71117, 21317: 765, 21318: 395, 21319: 1294, 21322: 69985, 21324: 71117, 21325: 550, 21326: 57455, 21327: 519, 21328: 35259, 21329: 805, 21331: 57972, 21333: 51797, 21334: 57455, 21335: 1357, 21336: 765, 21338: 1054, 21339: 1457, 21340: 1294, 21341: 765, 21344: 1288, 21345: 0, 21346: 57309, 21348: 63099, 21349: 0, 21351: 1259, 21354: 78626, 21356: 77145, 21357: 85646, 21358: 35245, 21363: 1347, 21366: 65941, 21369: 88486, 21370: 1054, 21378: 70342, 21384: 1188, 21398: 805, 21445: 2114, 21446: 58096, 21447: 1357, 21448: 35259, 21450: 69990, 21454: 48922, 21455: 1014, 21460: 1482, 21462: 1585, 21463: 75453, 21465: 0, 21468: 1391, 21470: 226, 21474: 686, 21475: 1012, 21477: 91896, 21478: 61726, 21479: 1107, 21480: 519, 21481: 1161, 21482: 1161, 21483: 70373, 21484: 69995, 21487: 51797, 21488: 65161, 21489: 91053, 21490: 1259, 21491: 1113, 21492: 1161, 21493: 50453, 21494: 342}",0.0,filho
641530.1421086667,Cruzamento,1733628356.8825252,37,"{20331: 1294, 20332: 70342, 20333: 1482, 20334: 82085, 20335: 1294, 20336: 57257, 20337: 65341, 20338: 1182, 20339: 1084, 20340: 57309, 20341: 765, 20342: 2048, 20343: 69242, 20344: 849, 20345: 57257, 20346: 1412, 20347: 63099, 20348: 1084, 20349: 75453, 20350: 63099, 20351: 75453, 20352: 69242, 20353: 70342, 20354: 849, 20355: 1489, 20356: 1489, 20357: 849, 20358: 70342, 20359: 57257, 20360: 2048, 20361: 58096, 20362: 1412, 20363: 1489, 20364: 184, 20365: 1617, 20366: 70171, 20367: 57309, 20368: 90927, 20369: 1617, 20370: 48266, 20371: 70373, 20372: 49332, 20373: 1291, 20378: 1182, 20379: 69990, 20380: 70342, 20381: 57070, 20383: 1583, 20384: 686, 20385: 75421, 20386: 68182, 20387: 75421, 20388: 13699, 20389: 68182, 20392: 1291, 20393: 63099, 20394: 75453, 20395: 48266, 20396: 1543, 20397: 849, 20398: 75421, 20399: 70342, 20400: 58096, 20401: 57455, 20402: 1489, 20403: 1084, 20404: 57455, 20405: 1288, 20406: 519, 20407: 743, 20408: 71117, 20409: 1288, 20410: 57381, 20411: 449, 20412: 226, 20413: 58096, 20414: 1014, 20415: 46494, 20416: 805, 20417: 57290, 20418: 683, 20419: 1617, 20421: 65341, 20422: 82085, 20423: 1585, 20427: 68173, 20428: 78645, 20429: 48922, 20432: 44206, 20433: 1502, 20434: 57290, 20436: 182, 20437: 1188, 20438: 1502, 20439: 57381, 20440: 73383, 20441: 70342, 20442: 57381, 20443: 13828, 20444: 71117, 20445: 683, 20446: 1502, 20447: 71117, 20449: 50588, 20450: 913, 20451: 80479, 20452: 80479, 20453: 35245, 20454: 69995, 20455: 70342, 20456: 63270, 20457: 50588, 20458: 63756, 20459: 63270, 20460: 1161, 20461: 75379, 20462: 1154, 20463: 1482, 20465: 2048, 20466: 65161, 20467: 1583, 20468: 1014, 20469: 57381, 20471: 72051, 20472: 1259, 20473: 1107, 20475: 743, 20476: 46494, 20481: 1543, 20482: 70342, 20484: 70342, 20485: 50588, 20486: 913, 20487: 1347, 20488: 1617, 20489: 71117, 20490: 1502, 20491: 82080, 20492: 67720, 20493: 46494, 20494: 522, 20495: 91896, 20496: 686, 20497: 226, 20499: 1457, 20501: 65877, 20503: 85710, 20504: 1167, 20505: 765, 20506: 57309, 20507: 57070, 20508: 1161, 20509: 50588, 20510: 70342, 20511: 85646, 20512: 54448, 20513: 69990, 20514: 35245, 20515: 913, 20517: 35245, 20518: 35245, 20519: 80479, 20520: 1012, 20521: 63756, 20522: 85646, 20523: 1288, 20524: 35259, 20525: 1502, 20527: 1543, 20528: 519, 20530: 67720, 20531: 1188, 20532: 690, 20533: 1084, 20534: 1161, 20535: 67720, 20536: 59008, 20537: 68173, 20538: 68173, 20539: 1585, 20540: 1347, 20541: 69990, 20542: 1617, 20543: 71117, 20544: 69985, 20545: 48922, 20546: 743, 20547: 91053, 20549: 913, 20550: 51797, 20552: 57381, 20553: 1347, 20554: 35259, 20555: 85687, 20556: 83288, 20557: 1116, 20558: 1167, 20559: 46494, 20560: 1457, 20561: 65877, 20563: 65877, 20564: 1391, 20565: 849, 20567: 1161, 20569: 51797, 20570: 728, 20571: 69985, 20572: 728, 20573: 75958, 20574: 44206, 20575: 91896, 20576: 1014, 20577: 1617, 20578: 71117, 20579: 69985, 20580: 743, 20581: 690, 20582: 35259, 20583: 71117, 20584: 1347, 20585: 184, 20587: 65161, 20588: 63270, 20589: 1161, 20590: 68173, 20591: 57455, 20592: 1288, 20593: 46494, 20594: 70342, 20595: 73383, 20596: 743, 20597: 44206, 20599: 51797, 20600: 54448, 20601: 80479, 20602: 226, 20605: 35245, 20606: 66626, 20607: 66626, 20608: 57417, 20609: 69995, 20610: 1084, 20611: 1054, 20612: 85710, 20613: 85669, 20614: 953, 20615: 226, 20616: 71117, 20617: 765, 20618: 1054, 20619: 75453, 20620: 61726, 20621: 765, 20622: 65877, 20624: 69990, 20625: 1116, 20626: 1288, 20628: 1540, 20630: 52945, 20631: 57381, 20633: 743, 20634: 182, 20635: 1084, 20636: 54448, 20637: 686, 20638: 54448, 20639: 85669, 20640: 1193, 20641: 52945, 20642: 57639, 20643: 62344, 20645: 58096, 20646: 953, 20647: 62344, 20648: 1391, 20650: 686, 20651: 57639, 20652: 1391, 20653: 1193, 20654: 58096, 20655: 70373, 20656: 1291, 20659: 66626, 20661: 54448, 20662: 46793, 20663: 54448, 20669: 683, 20670: 35259, 20671: 78631, 20672: 61726, 20673: 57309, 20675: 57972, 20676: 57972, 20677: 73235, 20678: 65877, 20680: 1585, 20681: 805, 20684: 805, 20688: 67720, 20689: 913, 20690: 52945, 20692: 58096, 20693: 85669, 20694: 1161, 20695: 58096, 20696: 70342, 20697: 70373, 20698: 62344, 20699: 75379, 20700: 63756, 20701: 1173, 20702: 85710, 20703: 1173, 20704: 1173, 20705: 50588, 20706: 63099, 20707: 75379, 20708: 1457, 20709: 1161, 20710: 0, 20711: 1259, 20712: 0, 20713: 1489, 20714: 52945, 20715: 46494, 20716: 1012, 20717: 85669, 20719: 75379, 20720: 57257, 20721: 70342, 20722: 57290, 20723: 1291, 20724: 46793, 20725: 1167, 20726: 0, 20727: 1457, 20729: 69990, 20730: 83288, 20731: 57290, 20732: 1054, 20734: 690, 20735: 57309, 20736: 522, 20737: 72051, 20739: 1540, 20740: 1617, 20741: 190, 20742: 1182, 20743: 1502, 20744: 146, 20746: 190, 20747: 58543, 20748: 1502, 20749: 85710, 20750: 1540, 20751: 63756, 20752: 46494, 20754: 71117, 20757: 46793, 20758: 913, 20759: 85669, 20761: 58096, 20762: 75453, 20763: 1482, 20764: 69990, 20765: 70373, 20766: 75453, 20768: 184, 20769: 395, 20770: 77145, 20773: 1188, 20774: 1347, 20775: 69242, 20777: 686, 20778: 57070, 20779: 1399, 20781: 57639, 20782: 78631, 20784: 52945, 20785: 35245, 20786: 2048, 20789: 1014, 20790: 1540, 20791: 1412, 20792: 65341, 20793: 1300, 20794: 70342, 20795: 73383, 20796: 1223, 20797: 1084, 20798: 70373, 20799: 13699, 20800: 2048, 20802: 82080, 20803: 75379, 20804: 395, 20805: 70373, 20806: 52945, 20807: 805, 20808: 82067, 20809: 1291, 20810: 46793, 20811: 49332, 20813: 48266, 20814: 1489, 20815: 82067, 20816: 82085, 20817: 82067, 20818: 85669, 20819: 67720, 20820: 78631, 20821: 1167, 20822: 62344, 20823: 1014, 20824: 57070, 20825: 69990, 20826: 67720, 20827: 190, 20828: 1154, 20829: 44206, 20831: 1391, 20832: 190, 20833: 184, 20834: 58543, 20835: 44206, 20836: 1182, 20837: 0, 20838: 78631, 20840: 57257, 20841: 765, 20842: 190, 20843: 1543, 20844: 82085, 20845: 190, 20846: 1167, 20850: 72039, 20852: 1391, 20853: 85710, 20854: 1014, 20856: 0, 20858: 48266, 20859: 82070, 20860: 63882, 20861: 63882, 20862: 82070, 20863: 82070, 20864: 395, 20872: 953, 20873: 35245, 20874: 184, 20875: 70500, 20876: 59008, 20877: 82070, 20881: 57417, 20883: 75379, 20884: 65877, 20885: 85646, 20886: 78631, 20887: 61726, 20888: 65877, 20889: 805, 20890: 57639, 20891: 64727, 20892: 65877, 20894: 1457, 20895: 1300, 20897: 71117, 20900: 61726, 20901: 75379, 20902: 72039, 20904: 184, 20905: 44206, 20906: 57309, 20907: 64790, 20909: 0, 20910: 67720, 20911: 69990, 20913: 522, 20916: 1457, 20917: 82070, 20918: 73383, 20919: 72039, 20921: 72051, 20922: 84328, 20923: 68173, 20925: 1294, 20926: 1188, 20928: 48266, 20929: 51797, 20930: 61726, 20931: 51797, 20932: 59008, 20933: 72051, 20934: 63099, 20935: 84328, 20936: 57639, 20937: 54448, 20938: 63099, 20939: 1107, 20940: 1347, 20941: 63882, 20942: 63756, 20943: 728, 20944: 1391, 20948: 57972, 20949: 64727, 20950: 72039, 20951: 1223, 20953: 59008, 20954: 1585, 20955: 1116, 20956: 1399, 20958: 65161, 20959: 57972, 20960: 146, 20961: 1502, 20962: 1223, 20963: 69995, 20964: 83288, 20965: 57639, 20966: 63099, 20967: 1054, 20968: 64727, 20969: 91053, 20970: 83288, 20971: 1193, 20973: 1054, 20974: 146, 20975: 1188, 20977: 78631, 20978: 57972, 20979: 64790, 20980: 64727, 20981: 67720, 20982: 83288, 20983: 1502, 20985: 87001, 20986: 91053, 20987: 59008, 20988: 85710, 20990: 63756, 20992: 64790, 20993: 87001, 20995: 1012, 20997: 83288, 20998: 82070, 20999: 83288, 21000: 63882, 21001: 1188, 21002: 1167, 21003: 57972, 21005: 72039, 21006: 57417, 21007: 54448, 21008: 953, 21009: 57972, 21011: 72039, 21012: 63882, 21013: 2048, 21014: 87001, 21015: 184, 21016: 65941, 21017: 58543, 21018: 85700, 21019: 75453, 21020: 1617, 21021: 63756, 21022: 2048, 21023: 1167, 21028: 86055, 21030: 85700, 21032: 1543, 21033: 146, 21034: 1167, 21035: 54448, 21036: 449, 21037: 1154, 21038: 85710, 21039: 226, 21041: 52945, 21043: 57417, 21045: 57639, 21047: 86055, 21050: 1182, 21053: 1294, 21055: 1585, 21056: 57381, 21057: 1107, 21058: 58096, 21059: 395, 21060: 1107, 21061: 72051, 21062: 683, 21063: 449, 21064: 1107, 21065: 44206, 21066: 57381, 21067: 1014, 21068: 72051, 21069: 72051, 21070: 57290, 21072: 57381, 21073: 849, 21074: 35259, 21075: 48922, 21077: 1540, 21084: 82080, 21085: 56939, 21086: 90942, 21087: 56939, 21091: 190, 21092: 1399, 21093: 2048, 21096: 2114, 21097: 2114, 21098: 51797, 21099: 87984, 21100: 74355, 21101: 80140, 21102: 56939, 21103: 1116, 21104: 1193, 21105: 88653, 21106: 74355, 21107: 61726, 21108: 53429, 21109: 2114, 21110: 89226, 21112: 75453, 21113: 2346, 21115: 89226, 21116: 53429, 21117: 74355, 21118: 35259, 21119: 74355, 21120: 2076, 21121: 88653, 21123: 80140, 21124: 88653, 21125: 2114, 21126: 2114, 21127: 74355, 21128: 53429, 21129: 57649, 21130: 74355, 21132: 53429, 21133: 90998, 21134: 53429, 21135: 89226, 21136: 2114, 21138: 57649, 21139: 88653, 21140: 74355, 21141: 56939, 21142: 89226, 21143: 53429, 21144: 2114, 21145: 2346, 21146: 89226, 21147: 88653, 21148: 53429, 21149: 86213, 21150: 80140, 21151: 87984, 21153: 80140, 21154: 146, 21155: 86213, 21156: 56939, 21157: 1188, 21159: 2076, 21163: 1223, 21164: 2076, 21165: 90998, 21166: 2346, 21167: 56939, 21168: 88653, 21170: 80140, 21171: 2076, 21172: 87984, 21173: 2076, 21174: 90998, 21175: 57417, 21176: 57649, 21177: 86157, 21178: 86213, 21179: 80140, 21180: 2346, 21181: 86213, 21182: 86157, 21184: 86157, 21185: 80140, 21186: 86213, 21187: 0, 21188: 0, 21189: 0, 21190: 91053, 21191: 184, 21192: 65941, 21193: 146, 21194: 0, 21195: 1300, 21196: 58096, 21197: 53429, 21198: 2114, 21199: 2076, 21203: 86213, 21205: 2346, 21206: 90998, 21208: 87984, 21209: 89226, 21223: 743, 21226: 683, 21227: 449, 21228: 57290, 21229: 519, 21230: 57290, 21231: 1107, 21232: 57381, 21233: 82080, 21234: 82080, 21235: 522, 21236: 82080, 21237: 57290, 21238: 71117, 21239: 0, 21240: 805, 21241: 46494, 21244: 1173, 21249: 80479, 21262: 1391, 21265: 75421, 21271: 75453, 21279: 91053, 21280: 57639, 21288: 1188, 21290: 65941, 21298: 52945, 21303: 57455, 21304: 226, 21305: 88486, 21306: 1457, 21307: 226, 21308: 765, 21311: 46494, 21312: 63756, 21313: 35259, 21314: 88486, 21315: 64790, 21316: 63756, 21317: 1113, 21318: 64790, 21319: 1347, 21322: 82080, 21324: 395, 21325: 78626, 21326: 13828, 21327: 395, 21328: 13828, 21329: 550, 21331: 65877, 21333: 51797, 21334: 57455, 21335: 1113, 21336: 85669, 21338: 226, 21339: 71117, 21340: 1457, 21341: 1294, 21344: 51797, 21345: 0, 21346: 70500, 21348: 1193, 21349: 0, 21351: 72051, 21354: 13828, 21356: 57309, 21357: 64727, 21358: 226, 21363: 1412, 21366: 51797, 21369: 1347, 21370: 1357, 21378: 1014, 21384: 46494, 21398: 550, 21445: 53429, 21446: 57070, 21447: 1399, 21448: 69990, 21450: 78645, 21454: 48922, 21455: 1014, 21460: 1482, 21462: 1585, 21463: 75453, 21465: 0, 21468: 1391, 21470: 226, 21474: 686, 21475: 1012, 21477: 91896, 21478: 61726, 21479: 1107, 21480: 519, 21481: 1161, 21482: 1161, 21483: 70373, 21484: 69995, 21487: 51797, 21488: 65161, 21489: 91053, 21490: 1259, 21491: 1113, 21492: 1161, 21493: 50453, 21494: 342}",0.0,invalido
643526.1683159994,Cruzamento,1733628356.8825252,37,"{20331: 1182, 20332: 1412, 20333: 1583, 20334: 49332, 20335: 49332, 20336: 82085, 20337: 75421, 20338: 57455, 20339: 49332, 20340: 849, 20341: 57309, 20342: 69242, 20343: 70342, 20344: 2048, 20345: 1291, 20346: 63099, 20347: 48266, 20348: 70373, 20349: 70342, 20350: 70373, 20351: 849, 20352: 63099, 20353: 184, 20354: 51797, 20355: 75421, 20356: 48266, 20357: 46793, 20358: 48266, 20359: 82085, 20360: 48266, 20361: 58096, 20362: 57070, 20363: 75421, 20364: 57070, 20365: 82085, 20366: 82085, 20367: 90927, 20368: 77145, 20369: 65341, 20370: 49332, 20371: 48266, 20372: 46793, 20373: 1347, 20378: 1347, 20379: 65341, 20380: 75453, 20381: 69242, 20383: 1391, 20384: 1391, 20385: 75421, 20386: 686, 20387: 686, 20388: 69990, 20389: 686, 20392: 48266, 20393: 57257, 20394: 849, 20395: 1583, 20396: 395, 20397: 1182, 20398: 1489, 20399: 1107, 20400: 65341, 20401: 1489, 20402: 1482, 20403: 58096, 20404: 44206, 20405: 57290, 20406: 57455, 20407: 71117, 20408: 1585, 20409: 69990, 20410: 1585, 20411: 68173, 20412: 75379, 20413: 1583, 20414: 68173, 20415: 395, 20416: 1014, 20417: 728, 20418: 1188, 20419: 71117, 20421: 2048, 20422: 1294, 20423: 82080, 20427: 46494, 20428: 78645, 20429: 78645, 20432: 449, 20433: 48922, 20434: 690, 20436: 59008, 20437: 1347, 20438: 70342, 20439: 57381, 20440: 690, 20441: 70342, 20442: 1585, 20443: 522, 20444: 522, 20445: 91896, 20446: 13828, 20447: 44206, 20449: 69995, 20450: 226, 20451: 52945, 20452: 1585, 20453: 63270, 20454: 57455, 20455: 52945, 20456: 70342, 20457: 46793, 20458: 1012, 20459: 51797, 20460: 63756, 20461: 35245, 20462: 64790, 20463: 57257, 20465: 57070, 20466: 63756, 20467: 849, 20468: 743, 20469: 67720, 20471: 1014, 20472: 13828, 20473: 1188, 20475: 67720, 20476: 1259, 20481: 71117, 20482: 35245, 20484: 85646, 20485: 46793, 20486: 913, 20487: 743, 20488: 44206, 20489: 683, 20490: 519, 20491: 78645, 20492: 57381, 20493: 82080, 20494: 91896, 20495: 1585, 20496: 58096, 20497: 54448, 20499: 1054, 20501: 1347, 20503: 35259, 20504: 57070, 20505: 83288, 20506: 1012, 20507: 46494, 20508: 69995, 20509: 1012, 20510: 52945, 20511: 64727, 20512: 54448, 20513: 1291, 20514: 146, 20515: 52945, 20517: 35245, 20518: 226, 20519: 75379, 20520: 69995, 20521: 50588, 20522: 52945, 20523: 1543, 20524: 449, 20525: 728, 20527: 1617, 20528: 44206, 20530: 72051, 20531: 13828, 20532: 1259, 20533: 69990, 20534: 46793, 20535: 75958, 20536: 68173, 20537: 1617, 20538: 690, 20539: 69990, 20540: 1617, 20541: 71117, 20542: 1288, 20543: 449, 20544: 1014, 20545: 1585, 20546: 91896, 20547: 57070, 20549: 80479, 20550: 63270, 20552: 46494, 20553: 71117, 20554: 1288, 20555: 61726, 20556: 78631, 20557: 1391, 20558: 1502, 20559: 1399, 20560: 686, 20561: 46494, 20563: 65877, 20564: 1167, 20565: 85710, 20567: 69990, 20569: 51797, 20570: 743, 20571: 68173, 20572: 1347, 20573: 690, 20574: 67720, 20575: 449, 20576: 728, 20577: 48922, 20578: 1014, 20579: 1347, 20580: 35259, 20581: 75958, 20582: 48922, 20583: 743, 20584: 1347, 20585: 1543, 20587: 1161, 20588: 1012, 20589: 65161, 20590: 395, 20591: 449, 20592: 1188, 20593: 57290, 20594: 690, 20595: 522, 20596: 73383, 20597: 805, 20599: 1012, 20600: 63270, 20601: 63270, 20602: 35245, 20605: 226, 20606: 1161, 20607: 52945, 20608: 58096, 20609: 1173, 20610: 1084, 20611: 65877, 20612: 75453, 20613: 1457, 20614: 57309, 20615: 69995, 20616: 849, 20617: 1167, 20618: 1540, 20619: 765, 20620: 1457, 20621: 1167, 20622: 686, 20624: 1457, 20625: 65877, 20626: 686, 20628: 686, 20630: 66626, 20631: 519, 20633: 1107, 20634: 72051, 20635: 1084, 20636: 913, 20637: 1391, 20638: 146, 20639: 85669, 20640: 57639, 20641: 52945, 20642: 1391, 20643: 1193, 20645: 1391, 20646: 953, 20647: 686, 20648: 58096, 20650: 58096, 20651: 62344, 20652: 686, 20653: 1193, 20654: 85669, 20655: 1412, 20656: 184, 20659: 1585, 20661: 69995, 20662: 70373, 20663: 913, 20669: 522, 20670: 78631, 20671: 57639, 20672: 35259, 20673: 57972, 20675: 61726, 20676: 57972, 20677: 73235, 20678: 62344, 20680: 68173, 20681: 449, 20684: 1347, 20688: 1617, 20689: 69995, 20690: 52945, 20692: 57257, 20693: 85669, 20694: 66626, 20695: 1489, 20696: 1173, 20697: 1182, 20698: 58543, 20699: 63756, 20700: 50588, 20701: 913, 20702: 1167, 20703: 54448, 20704: 66626, 20705: 75379, 20706: 1182, 20707: 70342, 20708: 46494, 20709: 1161, 20710: 1161, 20711: 1543, 20712: 0, 20713: 75421, 20714: 52945, 20715: 690, 20716: 70342, 20717: 57639, 20719: 1585, 20720: 75453, 20721: 913, 20722: 805, 20723: 51797, 20724: 80479, 20725: 85669, 20726: 46793, 20727: 78631, 20729: 1617, 20730: 88486, 20731: 48922, 20732: 1054, 20734: 1288, 20735: 57309, 20736: 1014, 20737: 73383, 20739: 35259, 20740: 57455, 20741: 686, 20742: 1167, 20743: 1116, 20744: 68650, 20746: 69990, 20747: 91053, 20748: 58096, 20749: 69990, 20750: 686, 20751: 1399, 20752: 1502, 20754: 44206, 20757: 1161, 20758: 1012, 20759: 62344, 20761: 1482, 20762: 75453, 20763: 63099, 20764: 1084, 20765: 63099, 20766: 63099, 20768: 184, 20769: 395, 20770: 77145, 20773: 70500, 20774: 1154, 20775: 69990, 20777: 1391, 20778: 70500, 20779: 1399, 20781: 1457, 20782: 49332, 20784: 57290, 20785: 2048, 20786: 70500, 20789: 1347, 20790: 58543, 20791: 70342, 20792: 46793, 20793: 146, 20794: 49332, 20795: 59008, 20796: 1188, 20797: 75421, 20798: 13699, 20799: 70373, 20800: 1482, 20802: 69242, 20803: 85710, 20804: 57309, 20805: 69242, 20806: 1391, 20807: 72051, 20808: 82067, 20809: 1291, 20810: 63099, 20811: 57070, 20813: 48266, 20814: 1482, 20815: 85687, 20816: 57455, 20817: 85687, 20818: 1391, 20819: 1502, 20820: 1167, 20821: 1116, 20822: 85687, 20823: 46494, 20824: 57417, 20825: 75453, 20826: 75379, 20827: 46494, 20828: 184, 20829: 67720, 20831: 57290, 20832: 57639, 20833: 1291, 20834: 728, 20835: 1502, 20836: 1583, 20837: 57070, 20838: 57070, 20840: 2048, 20841: 1412, 20842: 1357, 20843: 226, 20844: 57455, 20845: 65877, 20846: 1300, 20850: 65877, 20852: 90927, 20853: 51797, 20854: 72051, 20856: 46793, 20858: 48266, 20859: 82070, 20860: 63882, 20861: 63882, 20862: 82070, 20863: 82070, 20864: 395, 20872: 953, 20873: 395, 20874: 0, 20875: 91053, 20876: 683, 20877: 83288, 20881: 75379, 20883: 75453, 20884: 57972, 20885: 59008, 20886: 64727, 20887: 1540, 20888: 82070, 20889: 683, 20890: 64727, 20891: 1391, 20892: 82070, 20894: 85669, 20895: 64790, 20897: 1540, 20900: 1457, 20901: 75379, 20902: 72039, 20904: 63099, 20905: 522, 20906: 765, 20907: 1188, 20909: 65877, 20910: 182, 20911: 849, 20913: 72051, 20916: 85669, 20917: 87001, 20918: 73383, 20919: 63882, 20921: 58543, 20922: 82070, 20923: 690, 20925: 1294, 20926: 85700, 20928: 1300, 20929: 51797, 20930: 61726, 20931: 51797, 20932: 1288, 20933: 57290, 20934: 63099, 20935: 82070, 20936: 91053, 20937: 1399, 20938: 1193, 20939: 1502, 20940: 1223, 20941: 72039, 20942: 1399, 20943: 69985, 20944: 1193, 20948: 83288, 20949: 1193, 20950: 87001, 20951: 1300, 20953: 64727, 20954: 68173, 20955: 1457, 20956: 57639, 20958: 57639, 20959: 65877, 20960: 54448, 20961: 1012, 20962: 1300, 20963: 69995, 20964: 72039, 20965: 91053, 20966: 64790, 20967: 1054, 20968: 44206, 20969: 85700, 20970: 57972, 20971: 63756, 20973: 85710, 20974: 59008, 20975: 1154, 20977: 85710, 20978: 63756, 20979: 0, 20980: 63756, 20981: 49332, 20982: 72039, 20983: 1054, 20985: 72039, 20986: 728, 20987: 64790, 20988: 1054, 20990: 85710, 20992: 68650, 20993: 72039, 20995: 1012, 20997: 83288, 20998: 82070, 20999: 87001, 21000: 63882, 21001: 70500, 21002: 57639, 21003: 57972, 21005: 83288, 21006: 72051, 21007: 2048, 21008: 69995, 21009: 65877, 21011: 72039, 21012: 87001, 21013: 57290, 21014: 65877, 21015: 91053, 21016: 72051, 21017: 64790, 21018: 1193, 21019: 184, 21020: 69985, 21021: 1543, 21022: 75379, 21023: 63270, 21028: 86055, 21030: 85700, 21032: 52945, 21033: 35245, 21034: 1154, 21035: 58543, 21036: 35259, 21037: 1223, 21038: 728, 21039: 63270, 21041: 85700, 21043: 67720, 21045: 1188, 21047: 86055, 21050: 83288, 21053: 1294, 21055: 82080, 21056: 1585, 21057: 1107, 21058: 1107, 21059: 395, 21060: 1107, 21061: 46494, 21062: 1502, 21063: 1014, 21064: 57381, 21065: 1543, 21066: 1188, 21067: 683, 21068: 73383, 21069: 46494, 21070: 69990, 21072: 1107, 21073: 1182, 21074: 67720, 21075: 78645, 21077: 1540, 21084: 1617, 21085: 2114, 21086: 89226, 21087: 87984, 21091: 1012, 21092: 78631, 21093: 63270, 21096: 2114, 21097: 53429, 21098: 65941, 21099: 2114, 21100: 2076, 21101: 57649, 21102: 80140, 21103: 1457, 21104: 51797, 21105: 88653, 21106: 2346, 21107: 62344, 21108: 2346, 21109: 2114, 21110: 90942, 21112: 75379, 21113: 88653, 21115: 2346, 21116: 80140, 21117: 57649, 21118: 88486, 21119: 2076, 21120: 2076, 21121: 74355, 21123: 57649, 21124: 2076, 21125: 53429, 21126: 57649, 21127: 74355, 21128: 57649, 21129: 2114, 21130: 74355, 21132: 53429, 21133: 87984, 21134: 57649, 21135: 88653, 21136: 74355, 21138: 53429, 21139: 88653, 21140: 53429, 21141: 80140, 21142: 2346, 21143: 57649, 21144: 2114, 21145: 88653, 21146: 89226, 21147: 53429, 21148: 2114, 21149: 2076, 21150: 86213, 21151: 87984, 21153: 2114, 21154: 44206, 21155: 86157, 21156: 80140, 21157: 1188, 21159: 89226, 21163: 146, 21164: 86157, 21165: 88653, 21166: 88653, 21167: 80140, 21168: 2114, 21170: 88653, 21171: 53429, 21172: 57649, 21173: 56939, 21174: 90998, 21175: 1223, 21176: 56939, 21177: 56939, 21178: 57649, 21179: 86213, 21180: 90998, 21181: 86213, 21182: 86157, 21184: 56939, 21185: 86213, 21186: 86213, 21187: 0, 21188: 0, 21189: 0, 21190: 78631, 21191: 184, 21192: 59008, 21193: 57639, 21194: 0, 21195: 395, 21196: 1489, 21197: 57649, 21198: 74355, 21199: 2076, 21203: 90998, 21205: 74355, 21206: 86213, 21208: 87984, 21209: 89226, 21223: 683, 21226: 683, 21227: 1585, 21228: 68173, 21229: 0, 21230: 69990, 21231: 519, 21232: 57381, 21233: 1259, 21234: 805, 21235: 690, 21236: 71117, 21237: 71117, 21238: 1288, 21239: 805, 21240: 82080, 21241: 395, 21244: 64727, 21249: 0, 21262: 1489, 21265: 68182, 21271: 65161, 21279: 91053, 21280: 57639, 21288: 63756, 21290: 59008, 21298: 72051, 21303: 1457, 21304: 46494, 21305: 1294, 21306: 1167, 21307: 728, 21308: 1294, 21311: 1347, 21312: 88486, 21313: 1054, 21314: 1540, 21315: 1347, 21316: 71117, 21317: 765, 21318: 395, 21319: 1294, 21322: 69985, 21324: 71117, 21325: 550, 21326: 57455, 21327: 519, 21328: 35259, 21329: 805, 21331: 57972, 21333: 51797, 21334: 57455, 21335: 1357, 21336: 765, 21338: 1054, 21339: 1457, 21340: 1294, 21341: 765, 21344: 1288, 21345: 0, 21346: 57309, 21348: 63099, 21349: 0, 21351: 1259, 21354: 78626, 21356: 77145, 21357: 85646, 21358: 35245, 21363: 1347, 21366: 65941, 21369: 88486, 21370: 1054, 21378: 70342, 21384: 1188, 21398: 805, 21445: 2114, 21446: 58096, 21447: 1357, 21448: 35259, 21450: 69990, 21454: 48922, 21455: 1014, 21460: 1482, 21462: 1585, 21463: 75453, 21465: 0, 21468: 1391, 21470: 226, 21474: 686, 21475: 1012, 21477: 91896, 21478: 61726, 21479: 1107, 21480: 519, 21481: 1161, 21482: 1161, 21483: 70373, 21484: 69995, 21487: 51797, 21488: 65161, 21489: 91053, 21490: 1259, 21491: 1113, 21492: 1161, 21493: 50453, 21494: 342}",0.0,filho
649516.2325879998,Cruzamento,1733628359.8750858,38,"{20331: 57070, 20332: 1182, 20333: 57309, 20334: 65341, 20335: 1412, 20336: 1412, 20337: 1084, 20338: 1482, 20339: 1617, 20340: 49332, 20341: 1583, 20342: 69242, 20343: 69990, 20344: 1182, 20345: 70342, 20346: 1084, 20347: 1489, 20348: 48266, 20349: 1347, 20350: 69990, 20351: 1347, 20352: 57309, 20353: 57257, 20354: 46793, 20355: 1347, 20356: 849, 20357: 1583, 20358: 2048, 20359: 1291, 20360: 765, 20361: 75421, 20362: 1489, 20363: 1412, 20364: 70342, 20365: 70171, 20366: 70171, 20367: 77145, 20368: 65341, 20369: 75453, 20370: 48266, 20371: 1347, 20372: 46793, 20373: 1617, 20378: 65341, 20379: 75421, 20380: 1489, 20381: 1182, 20383: 57257, 20384: 63099, 20385: 57257, 20386: 13699, 20387: 70342, 20388: 1084, 20389: 75421, 20392: 849, 20393: 69242, 20394: 51797, 20395: 48266, 20396: 449, 20397: 1583, 20398: 765, 20399: 44206, 20400: 46793, 20401: 1412, 20402: 48266, 20403: 184, 20404: 743, 20405: 82080, 20406: 728, 20407: 395, 20408: 449, 20409: 35259, 20410: 690, 20411: 67720, 20412: 75379, 20413: 1482, 20414: 67720, 20415: 71117, 20416: 70342, 20417: 57381, 20418: 82080, 20419: 519, 20421: 1294, 20422: 1489, 20423: 1585, 20427: 44206, 20428: 57381, 20429: 449, 20432: 1543, 20433: 449, 20434: 46494, 20436: 805, 20437: 69242, 20438: 69990, 20439: 1259, 20440: 743, 20441: 46494, 20442: 69985, 20443: 690, 20444: 82080, 20445: 805, 20446: 67720, 20447: 78645, 20449: 1012, 20450: 69995, 20451: 80479, 20452: 57455, 20453: 57455, 20454: 52945, 20455: 913, 20456: 50588, 20457: 51797, 20458: 913, 20459: 1161, 20460: 1585, 20461: 63270, 20462: 69995, 20463: 49332, 20465: 65341, 20466: 1012, 20467: 1291, 20468: 1107, 20469: 1259, 20471: 57381, 20472: 57381, 20473: 743, 20475: 72051, 20476: 1617, 20481: 1107, 20482: 75379, 20484: 52945, 20485: 75379, 20486: 54448, 20487: 449, 20488: 1188, 20489: 69990, 20490: 70342, 20491: 67720, 20492: 805, 20493: 1107, 20494: 46494, 20495: 683, 20496: 75453, 20497: 50588, 20499: 65877, 20501: 44206, 20503: 57639, 20504: 69990, 20505: 62344, 20506: 85710, 20507: 1357, 20508: 1161, 20509: 50588, 20510: 913, 20511: 85646, 20512: 70342, 20513: 1291, 20514: 64790, 20515: 913, 20517: 69995, 20518: 69995, 20519: 63270, 20520: 52945, 20521: 65161, 20522: 1161, 20523: 1259, 20524: 68173, 20525: 519, 20527: 82080, 20528: 1502, 20530: 46494, 20531: 59008, 20532: 805, 20533: 75421, 20534: 65161, 20535: 48922, 20536: 44206, 20537: 69985, 20538: 69990, 20539: 449, 20540: 690, 20541: 1617, 20542: 75958, 20543: 48922, 20544: 728, 20545: 91896, 20546: 71117, 20547: 64790, 20549: 80479, 20550: 51797, 20552: 1288, 20553: 1502, 20554: 57290, 20555: 62344, 20556: 65877, 20557: 75379, 20558: 1107, 20559: 1391, 20560: 65877, 20561: 85710, 20563: 1167, 20564: 57070, 20565: 69990, 20567: 849, 20569: 52945, 20570: 91896, 20571: 1585, 20572: 1288, 20573: 35259, 20574: 48922, 20575: 44206, 20576: 75958, 20577: 69985, 20578: 1347, 20579: 71117, 20580: 68173, 20581: 1014, 20582: 35259, 20583: 1288, 20584: 71117, 20585: 2048, 20587: 1012, 20588: 63270, 20589: 52945, 20590: 82080, 20591: 57455, 20592: 683, 20593: 805, 20594: 72051, 20595: 59008, 20596: 1347, 20597: 1585, 20599: 64727, 20600: 49332, 20601: 75379, 20602: 35245, 20605: 35245, 20606: 50588, 20607: 913, 20608: 57417, 20609: 1585, 20610: 1482, 20611: 1107, 20612: 686, 20613: 57309, 20614: 1167, 20615: 75453, 20616: 953, 20617: 61726, 20618: 85669, 20619: 1182, 20620: 1054, 20621: 1457, 20622: 849, 20624: 226, 20625: 1457, 20626: 69995, 20628: 1540, 20630: 69995, 20631: 449, 20633: 69242, 20634: 73383, 20635: 1583, 20636: 54448, 20637: 1583, 20638: 226, 20639: 1391, 20640: 52945, 20641: 85669, 20642: 62344, 20643: 1391, 20645: 52945, 20646: 85669, 20647: 57639, 20648: 686, 20650: 686, 20651: 1193, 20652: 58096, 20653: 1391, 20654: 953, 20655: 1482, 20656: 1084, 20659: 70342, 20661: 64727, 20662: 57309, 20663: 1161, 20669: 69242, 20670: 65877, 20671: 1540, 20672: 57972, 20673: 57639, 20675: 78631, 20676: 78631, 20677: 61726, 20678: 75379, 20680: 69990, 20681: 1188, 20684: 1543, 20688: 805, 20689: 50588, 20690: 64727, 20692: 1182, 20693: 58096, 20694: 913, 20695: 75453, 20696: 75379, 20697: 184, 20698: 85669, 20699: 70342, 20700: 54448, 20701: 54448, 20702: 1288, 20703: 66626, 20704: 1173, 20705: 50588, 20706: 57309, 20707: 54448, 20708: 1399, 20709: 1161, 20710: 1161, 20711: 1014, 20712: 0, 20713: 57257, 20714: 52945, 20715: 57290, 20716: 913, 20717: 58543, 20719: 54448, 20720: 75453, 20721: 1012, 20722: 46494, 20723: 1489, 20724: 80479, 20725: 78631, 20726: 46793, 20727: 62344, 20729: 48266, 20730: 1113, 20731: 743, 20732: 765, 20734: 690, 20735: 65877, 20736: 522, 20737: 44206, 20739: 65877, 20740: 1188, 20741: 1357, 20742: 1116, 20743: 78631, 20744: 69995, 20746: 69990, 20747: 57309, 20748: 1107, 20749: 57639, 20750: 849, 20751: 1012, 20752: 190, 20754: 743, 20757: 1585, 20758: 54448, 20759: 57639, 20761: 70373, 20762: 1084, 20763: 63099, 20764: 1617, 20765: 1347, 20766: 70373, 20768: 0, 20769: 519, 20770: 77145, 20773: 1347, 20774: 57290, 20775: 58096, 20777: 1182, 20778: 2048, 20779: 70500, 20781: 57290, 20782: 67720, 20784: 57070, 20785: 57070, 20786: 1167, 20789: 728, 20790: 58543, 20791: 184, 20792: 82085, 20793: 70500, 20794: 49332, 20795: 69242, 20796: 68650, 20797: 2048, 20798: 70373, 20799: 69242, 20800: 1482, 20802: 57381, 20803: 68650, 20804: 68650, 20805: 13699, 20806: 58543, 20807: 57381, 20808: 85687, 20809: 58096, 20810: 46793, 20811: 48266, 20813: 49332, 20814: 49332, 20815: 82067, 20816: 57309, 20817: 82067, 20818: 58096, 20819: 1502, 20820: 85669, 20821: 78631, 20822: 1399, 20823: 1014, 20824: 226, 20825: 849, 20826: 85710, 20827: 62344, 20828: 63270, 20829: 1259, 20831: 1391, 20832: 1399, 20833: 1617, 20834: 86055, 20835: 62344, 20836: 849, 20837: 0, 20838: 1347, 20840: 1583, 20841: 57455, 20842: 83288, 20843: 57290, 20844: 1482, 20845: 57639, 20846: 1223, 20850: 87001, 20852: 57309, 20853: 1457, 20854: 1585, 20856: 686, 20858: 70373, 20859: 82070, 20860: 63882, 20861: 63882, 20862: 82070, 20863: 82070, 20864: 395, 20872: 953, 20873: 226, 20874: 0, 20875: 64727, 20876: 805, 20877: 63882, 20881: 64727, 20883: 70500, 20884: 82070, 20885: 1391, 20886: 67720, 20887: 1457, 20888: 82070, 20889: 1502, 20890: 91053, 20891: 1391, 20892: 72039, 20894: 765, 20895: 44206, 20897: 85669, 20900: 1167, 20901: 68650, 20902: 83288, 20904: 1188, 20905: 73383, 20906: 849, 20907: 1188, 20909: 65877, 20910: 72051, 20911: 1107, 20913: 73383, 20916: 1116, 20917: 84328, 20918: 69990, 20919: 84328, 20921: 63099, 20922: 82070, 20923: 57381, 20925: 1294, 20926: 65941, 20928: 1300, 20929: 51797, 20930: 0, 20931: 1223, 20932: 64790, 20933: 743, 20934: 1193, 20935: 63882, 20936: 65941, 20937: 67720, 20938: 1193, 20939: 395, 20940: 65161, 20941: 87001, 20942: 75379, 20943: 57290, 20944: 59008, 20948: 65877, 20949: 1193, 20950: 63882, 20951: 64790, 20953: 64727, 20954: 48922, 20955: 1116, 20956: 58096, 20958: 63756, 20959: 87001, 20960: 1399, 20961: 1502, 20962: 184, 20963: 146, 20964: 72039, 20965: 65941, 20966: 59008, 20967: 85710, 20968: 75453, 20969: 1300, 20970: 72039, 20971: 59008, 20973: 1054, 20974: 63756, 20975: 58096, 20977: 1399, 20978: 1502, 20979: 1193, 20980: 63756, 20981: 57070, 20982: 83288, 20983: 57972, 20985: 83288, 20986: 1167, 20987: 0, 20988: 63756, 20990: 57972, 20992: 57417, 20993: 83288, 20995: 85710, 20997: 72039, 20998: 63882, 20999: 57972, 21000: 82070, 21001: 78631, 21002: 1167, 21003: 57972, 21005: 83288, 21006: 57070, 21007: 1300, 21008: 69995, 21009: 57972, 21011: 87001, 21012: 84328, 21013: 57639, 21014: 65877, 21015: 91053, 21016: 146, 21017: 85700, 21018: 35245, 21019: 63756, 21020: 68173, 21021: 1188, 21022: 63270, 21023: 1457, 21028: 86055, 21030: 85700, 21032: 54448, 21033: 728, 21034: 57417, 21035: 1399, 21036: 91896, 21037: 2048, 21038: 1457, 21039: 1300, 21041: 72051, 21043: 146, 21045: 75453, 21047: 57290, 21050: 57639, 21053: 1294, 21055: 82080, 21056: 57381, 21057: 449, 21058: 63756, 21059: 1107, 21060: 1107, 21061: 78645, 21062: 1014, 21063: 46494, 21064: 1014, 21065: 1188, 21066: 1259, 21067: 683, 21068: 72051, 21069: 72051, 21070: 57290, 21072: 71117, 21073: 69995, 21074: 1617, 21075: 78645, 21077: 1540, 21084: 67720, 21085: 88653, 21086: 90942, 21087: 57649, 21091: 85710, 21092: 58096, 21093: 85646, 21096: 2346, 21097: 74355, 21098: 63756, 21099: 2114, 21100: 2076, 21101: 2346, 21102: 2114, 21103: 1116, 21104: 59008, 21105: 80140, 21106: 2114, 21107: 73235, 21108: 56939, 21109: 56939, 21110: 80140, 21112: 1391, 21113: 89226, 21115: 2114, 21116: 89226, 21117: 80140, 21118: 83288, 21119: 89226, 21120: 2076, 21121: 74355, 21123: 80140, 21124: 88653, 21125: 88653, 21126: 74355, 21127: 56939, 21128: 74355, 21129: 74355, 21130: 53429, 21132: 57649, 21133: 87984, 21134: 53429, 21135: 56939, 21136: 53429, 21138: 57649, 21139: 56939, 21140: 57649, 21141: 86157, 21142: 80140, 21143: 53429, 21144: 2114, 21145: 53429, 21146: 89226, 21147: 88653, 21148: 53429, 21149: 80140, 21150: 80140, 21151: 86213, 21153: 53429, 21154: 1223, 21155: 86157, 21156: 87984, 21157: 1288, 21159: 2346, 21163: 146, 21164: 86157, 21165: 80140, 21166: 90998, 21167: 87984, 21168: 90998, 21170: 90998, 21171: 86213, 21172: 57649, 21173: 2076, 21174: 2114, 21175: 0, 21176: 2076, 21177: 87984, 21178: 88653, 21179: 56939, 21180: 2346, 21181: 57649, 21182: 86157, 21184: 87984, 21185: 0, 21186: 2076, 21187: 0, 21188: 0, 21189: 0, 21190: 63270, 21191: 184, 21192: 1223, 21193: 70500, 21194: 0, 21195: 1167, 21196: 70342, 21197: 74355, 21198: 2114, 21199: 86213, 21203: 2076, 21205: 53429, 21206: 86213, 21208: 87984, 21209: 89226, 21223: 1585, 21226: 1014, 21227: 69985, 21228: 46494, 21229: 395, 21230: 78645, 21231: 395, 21232: 1259, 21233: 683, 21234: 70342, 21235: 1259, 21236: 57381, 21237: 71117, 21238: 1543, 21239: 72051, 21240: 1107, 21241: 1347, 21244: 66626, 21249: 1012, 21262: 57070, 21265: 13699, 21271: 91053, 21279: 59008, 21280: 59008, 21288: 57290, 21290: 51797, 21298: 57639, 21303: 1347, 21304: 35259, 21305: 35259, 21306: 226, 21307: 64790, 21308: 1113, 21311: 1540, 21312: 1294, 21313: 35259, 21314: 88486, 21315: 57417, 21316: 1054, 21317: 1347, 21318: 57455, 21319: 51797, 21322: 690, 21324: 13828, 21325: 13828, 21326: 35259, 21327: 1347, 21328: 519, 21329: 78626, 21331: 72039, 21333: 57455, 21334: 57455, 21335: 226, 21336: 765, 21338: 1502, 21339: 1054, 21340: 1107, 21341: 1294, 21344: 1300, 21345: 72039, 21346: 91053, 21348: 63099, 21349: 0, 21351: 69990, 21354: 519, 21356: 90927, 21357: 75379, 21358: 184, 21363: 57257, 21366: 65941, 21369: 765, 21370: 63756, 21378: 68173, 21384: 44206, 21398: 78626, 21445: 74355, 21446: 62344, 21447: 1347, 21448: 67720, 21450: 1014, 21454: 68173, 21455: 683, 21460: 0, 21462: 82080, 21463: 75453, 21465: 0, 21468: 1391, 21470: 226, 21474: 686, 21475: 1012, 21477: 91896, 21478: 61726, 21479: 1107, 21480: 519, 21481: 1161, 21482: 1161, 21483: 70373, 21484: 69995, 21487: 51797, 21488: 65161, 21489: 91053, 21490: 1259, 21491: 1113, 21492: 1161, 21493: 50453, 21494: 342}",0.0,filho
645216.8316326662,Cruzamento,1733628363.0059004,39,"{20331: 1294, 20332: 70342, 20333: 1482, 20334: 82085, 20335: 1294, 20336: 57257, 20337: 65341, 20338: 1182, 20339: 1084, 20340: 57309, 20341: 765, 20342: 2048, 20343: 69242, 20344: 849, 20345: 63099, 20346: 1084, 20347: 1489, 20348: 48266, 20349: 1347, 20350: 69990, 20351: 1347, 20352: 57309, 20353: 57257, 20354: 46793, 20355: 1347, 20356: 849, 20357: 1583, 20358: 2048, 20359: 1291, 20360: 765, 20361: 75421, 20362: 1489, 20363: 1412, 20364: 70342, 20365: 70171, 20366: 70171, 20367: 77145, 20368: 65341, 20369: 75453, 20370: 48266, 20371: 1347, 20372: 46793, 20373: 1617, 20378: 65341, 20379: 75421, 20380: 1489, 20381: 1182, 20383: 57257, 20384: 63099, 20385: 57257, 20386: 13699, 20387: 70342, 20388: 1084, 20389: 75421, 20392: 849, 20393: 69242, 20394: 51797, 20395: 48266, 20396: 449, 20397: 1583, 20398: 765, 20399: 44206, 20400: 46793, 20401: 1412, 20402: 48266, 20403: 184, 20404: 743, 20405: 82080, 20406: 728, 20407: 395, 20408: 449, 20409: 35259, 20410: 690, 20411: 67720, 20412: 75379, 20413: 1482, 20414: 67720, 20415: 71117, 20416: 70342, 20417: 57381, 20418: 82080, 20419: 519, 20421: 1294, 20422: 1489, 20423: 1585, 20427: 44206, 20428: 57381, 20429: 449, 20432: 1543, 20433: 449, 20434: 46494, 20436: 805, 20437: 69242, 20438: 69990, 20439: 1259, 20440: 743, 20441: 46494, 20442: 69985, 20443: 690, 20444: 82080, 20445: 805, 20446: 67720, 20447: 78645, 20449: 1012, 20450: 69995, 20451: 80479, 20452: 57455, 20453: 57455, 20454: 52945, 20455: 913, 20456: 50588, 20457: 51797, 20458: 913, 20459: 1161, 20460: 1585, 20461: 63270, 20462: 69995, 20463: 49332, 20465: 65341, 20466: 1012, 20467: 1291, 20468: 1107, 20469: 1259, 20471: 57381, 20472: 57381, 20473: 743, 20475: 72051, 20476: 1617, 20481: 1107, 20482: 75379, 20484: 52945, 20485: 75379, 20486: 54448, 20487: 449, 20488: 1188, 20489: 69990, 20490: 70342, 20491: 67720, 20492: 805, 20493: 1107, 20494: 46494, 20495: 683, 20496: 75453, 20497: 50588, 20499: 65877, 20501: 44206, 20503: 57639, 20504: 69990, 20505: 62344, 20506: 85710, 20507: 1357, 20508: 1161, 20509: 50588, 20510: 913, 20511: 85646, 20512: 70342, 20513: 1291, 20514: 64790, 20515: 913, 20517: 69995, 20518: 69995, 20519: 63270, 20520: 52945, 20521: 65161, 20522: 1161, 20523: 1259, 20524: 68173, 20525: 519, 20527: 82080, 20528: 1502, 20530: 46494, 20531: 59008, 20532: 805, 20533: 75421, 20534: 65161, 20535: 48922, 20536: 44206, 20537: 69985, 20538: 69990, 20539: 449, 20540: 690, 20541: 1617, 20542: 75958, 20543: 48922, 20544: 728, 20545: 91896, 20546: 71117, 20547: 64790, 20549: 80479, 20550: 51797, 20552: 1288, 20553: 1502, 20554: 57290, 20555: 62344, 20556: 65877, 20557: 75379, 20558: 1107, 20559: 1391, 20560: 65877, 20561: 85710, 20563: 1167, 20564: 57070, 20565: 69990, 20567: 849, 20569: 52945, 20570: 91896, 20571: 1585, 20572: 1288, 20573: 35259, 20574: 48922, 20575: 44206, 20576: 75958, 20577: 69985, 20578: 1347, 20579: 71117, 20580: 68173, 20581: 1014, 20582: 35259, 20583: 1288, 20584: 71117, 20585: 2048, 20587: 1012, 20588: 63270, 20589: 52945, 20590: 82080, 20591: 57455, 20592: 683, 20593: 805, 20594: 72051, 20595: 59008, 20596: 1347, 20597: 1585, 20599: 64727, 20600: 49332, 20601: 75379, 20602: 35245, 20605: 35245, 20606: 50588, 20607: 913, 20608: 57417, 20609: 1585, 20610: 1482, 20611: 1107, 20612: 686, 20613: 57309, 20614: 1167, 20615: 75453, 20616: 953, 20617: 61726, 20618: 85669, 20619: 1182, 20620: 1054, 20621: 1457, 20622: 849, 20624: 226, 20625: 1457, 20626: 69995, 20628: 1540, 20630: 69995, 20631: 449, 20633: 69242, 20634: 73383, 20635: 1583, 20636: 54448, 20637: 1583, 20638: 226, 20639: 1391, 20640: 52945, 20641: 85669, 20642: 62344, 20643: 1391, 20645: 52945, 20646: 85669, 20647: 57639, 20648: 686, 20650: 686, 20651: 1193, 20652: 58096, 20653: 1391, 20654: 953, 20655: 1482, 20656: 1084, 20659: 70342, 20661: 64727, 20662: 57309, 20663: 1161, 20669: 69242, 20670: 65877, 20671: 1540, 20672: 57972, 20673: 57639, 20675: 78631, 20676: 78631, 20677: 61726, 20678: 75379, 20680: 69990, 20681: 1188, 20684: 1543, 20688: 805, 20689: 50588, 20690: 64727, 20692: 1182, 20693: 58096, 20694: 913, 20695: 75453, 20696: 75379, 20697: 184, 20698: 85669, 20699: 70342, 20700: 54448, 20701: 54448, 20702: 1288, 20703: 66626, 20704: 1173, 20705: 50588, 20706: 57309, 20707: 54448, 20708: 1399, 20709: 1161, 20710: 1161, 20711: 1014, 20712: 0, 20713: 57257, 20714: 52945, 20715: 690, 20716: 70342, 20717: 57639, 20719: 1585, 20720: 75453, 20721: 913, 20722: 805, 20723: 51797, 20724: 80479, 20725: 85669, 20726: 46793, 20727: 78631, 20729: 1617, 20730: 88486, 20731: 48922, 20732: 1054, 20734: 1288, 20735: 57309, 20736: 1014, 20737: 73383, 20739: 35259, 20740: 57455, 20741: 686, 20742: 1167, 20743: 1116, 20744: 68650, 20746: 69990, 20747: 91053, 20748: 58096, 20749: 69990, 20750: 686, 20751: 1399, 20752: 1502, 20754: 44206, 20757: 1161, 20758: 1012, 20759: 62344, 20761: 1482, 20762: 75453, 20763: 63099, 20764: 1084, 20765: 63099, 20766: 63099, 20768: 184, 20769: 395, 20770: 77145, 20773: 70500, 20774: 1154, 20775: 69990, 20777: 1391, 20778: 70500, 20779: 1399, 20781: 1457, 20782: 49332, 20784: 57290, 20785: 2048, 20786: 70500, 20789: 1347, 20790: 58543, 20791: 70342, 20792: 46793, 20793: 146, 20794: 49332, 20795: 59008, 20796: 1188, 20797: 75421, 20798: 13699, 20799: 70373, 20800: 1482, 20802: 69242, 20803: 85710, 20804: 57309, 20805: 69242, 20806: 1391, 20807: 72051, 20808: 82067, 20809: 1291, 20810: 63099, 20811: 57070, 20813: 48266, 20814: 1482, 20815: 85687, 20816: 57455, 20817: 85687, 20818: 1391, 20819: 1502, 20820: 1167, 20821: 1116, 20822: 85687, 20823: 46494, 20824: 57417, 20825: 75453, 20826: 75379, 20827: 46494, 20828: 184, 20829: 67720, 20831: 57290, 20832: 57639, 20833: 1291, 20834: 728, 20835: 1502, 20836: 1583, 20837: 57070, 20838: 57070, 20840: 2048, 20841: 1412, 20842: 1357, 20843: 226, 20844: 57455, 20845: 65877, 20846: 1300, 20850: 65877, 20852: 90927, 20853: 51797, 20854: 72051, 20856: 46793, 20858: 48266, 20859: 82070, 20860: 63882, 20861: 63882, 20862: 82070, 20863: 82070, 20864: 395, 20872: 953, 20873: 395, 20874: 0, 20875: 91053, 20876: 683, 20877: 83288, 20881: 75379, 20883: 75453, 20884: 57972, 20885: 59008, 20886: 64727, 20887: 1540, 20888: 82070, 20889: 683, 20890: 64727, 20891: 1391, 20892: 82070, 20894: 85669, 20895: 64790, 20897: 1540, 20900: 1457, 20901: 75379, 20902: 72039, 20904: 63099, 20905: 522, 20906: 765, 20907: 1188, 20909: 65877, 20910: 182, 20911: 849, 20913: 72051, 20916: 85669, 20917: 87001, 20918: 73383, 20919: 63882, 20921: 58543, 20922: 82070, 20923: 690, 20925: 1294, 20926: 85700, 20928: 1300, 20929: 51797, 20930: 61726, 20931: 51797, 20932: 1288, 20933: 57290, 20934: 63099, 20935: 82070, 20936: 91053, 20937: 1399, 20938: 1193, 20939: 1502, 20940: 1223, 20941: 72039, 20942: 1399, 20943: 69985, 20944: 1193, 20948: 83288, 20949: 1193, 20950: 87001, 20951: 1300, 20953: 64727, 20954: 68173, 20955: 1457, 20956: 57639, 20958: 57639, 20959: 65877, 20960: 54448, 20961: 1012, 20962: 1300, 20963: 69995, 20964: 72039, 20965: 91053, 20966: 64790, 20967: 1054, 20968: 44206, 20969: 85700, 20970: 57972, 20971: 63756, 20973: 85710, 20974: 59008, 20975: 1154, 20977: 85710, 20978: 63756, 20979: 0, 20980: 63756, 20981: 49332, 20982: 72039, 20983: 1054, 20985: 72039, 20986: 728, 20987: 64790, 20988: 1054, 20990: 85710, 20992: 68650, 20993: 72039, 20995: 1012, 20997: 83288, 20998: 82070, 20999: 87001, 21000: 63882, 21001: 70500, 21002: 57639, 21003: 57972, 21005: 83288, 21006: 72051, 21007: 2048, 21008: 69995, 21009: 65877, 21011: 72039, 21012: 87001, 21013: 57290, 21014: 65877, 21015: 91053, 21016: 72051, 21017: 64790, 21018: 1193, 21019: 184, 21020: 69985, 21021: 1543, 21022: 75379, 21023: 63270, 21028: 86055, 21030: 85700, 21032: 52945, 21033: 35245, 21034: 1154, 21035: 58543, 21036: 35259, 21037: 1223, 21038: 728, 21039: 63270, 21041: 85700, 21043: 67720, 21045: 1188, 21047: 86055, 21050: 83288, 21053: 1294, 21055: 82080, 21056: 1585, 21057: 1107, 21058: 1107, 21059: 395, 21060: 1107, 21061: 46494, 21062: 1502, 21063: 1014, 21064: 57381, 21065: 1543, 21066: 1188, 21067: 683, 21068: 73383, 21069: 46494, 21070: 69990, 21072: 1107, 21073: 1182, 21074: 67720, 21075: 78645, 21077: 1540, 21084: 1617, 21085: 2114, 21086: 89226, 21087: 87984, 21091: 1012, 21092: 78631, 21093: 63270, 21096: 2114, 21097: 53429, 21098: 65941, 21099: 2114, 21100: 2076, 21101: 57649, 21102: 80140, 21103: 1457, 21104: 51797, 21105: 88653, 21106: 2346, 21107: 62344, 21108: 2346, 21109: 2114, 21110: 90942, 21112: 75379, 21113: 88653, 21115: 2346, 21116: 80140, 21117: 57649, 21118: 88486, 21119: 2076, 21120: 2076, 21121: 74355, 21123: 57649, 21124: 2076, 21125: 53429, 21126: 57649, 21127: 74355, 21128: 57649, 21129: 2114, 21130: 74355, 21132: 53429, 21133: 87984, 21134: 57649, 21135: 88653, 21136: 74355, 21138: 53429, 21139: 88653, 21140: 53429, 21141: 80140, 21142: 2346, 21143: 57649, 21144: 2114, 21145: 88653, 21146: 89226, 21147: 53429, 21148: 2114, 21149: 2076, 21150: 86213, 21151: 87984, 21153: 2114, 21154: 44206, 21155: 86157, 21156: 80140, 21157: 1188, 21159: 89226, 21163: 146, 21164: 86157, 21165: 88653, 21166: 88653, 21167: 80140, 21168: 2114, 21170: 88653, 21171: 53429, 21172: 57649, 21173: 56939, 21174: 90998, 21175: 1223, 21176: 56939, 21177: 56939, 21178: 57649, 21179: 86213, 21180: 90998, 21181: 86213, 21182: 86157, 21184: 56939, 21185: 86213, 21186: 86213, 21187: 0, 21188: 0, 21189: 0, 21190: 78631, 21191: 184, 21192: 59008, 21193: 57639, 21194: 0, 21195: 395, 21196: 1489, 21197: 57649, 21198: 74355, 21199: 2076, 21203: 90998, 21205: 74355, 21206: 86213, 21208: 87984, 21209: 89226, 21223: 683, 21226: 683, 21227: 1585, 21228: 68173, 21229: 0, 21230: 69990, 21231: 519, 21232: 57381, 21233: 1259, 21234: 805, 21235: 690, 21236: 71117, 21237: 71117, 21238: 1288, 21239: 805, 21240: 82080, 21241: 395, 21244: 64727, 21249: 0, 21262: 1489, 21265: 68182, 21271: 65161, 21279: 91053, 21280: 57639, 21288: 63756, 21290: 59008, 21298: 72051, 21303: 1457, 21304: 46494, 21305: 1294, 21306: 1167, 21307: 728, 21308: 1294, 21311: 1347, 21312: 88486, 21313: 1054, 21314: 1540, 21315: 1347, 21316: 71117, 21317: 765, 21318: 395, 21319: 1294, 21322: 69985, 21324: 71117, 21325: 550, 21326: 57455, 21327: 519, 21328: 35259, 21329: 805, 21331: 57972, 21333: 51797, 21334: 57455, 21335: 1357, 21336: 765, 21338: 1054, 21339: 1457, 21340: 1294, 21341: 765, 21344: 1288, 21345: 0, 21346: 57309, 21348: 63099, 21349: 0, 21351: 1259, 21354: 78626, 21356: 77145, 21357: 85646, 21358: 35245, 21363: 1347, 21366: 65941, 21369: 88486, 21370: 1054, 21378: 70342, 21384: 1188, 21398: 805, 21445: 2114, 21446: 58096, 21447: 1357, 21448: 35259, 21450: 69990, 21454: 48922, 21455: 1014, 21460: 1482, 21462: 1585, 21463: 75453, 21465: 0, 21468: 1391, 21470: 226, 21474: 686, 21475: 1012, 21477: 91896, 21478: 61726, 21479: 1107, 21480: 519, 21481: 1161, 21482: 1161, 21483: 70373, 21484: 69995, 21487: 51797, 21488: 65161, 21489: 91053, 21490: 1259, 21491: 1113, 21492: 1161, 21493: 50453, 21494: 342}",0.0,duplicado
643773.0551993327,Cruzamento,1733628363.0059004,39,"{20331: 57309, 20332: 65341, 20333: 82085, 20334: 57070, 20335: 1182, 20336: 1489, 20337: 1291, 20338: 1084, 20339: 184, 20340: 57309, 20341: 65341, 20342: 1182, 20343: 1489, 20344: 1489, 20345: 68182, 20346: 70373, 20347: 70342, 20348: 1084, 20349: 63099, 20350: 57309, 20351: 51797, 20352: 58096, 20353: 46793, 20354: 849, 20355: 48266, 20356: 1291, 20357: 58096, 20358: 1084, 20359: 46793, 20360: 69990, 20361: 1412, 20362: 765, 20363: 57455, 20364: 1291, 20365: 82085, 20366: 75453, 20367: 90927, 20368: 1617, 20369: 65341, 20370: 70342, 20371: 57070, 20372: 48266, 20373: 1412, 20378: 82085, 20379: 57455, 20380: 1391, 20381: 686, 20383: 13699, 20384: 686, 20385: 69990, 20386: 57257, 20387: 13699, 20388: 75421, 20389: 68182, 20392: 63099, 20393: 58096, 20394: 51797, 20395: 184, 20396: 1347, 20397: 65341, 20398: 2048, 20399: 805, 20400: 1084, 20401: 1482, 20402: 46793, 20403: 1482, 20404: 67720, 20405: 1107, 20406: 57381, 20407: 1502, 20408: 743, 20409: 743, 20410: 1347, 20411: 395, 20412: 1585, 20413: 1489, 20414: 449, 20415: 1188, 20416: 67720, 20417: 519, 20418: 46494, 20419: 71117, 20421: 1347, 20422: 1617, 20423: 1585, 20427: 72051, 20428: 48922, 20429: 44206, 20432: 683, 20433: 1502, 20434: 690, 20436: 1259, 20437: 57381, 20438: 48922, 20439: 683, 20440: 69985, 20441: 690, 20442: 69242, 20443: 46494, 20444: 522, 20445: 522, 20446: 69242, 20447: 69242, 20449: 69995, 20450: 57455, 20451: 1012, 20452: 54448, 20453: 1585, 20454: 50588, 20455: 52945, 20456: 50588, 20457: 63756, 20458: 65161, 20459: 1585, 20460: 1161, 20461: 80479, 20462: 57290, 20463: 1412, 20465: 69990, 20466: 1012, 20467: 57257, 20468: 67720, 20469: 743, 20471: 1014, 20472: 71117, 20473: 1107, 20475: 805, 20476: 690, 20481: 1107, 20482: 35245, 20484: 75379, 20485: 69995, 20486: 54448, 20487: 1502, 20488: 1188, 20489: 728, 20490: 71117, 20491: 57381, 20492: 44206, 20493: 1014, 20494: 91896, 20495: 72051, 20496: 849, 20497: 69995, 20499: 88486, 20501: 71117, 20503: 1357, 20504: 765, 20505: 1167, 20506: 1294, 20507: 65877, 20508: 54448, 20509: 46793, 20510: 52945, 20511: 75379, 20512: 52945, 20513: 1291, 20514: 69995, 20515: 70342, 20517: 63270, 20518: 913, 20519: 1012, 20520: 54448, 20521: 63270, 20522: 913, 20523: 519, 20524: 70342, 20525: 1259, 20527: 68173, 20528: 57381, 20530: 91896, 20531: 182, 20532: 71117, 20533: 75421, 20534: 35245, 20535: 71117, 20536: 44206, 20537: 75958, 20538: 35259, 20539: 70342, 20540: 67720, 20541: 1014, 20542: 48922, 20543: 59008, 20544: 1014, 20545: 449, 20546: 1585, 20547: 69995, 20549: 913, 20550: 1161, 20552: 1502, 20553: 728, 20554: 1188, 20555: 85710, 20556: 1182, 20557: 849, 20558: 1399, 20559: 1391, 20560: 1116, 20561: 57070, 20563: 78631, 20564: 44206, 20565: 1167, 20567: 1457, 20569: 63756, 20570: 59008, 20571: 743, 20572: 68173, 20573: 728, 20574: 70342, 20575: 1347, 20576: 44206, 20577: 690, 20578: 91896, 20579: 75958, 20580: 449, 20581: 69990, 20582: 35259, 20583: 69985, 20584: 91896, 20585: 75379, 20587: 63756, 20588: 85646, 20589: 913, 20590: 46494, 20591: 1259, 20592: 57290, 20593: 69985, 20594: 70342, 20595: 1502, 20596: 67720, 20597: 69985, 20599: 1585, 20600: 75379, 20601: 1161, 20602: 226, 20605: 35245, 20606: 64727, 20607: 1585, 20608: 1223, 20609: 64727, 20610: 1482, 20611: 65877, 20612: 69995, 20613: 1457, 20614: 69995, 20615: 686, 20616: 69990, 20617: 1540, 20618: 1116, 20619: 85710, 20620: 1107, 20621: 1107, 20622: 75453, 20624: 75453, 20625: 686, 20626: 953, 20628: 953, 20630: 66626, 20631: 1543, 20633: 46494, 20634: 690, 20635: 68182, 20636: 54448, 20637: 75421, 20638: 1288, 20639: 1391, 20640: 85669, 20641: 57639, 20642: 1193, 20643: 62344, 20645: 52945, 20646: 52945, 20647: 1193, 20648: 58096, 20650: 953, 20651: 85669, 20652: 1391, 20653: 57639, 20654: 686, 20655: 1583, 20656: 70342, 20659: 1173, 20661: 75379, 20662: 75453, 20663: 913, 20669: 69985, 20670: 35259, 20671: 57639, 20672: 65877, 20673: 73235, 20675: 61726, 20676: 75453, 20677: 1540, 20678: 78631, 20680: 1543, 20681: 728, 20684: 743, 20688: 82080, 20689: 1161, 20690: 66626, 20692: 57257, 20693: 58543, 20694: 913, 20695: 1489, 20696: 1161, 20697: 184, 20698: 62344, 20699: 50588, 20700: 1173, 20701: 63756, 20702: 1182, 20703: 54448, 20704: 63756, 20705: 64727, 20706: 69242, 20707: 63756, 20708: 1054, 20709: 1161, 20710: 1161, 20711: 68173, 20712: 0, 20713: 75421, 20714: 52945, 20715: 73383, 20716: 70342, 20717: 58543, 20719: 52945, 20720: 46793, 20721: 1012, 20722: 46494, 20723: 184, 20724: 46793, 20725: 78631, 20726: 80479, 20727: 1347, 20729: 1412, 20730: 57972, 20731: 1014, 20732: 83288, 20734: 57455, 20735: 62344, 20736: 73383, 20737: 59008, 20739: 75379, 20740: 1543, 20741: 85710, 20742: 75379, 20743: 686, 20744: 395, 20746: 1457, 20747: 49332, 20748: 1357, 20749: 63756, 20750: 1012, 20751: 1399, 20752: 1502, 20754: 44206, 20757: 1161, 20758: 1012, 20759: 62344, 20761: 1482, 20762: 75453, 20763: 63099, 20764: 1084, 20765: 63099, 20766: 63099, 20768: 184, 20769: 395, 20770: 77145, 20773: 70500, 20774: 1154, 20775: 69990, 20777: 1391, 20778: 70500, 20779: 1399, 20781: 1457, 20782: 49332, 20784: 57290, 20785: 2048, 20786: 70500, 20789: 1347, 20790: 58543, 20791: 70342, 20792: 46793, 20793: 146, 20794: 49332, 20795: 59008, 20796: 1188, 20797: 75421, 20798: 13699, 20799: 70373, 20800: 1482, 20802: 69242, 20803: 85710, 20804: 57309, 20805: 69242, 20806: 1391, 20807: 72051, 20808: 82067, 20809: 1291, 20810: 63099, 20811: 57070, 20813: 48266, 20814: 1482, 20815: 85687, 20816: 57455, 20817: 85687, 20818: 1391, 20819: 1502, 20820: 1167, 20821: 1116, 20822: 85687, 20823: 46494, 20824: 57417, 20825: 75453, 20826: 75379, 20827: 46494, 20828: 184, 20829: 67720, 20831: 57290, 20832: 57639, 20833: 1291, 20834: 728, 20835: 1502, 20836: 1583, 20837: 57070, 20838: 57070, 20840: 2048, 20841: 1412, 20842: 1357, 20843: 226, 20844: 57455, 20845: 65877, 20846: 1300, 20850: 65877, 20852: 90927, 20853: 51797, 20854: 72051, 20856: 46793, 20858: 48266, 20859: 82070, 20860: 63882, 20861: 63882, 20862: 82070, 20863: 82070, 20864: 395, 20872: 953, 20873: 395, 20874: 0, 20875: 91053, 20876: 683, 20877: 83288, 20881: 75379, 20883: 75453, 20884: 57972, 20885: 59008, 20886: 64727, 20887: 1540, 20888: 82070, 20889: 683, 20890: 64727, 20891: 1391, 20892: 82070, 20894: 85669, 20895: 64790, 20897: 1540, 20900: 1457, 20901: 75379, 20902: 72039, 20904: 63099, 20905: 522, 20906: 765, 20907: 1188, 20909: 65877, 20910: 182, 20911: 849, 20913: 72051, 20916: 85669, 20917: 87001, 20918: 73383, 20919: 63882, 20921: 58543, 20922: 82070, 20923: 690, 20925: 1294, 20926: 85700, 20928: 1300, 20929: 51797, 20930: 61726, 20931: 51797, 20932: 1288, 20933: 57290, 20934: 63099, 20935: 82070, 20936: 91053, 20937: 1399, 20938: 1193, 20939: 1502, 20940: 1223, 20941: 72039, 20942: 1399, 20943: 69985, 20944: 1193, 20948: 83288, 20949: 1193, 20950: 87001, 20951: 1300, 20953: 64727, 20954: 68173, 20955: 1457, 20956: 57639, 20958: 57639, 20959: 65877, 20960: 54448, 20961: 1012, 20962: 1300, 20963: 69995, 20964: 72039, 20965: 91053, 20966: 64790, 20967: 1054, 20968: 44206, 20969: 85700, 20970: 57972, 20971: 63756, 20973: 85710, 20974: 59008, 20975: 1154, 20977: 85710, 20978: 63756, 20979: 0, 20980: 63756, 20981: 49332, 20982: 72039, 20983: 1054, 20985: 72039, 20986: 728, 20987: 64790, 20988: 1054, 20990: 85710, 20992: 68650, 20993: 72039, 20995: 1012, 20997: 83288, 20998: 82070, 20999: 87001, 21000: 63882, 21001: 70500, 21002: 57639, 21003: 57972, 21005: 83288, 21006: 72051, 21007: 2048, 21008: 69995, 21009: 65877, 21011: 72039, 21012: 87001, 21013: 57290, 21014: 65877, 21015: 91053, 21016: 72051, 21017: 64790, 21018: 1193, 21019: 184, 21020: 69985, 21021: 1543, 21022: 75379, 21023: 63270, 21028: 86055, 21030: 85700, 21032: 52945, 21033: 35245, 21034: 1154, 21035: 58543, 21036: 35259, 21037: 1223, 21038: 728, 21039: 63270, 21041: 85700, 21043: 67720, 21045: 1188, 21047: 86055, 21050: 83288, 21053: 1294, 21055: 82080, 21056: 1585, 21057: 1107, 21058: 1107, 21059: 395, 21060: 1107, 21061: 46494, 21062: 1502, 21063: 1014, 21064: 57381, 21065: 1543, 21066: 1188, 21067: 683, 21068: 73383, 21069: 46494, 21070: 69990, 21072: 1107, 21073: 1182, 21074: 67720, 21075: 78645, 21077: 1540, 21084: 1617, 21085: 2114, 21086: 89226, 21087: 87984, 21091: 1012, 21092: 78631, 21093: 63270, 21096: 2114, 21097: 53429, 21098: 65941, 21099: 2114, 21100: 2076, 21101: 57649, 21102: 80140, 21103: 1457, 21104: 51797, 21105: 88653, 21106: 2346, 21107: 62344, 21108: 2346, 21109: 2114, 21110: 90942, 21112: 75379, 21113: 88653, 21115: 2346, 21116: 80140, 21117: 57649, 21118: 88486, 21119: 2076, 21120: 2076, 21121: 74355, 21123: 57649, 21124: 2076, 21125: 53429, 21126: 57649, 21127: 74355, 21128: 57649, 21129: 2114, 21130: 74355, 21132: 53429, 21133: 87984, 21134: 57649, 21135: 88653, 21136: 74355, 21138: 53429, 21139: 88653, 21140: 53429, 21141: 80140, 21142: 2346, 21143: 57649, 21144: 2114, 21145: 88653, 21146: 89226, 21147: 53429, 21148: 2114, 21149: 2076, 21150: 86213, 21151: 87984, 21153: 2114, 21154: 44206, 21155: 86157, 21156: 80140, 21157: 1188, 21159: 89226, 21163: 146, 21164: 86157, 21165: 88653, 21166: 88653, 21167: 80140, 21168: 2114, 21170: 88653, 21171: 53429, 21172: 57649, 21173: 56939, 21174: 90998, 21175: 1223, 21176: 56939, 21177: 56939, 21178: 57649, 21179: 86213, 21180: 90998, 21181: 86213, 21182: 86157, 21184: 56939, 21185: 86213, 21186: 86213, 21187: 0, 21188: 0, 21189: 0, 21190: 78631, 21191: 184, 21192: 59008, 21193: 57639, 21194: 0, 21195: 395, 21196: 1489, 21197: 57649, 21198: 74355, 21199: 2076, 21203: 90998, 21205: 74355, 21206: 86213, 21208: 87984, 21209: 89226, 21223: 683, 21226: 683, 21227: 1585, 21228: 68173, 21229: 0, 21230: 69990, 21231: 519, 21232: 57381, 21233: 1259, 21234: 805, 21235: 690, 21236: 71117, 21237: 71117, 21238: 1288, 21239: 805, 21240: 82080, 21241: 395, 21244: 64727, 21249: 0, 21262: 1489, 21265: 68182, 21271: 65161, 21279: 91053, 21280: 57639, 21288: 63756, 21290: 59008, 21298: 72051, 21303: 1457, 21304: 46494, 21305: 1294, 21306: 1167, 21307: 728, 21308: 1294, 21311: 1347, 21312: 88486, 21313: 1054, 21314: 1540, 21315: 1347, 21316: 71117, 21317: 765, 21318: 395, 21319: 1294, 21322: 69985, 21324: 71117, 21325: 550, 21326: 57455, 21327: 519, 21328: 35259, 21329: 805, 21331: 57972, 21333: 51797, 21334: 57455, 21335: 1357, 21336: 765, 21338: 1054, 21339: 1457, 21340: 1294, 21341: 765, 21344: 1288, 21345: 0, 21346: 57309, 21348: 63099, 21349: 0, 21351: 1259, 21354: 78626, 21356: 77145, 21357: 85646, 21358: 35245, 21363: 1347, 21366: 65941, 21369: 88486, 21370: 1054, 21378: 70342, 21384: 1188, 21398: 805, 21445: 2114, 21446: 58096, 21447: 1357, 21448: 35259, 21450: 69990, 21454: 48922, 21455: 1014, 21460: 1482, 21462: 1585, 21463: 75453, 21465: 0, 21468: 1391, 21470: 226, 21474: 686, 21475: 1012, 21477: 91896, 21478: 61726, 21479: 1107, 21480: 519, 21481: 1161, 21482: 1161, 21483: 70373, 21484: 69995, 21487: 51797, 21488: 65161, 21489: 91053, 21490: 1259, 21491: 1113, 21492: 1161, 21493: 50453, 21494: 342}",0.0,duplicado
641365.3027966659,Cruzamento,1733628365.2614167,40,"{20331: 57070, 20332: 1182, 20333: 57309, 20334: 65341, 20335: 1412, 20336: 1412, 20337: 1084, 20338: 1482, 20339: 1617, 20340: 49332, 20341: 1583, 20342: 69242, 20343: 69990, 20344: 1182, 20345: 70342, 20346: 1084, 20347: 1489, 20348: 48266, 20349: 1347, 20350: 69990, 20351: 1347, 20352: 57309, 20353: 57257, 20354: 46793, 20355: 1347, 20356: 849, 20357: 1583, 20358: 2048, 20359: 1291, 20360: 765, 20361: 75421, 20362: 1489, 20363: 1412, 20364: 70342, 20365: 70171, 20366: 70171, 20367: 77145, 20368: 65341, 20369: 75453, 20370: 48266, 20371: 1347, 20372: 46793, 20373: 1617, 20378: 65341, 20379: 75421, 20380: 1489, 20381: 1182, 20383: 57257, 20384: 63099, 20385: 57257, 20386: 13699, 20387: 70342, 20388: 1084, 20389: 75421, 20392: 849, 20393: 69242, 20394: 51797, 20395: 48266, 20396: 449, 20397: 1583, 20398: 765, 20399: 44206, 20400: 46793, 20401: 1412, 20402: 48266, 20403: 184, 20404: 743, 20405: 82080, 20406: 728, 20407: 395, 20408: 449, 20409: 35259, 20410: 690, 20411: 67720, 20412: 75379, 20413: 1482, 20414: 67720, 20415: 71117, 20416: 70342, 20417: 57381, 20418: 82080, 20419: 519, 20421: 1294, 20422: 1489, 20423: 1585, 20427: 44206, 20428: 57381, 20429: 449, 20432: 1543, 20433: 449, 20434: 46494, 20436: 805, 20437: 69242, 20438: 69990, 20439: 1259, 20440: 743, 20441: 46494, 20442: 69985, 20443: 690, 20444: 82080, 20445: 805, 20446: 67720, 20447: 78645, 20449: 1012, 20450: 69995, 20451: 80479, 20452: 57455, 20453: 57455, 20454: 52945, 20455: 913, 20456: 50588, 20457: 51797, 20458: 913, 20459: 1161, 20460: 1585, 20461: 63270, 20462: 69995, 20463: 49332, 20465: 65341, 20466: 1012, 20467: 1291, 20468: 1107, 20469: 1259, 20471: 57381, 20472: 57381, 20473: 743, 20475: 72051, 20476: 1617, 20481: 1107, 20482: 75379, 20484: 52945, 20485: 75379, 20486: 54448, 20487: 449, 20488: 1188, 20489: 69990, 20490: 70342, 20491: 67720, 20492: 805, 20493: 1107, 20494: 46494, 20495: 683, 20496: 75453, 20497: 50588, 20499: 65877, 20501: 44206, 20503: 57639, 20504: 69990, 20505: 62344, 20506: 85710, 20507: 1357, 20508: 1161, 20509: 50588, 20510: 913, 20511: 85646, 20512: 70342, 20513: 1291, 20514: 64790, 20515: 913, 20517: 69995, 20518: 69995, 20519: 63270, 20520: 52945, 20521: 65161, 20522: 1161, 20523: 1259, 20524: 68173, 20525: 519, 20527: 82080, 20528: 1502, 20530: 46494, 20531: 59008, 20532: 805, 20533: 75421, 20534: 65161, 20535: 48922, 20536: 44206, 20537: 69985, 20538: 69990, 20539: 449, 20540: 690, 20541: 1617, 20542: 75958, 20543: 48922, 20544: 728, 20545: 91896, 20546: 71117, 20547: 64790, 20549: 80479, 20550: 51797, 20552: 1288, 20553: 1502, 20554: 57290, 20555: 62344, 20556: 65877, 20557: 75379, 20558: 1107, 20559: 1391, 20560: 65877, 20561: 85710, 20563: 1167, 20564: 57070, 20565: 69990, 20567: 849, 20569: 52945, 20570: 91896, 20571: 1585, 20572: 1288, 20573: 35259, 20574: 48922, 20575: 44206, 20576: 75958, 20577: 69985, 20578: 1347, 20579: 71117, 20580: 68173, 20581: 1014, 20582: 35259, 20583: 1288, 20584: 71117, 20585: 2048, 20587: 1012, 20588: 63270, 20589: 52945, 20590: 82080, 20591: 57455, 20592: 683, 20593: 805, 20594: 72051, 20595: 59008, 20596: 1347, 20597: 1585, 20599: 64727, 20600: 49332, 20601: 75379, 20602: 35245, 20605: 35245, 20606: 50588, 20607: 913, 20608: 57417, 20609: 1585, 20610: 1482, 20611: 1107, 20612: 686, 20613: 57309, 20614: 1167, 20615: 75453, 20616: 953, 20617: 61726, 20618: 85669, 20619: 1182, 20620: 1054, 20621: 1457, 20622: 849, 20624: 226, 20625: 1457, 20626: 69995, 20628: 1540, 20630: 69995, 20631: 449, 20633: 69242, 20634: 73383, 20635: 1583, 20636: 54448, 20637: 1583, 20638: 226, 20639: 1391, 20640: 52945, 20641: 85669, 20642: 62344, 20643: 1391, 20645: 52945, 20646: 85669, 20647: 57639, 20648: 686, 20650: 686, 20651: 1193, 20652: 58096, 20653: 1391, 20654: 953, 20655: 1482, 20656: 1084, 20659: 70342, 20661: 64727, 20662: 57309, 20663: 1161, 20669: 69242, 20670: 65877, 20671: 1540, 20672: 57972, 20673: 57639, 20675: 78631, 20676: 78631, 20677: 61726, 20678: 75379, 20680: 69990, 20681: 1188, 20684: 1543, 20688: 805, 20689: 50588, 20690: 64727, 20692: 1182, 20693: 58096, 20694: 913, 20695: 75453, 20696: 75379, 20697: 184, 20698: 85669, 20699: 70342, 20700: 54448, 20701: 54448, 20702: 1288, 20703: 66626, 20704: 1173, 20705: 50588, 20706: 57309, 20707: 54448, 20708: 1399, 20709: 1161, 20710: 1161, 20711: 1014, 20712: 0, 20713: 57257, 20714: 52945, 20715: 57290, 20716: 913, 20717: 58543, 20719: 54448, 20720: 75453, 20721: 1012, 20722: 46494, 20723: 1489, 20724: 80479, 20725: 78631, 20726: 46793, 20727: 62344, 20729: 48266, 20730: 1113, 20731: 743, 20732: 765, 20734: 690, 20735: 65877, 20736: 522, 20737: 44206, 20739: 65877, 20740: 1188, 20741: 1357, 20742: 1116, 20743: 78631, 20744: 69995, 20746: 69990, 20747: 57309, 20748: 1107, 20749: 57639, 20750: 849, 20751: 1012, 20752: 190, 20754: 743, 20757: 1585, 20758: 54448, 20759: 57639, 20761: 70373, 20762: 1084, 20763: 63099, 20764: 1617, 20765: 1347, 20766: 70373, 20768: 0, 20769: 519, 20770: 77145, 20773: 1347, 20774: 57290, 20775: 58096, 20777: 1182, 20778: 2048, 20779: 70500, 20781: 57290, 20782: 67720, 20784: 57070, 20785: 57070, 20786: 1167, 20789: 728, 20790: 58543, 20791: 184, 20792: 82085, 20793: 70500, 20794: 49332, 20795: 69242, 20796: 68650, 20797: 2048, 20798: 70373, 20799: 69242, 20800: 1482, 20802: 57381, 20803: 68650, 20804: 68650, 20805: 13699, 20806: 58543, 20807: 57381, 20808: 85687, 20809: 58096, 20810: 46793, 20811: 48266, 20813: 49332, 20814: 49332, 20815: 82067, 20816: 57309, 20817: 82067, 20818: 58096, 20819: 1502, 20820: 85669, 20821: 78631, 20822: 1399, 20823: 1014, 20824: 226, 20825: 849, 20826: 85710, 20827: 62344, 20828: 63270, 20829: 1259, 20831: 1391, 20832: 1399, 20833: 1617, 20834: 86055, 20835: 62344, 20836: 849, 20837: 0, 20838: 1347, 20840: 1583, 20841: 57455, 20842: 83288, 20843: 57290, 20844: 1482, 20845: 57639, 20846: 1223, 20850: 87001, 20852: 57309, 20853: 1457, 20854: 1585, 20856: 686, 20858: 70373, 20859: 82070, 20860: 63882, 20861: 63882, 20862: 82070, 20863: 82070, 20864: 395, 20872: 953, 20873: 226, 20874: 0, 20875: 64727, 20876: 805, 20877: 63882, 20881: 64727, 20883: 70500, 20884: 82070, 20885: 1391, 20886: 67720, 20887: 1457, 20888: 82070, 20889: 1502, 20890: 91053, 20891: 1391, 20892: 72039, 20894: 765, 20895: 44206, 20897: 85669, 20900: 1167, 20901: 68650, 20902: 83288, 20904: 1188, 20905: 73383, 20906: 849, 20907: 1188, 20909: 65877, 20910: 72051, 20911: 1107, 20913: 73383, 20916: 1116, 20917: 84328, 20918: 69990, 20919: 84328, 20921: 63099, 20922: 82070, 20923: 57381, 20925: 1294, 20926: 65941, 20928: 1300, 20929: 51797, 20930: 0, 20931: 1223, 20932: 64790, 20933: 743, 20934: 1193, 20935: 63882, 20936: 65941, 20937: 67720, 20938: 1193, 20939: 395, 20940: 65161, 20941: 87001, 20942: 75379, 20943: 57290, 20944: 59008, 20948: 65877, 20949: 1193, 20950: 63882, 20951: 64790, 20953: 64727, 20954: 48922, 20955: 1116, 20956: 58096, 20958: 63756, 20959: 87001, 20960: 1399, 20961: 1502, 20962: 184, 20963: 146, 20964: 72039, 20965: 65941, 20966: 59008, 20967: 85710, 20968: 75453, 20969: 1300, 20970: 72039, 20971: 59008, 20973: 1054, 20974: 63756, 20975: 58096, 20977: 1399, 20978: 1502, 20979: 1193, 20980: 63756, 20981: 57070, 20982: 83288, 20983: 57972, 20985: 83288, 20986: 1167, 20987: 0, 20988: 63756, 20990: 57972, 20992: 57417, 20993: 83288, 20995: 85710, 20997: 72039, 20998: 63882, 20999: 57972, 21000: 82070, 21001: 78631, 21002: 1167, 21003: 57972, 21005: 83288, 21006: 57070, 21007: 1300, 21008: 69995, 21009: 57972, 21011: 87001, 21012: 84328, 21013: 57639, 21014: 65877, 21015: 91053, 21016: 146, 21017: 85700, 21018: 35245, 21019: 63756, 21020: 68173, 21021: 1188, 21022: 63270, 21023: 1457, 21028: 86055, 21030: 85700, 21032: 54448, 21033: 728, 21034: 57417, 21035: 1399, 21036: 91896, 21037: 2048, 21038: 1457, 21039: 1300, 21041: 72051, 21043: 146, 21045: 75453, 21047: 57290, 21050: 57639, 21053: 1294, 21055: 82080, 21056: 57381, 21057: 449, 21058: 63756, 21059: 1107, 21060: 1107, 21061: 78645, 21062: 1014, 21063: 46494, 21064: 1014, 21065: 1188, 21066: 1259, 21067: 683, 21068: 72051, 21069: 72051, 21070: 57290, 21072: 71117, 21073: 69995, 21074: 1617, 21075: 78645, 21077: 1540, 21084: 67720, 21085: 88653, 21086: 90942, 21087: 57649, 21091: 85710, 21092: 58096, 21093: 85646, 21096: 2346, 21097: 74355, 21098: 63756, 21099: 2114, 21100: 2076, 21101: 2346, 21102: 2114, 21103: 1116, 21104: 59008, 21105: 80140, 21106: 2114, 21107: 73235, 21108: 56939, 21109: 56939, 21110: 80140, 21112: 1391, 21113: 89226, 21115: 2114, 21116: 89226, 21117: 80140, 21118: 83288, 21119: 89226, 21120: 2076, 21121: 74355, 21123: 80140, 21124: 88653, 21125: 88653, 21126: 74355, 21127: 74355, 21128: 57649, 21129: 2114, 21130: 74355, 21132: 53429, 21133: 87984, 21134: 57649, 21135: 88653, 21136: 74355, 21138: 53429, 21139: 88653, 21140: 53429, 21141: 80140, 21142: 2346, 21143: 57649, 21144: 2114, 21145: 88653, 21146: 89226, 21147: 53429, 21148: 2114, 21149: 2076, 21150: 86213, 21151: 87984, 21153: 2114, 21154: 44206, 21155: 86157, 21156: 80140, 21157: 1188, 21159: 89226, 21163: 146, 21164: 86157, 21165: 88653, 21166: 88653, 21167: 80140, 21168: 2114, 21170: 88653, 21171: 53429, 21172: 57649, 21173: 56939, 21174: 90998, 21175: 1223, 21176: 56939, 21177: 56939, 21178: 57649, 21179: 86213, 21180: 90998, 21181: 86213, 21182: 86157, 21184: 56939, 21185: 86213, 21186: 86213, 21187: 0, 21188: 0, 21189: 0, 21190: 78631, 21191: 184, 21192: 59008, 21193: 57639, 21194: 0, 21195: 395, 21196: 1489, 21197: 57649, 21198: 74355, 21199: 2076, 21203: 90998, 21205: 74355, 21206: 86213, 21208: 87984, 21209: 89226, 21223: 683, 21226: 683, 21227: 1585, 21228: 68173, 21229: 0, 21230: 69990, 21231: 519, 21232: 57381, 21233: 1259, 21234: 805, 21235: 690, 21236: 71117, 21237: 71117, 21238: 1288, 21239: 805, 21240: 82080, 21241: 395, 21244: 64727, 21249: 0, 21262: 1489, 21265: 68182, 21271: 65161, 21279: 91053, 21280: 57639, 21288: 63756, 21290: 59008, 21298: 72051, 21303: 1457, 21304: 46494, 21305: 1294, 21306: 1167, 21307: 728, 21308: 1294, 21311: 1347, 21312: 88486, 21313: 1054, 21314: 1540, 21315: 1347, 21316: 71117, 21317: 765, 21318: 395, 21319: 1294, 21322: 69985, 21324: 71117, 21325: 550, 21326: 57455, 21327: 519, 21328: 35259, 21329: 805, 21331: 57972, 21333: 51797, 21334: 57455, 21335: 1357, 21336: 765, 21338: 1054, 21339: 1457, 21340: 1294, 21341: 765, 21344: 1288, 21345: 0, 21346: 57309, 21348: 63099, 21349: 0, 21351: 1259, 21354: 78626, 21356: 77145, 21357: 85646, 21358: 35245, 21363: 1347, 21366: 65941, 21369: 88486, 21370: 1054, 21378: 70342, 21384: 1188, 21398: 805, 21445: 2114, 21446: 58096, 21447: 1357, 21448: 35259, 21450: 69990, 21454: 48922, 21455: 1014, 21460: 1482, 21462: 1585, 21463: 75453, 21465: 0, 21468: 1391, 21470: 226, 21474: 686, 21475: 1012, 21477: 91896, 21478: 61726, 21479: 1107, 21480: 519, 21481: 1161, 21482: 1161, 21483: 70373, 21484: 69995, 21487: 51797, 21488: 65161, 21489: 91053, 21490: 1259, 21491: 1113, 21492: 1161, 21493: 50453, 21494: 342}",0.0,filho
647671.1386573338,Cruzamento,1733628365.2614167,40,"{20331: 1294, 20332: 70342, 20333: 1482, 20334: 82085, 20335: 1294, 20336: 57257, 20337: 65341, 20338: 1182, 20339: 1084, 20340: 57309, 20341: 765, 20342: 2048, 20343: 69242, 20344: 849, 20345: 57257, 20346: 1412, 20347: 63099, 20348: 1084, 20349: 75453, 20350: 63099, 20351: 75453, 20352: 69242, 20353: 70342, 20354: 849, 20355: 1489, 20356: 1489, 20357: 849, 20358: 70342, 20359: 57257, 20360: 2048, 20361: 58096, 20362: 1412, 20363: 1489, 20364: 184, 20365: 1617, 20366: 70171, 20367: 57309, 20368: 90927, 20369: 1617, 20370: 48266, 20371: 70373, 20372: 49332, 20373: 1291, 20378: 1182, 20379: 69990, 20380: 70342, 20381: 57070, 20383: 1583, 20384: 686, 20385: 75421, 20386: 68182, 20387: 75421, 20388: 13699, 20389: 68182, 20392: 1291, 20393: 63099, 20394: 75453, 20395: 48266, 20396: 1543, 20397: 849, 20398: 75421, 20399: 70342, 20400: 58096, 20401: 57455, 20402: 1489, 20403: 1084, 20404: 57455, 20405: 1288, 20406: 519, 20407: 743, 20408: 71117, 20409: 1288, 20410: 57381, 20411: 449, 20412: 226, 20413: 58096, 20414: 1014, 20415: 46494, 20416: 805, 20417: 57290, 20418: 683, 20419: 1617, 20421: 65341, 20422: 82085, 20423: 1585, 20427: 68173, 20428: 78645, 20429: 48922, 20432: 44206, 20433: 1502, 20434: 57290, 20436: 182, 20437: 1188, 20438: 1502, 20439: 57381, 20440: 73383, 20441: 70342, 20442: 57381, 20443: 13828, 20444: 71117, 20445: 683, 20446: 1502, 20447: 71117, 20449: 50588, 20450: 913, 20451: 80479, 20452: 80479, 20453: 35245, 20454: 69995, 20455: 52945, 20456: 70342, 20457: 46793, 20458: 1012, 20459: 51797, 20460: 63756, 20461: 35245, 20462: 64790, 20463: 57257, 20465: 57070, 20466: 63756, 20467: 849, 20468: 743, 20469: 67720, 20471: 1014, 20472: 13828, 20473: 1188, 20475: 67720, 20476: 1259, 20481: 71117, 20482: 35245, 20484: 85646, 20485: 46793, 20486: 913, 20487: 743, 20488: 44206, 20489: 683, 20490: 519, 20491: 78645, 20492: 57381, 20493: 82080, 20494: 91896, 20495: 1585, 20496: 58096, 20497: 54448, 20499: 1054, 20501: 1347, 20503: 35259, 20504: 57070, 20505: 83288, 20506: 1012, 20507: 46494, 20508: 69995, 20509: 1012, 20510: 52945, 20511: 64727, 20512: 54448, 20513: 1291, 20514: 146, 20515: 52945, 20517: 35245, 20518: 226, 20519: 75379, 20520: 69995, 20521: 50588, 20522: 52945, 20523: 1543, 20524: 449, 20525: 728, 20527: 1617, 20528: 44206, 20530: 72051, 20531: 13828, 20532: 1259, 20533: 69990, 20534: 46793, 20535: 75958, 20536: 68173, 20537: 1617, 20538: 690, 20539: 69990, 20540: 1617, 20541: 71117, 20542: 1288, 20543: 449, 20544: 1014, 20545: 1585, 20546: 91896, 20547: 57070, 20549: 80479, 20550: 63270, 20552: 46494, 20553: 71117, 20554: 1288, 20555: 61726, 20556: 78631, 20557: 1391, 20558: 1502, 20559: 1399, 20560: 686, 20561: 46494, 20563: 65877, 20564: 1167, 20565: 85710, 20567: 69990, 20569: 51797, 20570: 743, 20571: 68173, 20572: 1347, 20573: 690, 20574: 67720, 20575: 449, 20576: 728, 20577: 48922, 20578: 1014, 20579: 1347, 20580: 35259, 20581: 75958, 20582: 48922, 20583: 743, 20584: 1347, 20585: 1543, 20587: 1161, 20588: 1012, 20589: 65161, 20590: 395, 20591: 449, 20592: 1188, 20593: 57290, 20594: 690, 20595: 522, 20596: 73383, 20597: 805, 20599: 1012, 20600: 63270, 20601: 63270, 20602: 35245, 20605: 226, 20606: 1161, 20607: 52945, 20608: 58096, 20609: 1173, 20610: 1084, 20611: 65877, 20612: 75453, 20613: 1457, 20614: 57309, 20615: 69995, 20616: 849, 20617: 1167, 20618: 1540, 20619: 765, 20620: 1457, 20621: 1167, 20622: 686, 20624: 1457, 20625: 65877, 20626: 686, 20628: 686, 20630: 66626, 20631: 519, 20633: 1107, 20634: 72051, 20635: 1084, 20636: 913, 20637: 1391, 20638: 146, 20639: 85669, 20640: 57639, 20641: 52945, 20642: 1391, 20643: 1193, 20645: 1391, 20646: 953, 20647: 686, 20648: 58096, 20650: 58096, 20651: 62344, 20652: 686, 20653: 1193, 20654: 85669, 20655: 1412, 20656: 184, 20659: 1585, 20661: 69995, 20662: 70373, 20663: 913, 20669: 522, 20670: 78631, 20671: 57639, 20672: 35259, 20673: 57972, 20675: 61726, 20676: 57972, 20677: 73235, 20678: 62344, 20680: 68173, 20681: 449, 20684: 1347, 20688: 1617, 20689: 69995, 20690: 52945, 20692: 57257, 20693: 85669, 20694: 66626, 20695: 1489, 20696: 1173, 20697: 1182, 20698: 58543, 20699: 63756, 20700: 50588, 20701: 913, 20702: 1167, 20703: 54448, 20704: 66626, 20705: 75379, 20706: 1182, 20707: 70342, 20708: 46494, 20709: 1161, 20710: 1161, 20711: 1543, 20712: 0, 20713: 75421, 20714: 52945, 20715: 690, 20716: 70342, 20717: 57639, 20719: 1585, 20720: 75453, 20721: 913, 20722: 805, 20723: 51797, 20724: 80479, 20725: 85669, 20726: 46793, 20727: 78631, 20729: 1617, 20730: 88486, 20731: 48922, 20732: 1054, 20734: 1288, 20735: 57309, 20736: 1014, 20737: 73383, 20739: 35259, 20740: 57455, 20741: 686, 20742: 1167, 20743: 1116, 20744: 68650, 20746: 69990, 20747: 91053, 20748: 58096, 20749: 69990, 20750: 686, 20751: 1399, 20752: 1502, 20754: 44206, 20757: 1161, 20758: 1012, 20759: 62344, 20761: 1482, 20762: 75453, 20763: 63099, 20764: 1084, 20765: 63099, 20766: 63099, 20768: 184, 20769: 395, 20770: 77145, 20773: 70500, 20774: 1154, 20775: 69990, 20777: 1391, 20778: 70500, 20779: 1399, 20781: 1457, 20782: 49332, 20784: 57290, 20785: 2048, 20786: 70500, 20789: 1347, 20790: 58543, 20791: 70342, 20792: 46793, 20793: 146, 20794: 49332, 20795: 59008, 20796: 1188, 20797: 75421, 20798: 13699, 20799: 70373, 20800: 1482, 20802: 69242, 20803: 85710, 20804: 57309, 20805: 69242, 20806: 1391, 20807: 72051, 20808: 82067, 20809: 1291, 20810: 63099, 20811: 57070, 20813: 48266, 20814: 1482, 20815: 85687, 20816: 57455, 20817: 85687, 20818: 1391, 20819: 1502, 20820: 1167, 20821: 1116, 20822: 85687, 20823: 46494, 20824: 57417, 20825: 75453, 20826: 75379, 20827: 46494, 20828: 184, 20829: 67720, 20831: 57290, 20832: 57639, 20833: 1291, 20834: 728, 20835: 1502, 20836: 1583, 20837: 57070, 20838: 57070, 20840: 2048, 20841: 1412, 20842: 1357, 20843: 226, 20844: 57455, 20845: 65877, 20846: 1300, 20850: 65877, 20852: 90927, 20853: 51797, 20854: 72051, 20856: 46793, 20858: 48266, 20859: 82070, 20860: 63882, 20861: 63882, 20862: 82070, 20863: 82070, 20864: 395, 20872: 953, 20873: 395, 20874: 0, 20875: 91053, 20876: 683, 20877: 83288, 20881: 75379, 20883: 75453, 20884: 57972, 20885: 59008, 20886: 64727, 20887: 1540, 20888: 82070, 20889: 683, 20890: 64727, 20891: 1391, 20892: 82070, 20894: 85669, 20895: 64790, 20897: 1540, 20900: 1457, 20901: 75379, 20902: 72039, 20904: 63099, 20905: 522, 20906: 765, 20907: 1188, 20909: 65877, 20910: 182, 20911: 849, 20913: 72051, 20916: 85669, 20917: 87001, 20918: 73383, 20919: 63882, 20921: 58543, 20922: 82070, 20923: 690, 20925: 1294, 20926: 85700, 20928: 1300, 20929: 51797, 20930: 61726, 20931: 51797, 20932: 1288, 20933: 57290, 20934: 63099, 20935: 82070, 20936: 91053, 20937: 1399, 20938: 1193, 20939: 1502, 20940: 1223, 20941: 72039, 20942: 1399, 20943: 69985, 20944: 1193, 20948: 83288, 20949: 1193, 20950: 87001, 20951: 1300, 20953: 64727, 20954: 68173, 20955: 1457, 20956: 57639, 20958: 57639, 20959: 65877, 20960: 54448, 20961: 1012, 20962: 1300, 20963: 69995, 20964: 72039, 20965: 91053, 20966: 64790, 20967: 1054, 20968: 44206, 20969: 85700, 20970: 57972, 20971: 63756, 20973: 85710, 20974: 59008, 20975: 1154, 20977: 85710, 20978: 63756, 20979: 0, 20980: 63756, 20981: 49332, 20982: 72039, 20983: 1054, 20985: 72039, 20986: 728, 20987: 64790, 20988: 1054, 20990: 85710, 20992: 68650, 20993: 72039, 20995: 1012, 20997: 83288, 20998: 82070, 20999: 87001, 21000: 63882, 21001: 70500, 21002: 57639, 21003: 57972, 21005: 83288, 21006: 72051, 21007: 2048, 21008: 69995, 21009: 65877, 21011: 72039, 21012: 87001, 21013: 57290, 21014: 65877, 21015: 91053, 21016: 72051, 21017: 64790, 21018: 1193, 21019: 184, 21020: 69985, 21021: 1543, 21022: 75379, 21023: 63270, 21028: 86055, 21030: 85700, 21032: 52945, 21033: 35245, 21034: 1154, 21035: 58543, 21036: 35259, 21037: 1223, 21038: 728, 21039: 63270, 21041: 85700, 21043: 67720, 21045: 1188, 21047: 86055, 21050: 83288, 21053: 1294, 21055: 82080, 21056: 1585, 21057: 1107, 21058: 1107, 21059: 395, 21060: 1107, 21061: 46494, 21062: 1502, 21063: 1014, 21064: 57381, 21065: 1543, 21066: 1188, 21067: 683, 21068: 73383, 21069: 46494, 21070: 69990, 21072: 1107, 21073: 1182, 21074: 67720, 21075: 78645, 21077: 1540, 21084: 1617, 21085: 2114, 21086: 89226, 21087: 87984, 21091: 1012, 21092: 78631, 21093: 63270, 21096: 2114, 21097: 53429, 21098: 65941, 21099: 2114, 21100: 2076, 21101: 57649, 21102: 80140, 21103: 1457, 21104: 51797, 21105: 88653, 21106: 2346, 21107: 62344, 21108: 2346, 21109: 2114, 21110: 90942, 21112: 75379, 21113: 88653, 21115: 2346, 21116: 80140, 21117: 57649, 21118: 88486, 21119: 2076, 21120: 2076, 21121: 74355, 21123: 57649, 21124: 2076, 21125: 53429, 21126: 57649, 21127: 56939, 21128: 74355, 21129: 74355, 21130: 53429, 21132: 57649, 21133: 87984, 21134: 53429, 21135: 56939, 21136: 53429, 21138: 57649, 21139: 56939, 21140: 57649, 21141: 86157, 21142: 80140, 21143: 53429, 21144: 2114, 21145: 53429, 21146: 89226, 21147: 88653, 21148: 53429, 21149: 80140, 21150: 80140, 21151: 86213, 21153: 53429, 21154: 1223, 21155: 86157, 21156: 87984, 21157: 1288, 21159: 2346, 21163: 146, 21164: 86157, 21165: 80140, 21166: 90998, 21167: 87984, 21168: 90998, 21170: 90998, 21171: 86213, 21172: 57649, 21173: 2076, 21174: 2114, 21175: 0, 21176: 2076, 21177: 87984, 21178: 88653, 21179: 56939, 21180: 2346, 21181: 57649, 21182: 86157, 21184: 87984, 21185: 0, 21186: 2076, 21187: 0, 21188: 0, 21189: 0, 21190: 63270, 21191: 184, 21192: 1223, 21193: 70500, 21194: 0, 21195: 1167, 21196: 70342, 21197: 74355, 21198: 2114, 21199: 86213, 21203: 2076, 21205: 53429, 21206: 86213, 21208: 87984, 21209: 89226, 21223: 1585, 21226: 1014, 21227: 69985, 21228: 46494, 21229: 395, 21230: 78645, 21231: 395, 21232: 1259, 21233: 683, 21234: 70342, 21235: 1259, 21236: 57381, 21237: 71117, 21238: 1543, 21239: 72051, 21240: 1107, 21241: 1347, 21244: 66626, 21249: 1012, 21262: 57070, 21265: 13699, 21271: 91053, 21279: 59008, 21280: 59008, 21288: 57290, 21290: 51797, 21298: 57639, 21303: 1347, 21304: 35259, 21305: 35259, 21306: 226, 21307: 64790, 21308: 1113, 21311: 1540, 21312: 1294, 21313: 35259, 21314: 88486, 21315: 57417, 21316: 1054, 21317: 1347, 21318: 57455, 21319: 51797, 21322: 690, 21324: 13828, 21325: 13828, 21326: 35259, 21327: 1347, 21328: 519, 21329: 78626, 21331: 72039, 21333: 57455, 21334: 57455, 21335: 226, 21336: 765, 21338: 1502, 21339: 1054, 21340: 1107, 21341: 1294, 21344: 1300, 21345: 72039, 21346: 91053, 21348: 63099, 21349: 0, 21351: 69990, 21354: 519, 21356: 90927, 21357: 75379, 21358: 184, 21363: 57257, 21366: 65941, 21369: 765, 21370: 63756, 21378: 68173, 21384: 44206, 21398: 78626, 21445: 74355, 21446: 62344, 21447: 1347, 21448: 67720, 21450: 1014, 21454: 68173, 21455: 683, 21460: 0, 21462: 82080, 21463: 75453, 21465: 0, 21468: 1391, 21470: 226, 21474: 686, 21475: 1012, 21477: 91896, 21478: 61726, 21479: 1107, 21480: 519, 21481: 1161, 21482: 1161, 21483: 70373, 21484: 69995, 21487: 51797, 21488: 65161, 21489: 91053, 21490: 1259, 21491: 1113, 21492: 1161, 21493: 50453, 21494: 342}",0.0,filho
646607.0273993327,Cruzamento,1733628368.465618,41,"{20331: 1294, 20332: 70342, 20333: 1482, 20334: 82085, 20335: 1294, 20336: 57257, 20337: 65341, 20338: 1182, 20339: 1084, 20340: 57309, 20341: 765, 20342: 2048, 20343: 69242, 20344: 849, 20345: 63099, 20346: 1583, 20347: 1084, 20348: 69242, 20349: 1291, 20350: 1291, 20351: 46793, 20352: 46793, 20353: 1084, 20354: 75421, 20355: 51797, 20356: 1412, 20357: 1291, 20358: 2048, 20359: 765, 20360: 2048, 20361: 58096, 20362: 1412, 20363: 1489, 20364: 184, 20365: 1617, 20366: 70171, 20367: 57309, 20368: 90927, 20369: 1617, 20370: 48266, 20371: 70373, 20372: 49332, 20373: 1291, 20378: 1182, 20379: 69990, 20380: 70342, 20381: 57070, 20383: 1583, 20384: 686, 20385: 75421, 20386: 68182, 20387: 75421, 20388: 13699, 20389: 68182, 20392: 1291, 20393: 63099, 20394: 75453, 20395: 48266, 20396: 1543, 20397: 849, 20398: 75421, 20399: 70342, 20400: 58096, 20401: 57455, 20402: 1489, 20403: 1084, 20404: 57455, 20405: 1288, 20406: 519, 20407: 743, 20408: 71117, 20409: 1288, 20410: 57381, 20411: 449, 20412: 226, 20413: 58096, 20414: 1014, 20415: 46494, 20416: 805, 20417: 57290, 20418: 683, 20419: 1617, 20421: 65341, 20422: 82085, 20423: 1585, 20427: 68173, 20428: 78645, 20429: 48922, 20432: 44206, 20433: 1502, 20434: 57290, 20436: 182, 20437: 1188, 20438: 1502, 20439: 57381, 20440: 73383, 20441: 70342, 20442: 57381, 20443: 13828, 20444: 71117, 20445: 683, 20446: 1502, 20447: 71117, 20449: 50588, 20450: 913, 20451: 80479, 20452: 80479, 20453: 35245, 20454: 69995, 20455: 52945, 20456: 70342, 20457: 46793, 20458: 1012, 20459: 51797, 20460: 63756, 20461: 35245, 20462: 64790, 20463: 57257, 20465: 57070, 20466: 63756, 20467: 849, 20468: 743, 20469: 67720, 20471: 1014, 20472: 13828, 20473: 1188, 20475: 67720, 20476: 1259, 20481: 71117, 20482: 35245, 20484: 85646, 20485: 46793, 20486: 913, 20487: 743, 20488: 44206, 20489: 683, 20490: 519, 20491: 78645, 20492: 57381, 20493: 82080, 20494: 91896, 20495: 1585, 20496: 58096, 20497: 54448, 20499: 1054, 20501: 1347, 20503: 35259, 20504: 57070, 20505: 83288, 20506: 1012, 20507: 46494, 20508: 69995, 20509: 1012, 20510: 52945, 20511: 64727, 20512: 54448, 20513: 1291, 20514: 146, 20515: 52945, 20517: 35245, 20518: 226, 20519: 75379, 20520: 69995, 20521: 50588, 20522: 52945, 20523: 1543, 20524: 449, 20525: 728, 20527: 1617, 20528: 44206, 20530: 72051, 20531: 13828, 20532: 1259, 20533: 69990, 20534: 46793, 20535: 75958, 20536: 68173, 20537: 1617, 20538: 690, 20539: 69990, 20540: 1617, 20541: 71117, 20542: 1288, 20543: 449, 20544: 1014, 20545: 1585, 20546: 91896, 20547: 57070, 20549: 80479, 20550: 63270, 20552: 46494, 20553: 71117, 20554: 1288, 20555: 61726, 20556: 78631, 20557: 1391, 20558: 1502, 20559: 1399, 20560: 686, 20561: 46494, 20563: 65877, 20564: 1167, 20565: 85710, 20567: 69990, 20569: 51797, 20570: 743, 20571: 68173, 20572: 1347, 20573: 690, 20574: 67720, 20575: 449, 20576: 728, 20577: 48922, 20578: 1014, 20579: 1347, 20580: 35259, 20581: 75958, 20582: 48922, 20583: 743, 20584: 1347, 20585: 1543, 20587: 1161, 20588: 1012, 20589: 65161, 20590: 395, 20591: 449, 20592: 1188, 20593: 57290, 20594: 690, 20595: 522, 20596: 73383, 20597: 805, 20599: 1012, 20600: 63270, 20601: 63270, 20602: 35245, 20605: 226, 20606: 1161, 20607: 52945, 20608: 58096, 20609: 1173, 20610: 1084, 20611: 65877, 20612: 75453, 20613: 1457, 20614: 57309, 20615: 69995, 20616: 849, 20617: 1167, 20618: 1540, 20619: 765, 20620: 1457, 20621: 1167, 20622: 686, 20624: 1457, 20625: 65877, 20626: 686, 20628: 686, 20630: 66626, 20631: 519, 20633: 1107, 20634: 72051, 20635: 1084, 20636: 913, 20637: 1391, 20638: 146, 20639: 85669, 20640: 57639, 20641: 52945, 20642: 1391, 20643: 1193, 20645: 1391, 20646: 953, 20647: 686, 20648: 58096, 20650: 58096, 20651: 62344, 20652: 686, 20653: 1193, 20654: 85669, 20655: 1412, 20656: 184, 20659: 1585, 20661: 69995, 20662: 70373, 20663: 913, 20669: 522, 20670: 78631, 20671: 57639, 20672: 35259, 20673: 57972, 20675: 61726, 20676: 57972, 20677: 73235, 20678: 62344, 20680: 68173, 20681: 449, 20684: 1347, 20688: 1617, 20689: 69995, 20690: 52945, 20692: 57257, 20693: 85669, 20694: 66626, 20695: 1489, 20696: 1173, 20697: 1182, 20698: 58543, 20699: 63756, 20700: 50588, 20701: 913, 20702: 1167, 20703: 54448, 20704: 66626, 20705: 75379, 20706: 1182, 20707: 70342, 20708: 46494, 20709: 1161, 20710: 1161, 20711: 1543, 20712: 0, 20713: 75421, 20714: 52945, 20715: 690, 20716: 70342, 20717: 57639, 20719: 1585, 20720: 75453, 20721: 913, 20722: 805, 20723: 51797, 20724: 80479, 20725: 85669, 20726: 46793, 20727: 78631, 20729: 1617, 20730: 88486, 20731: 48922, 20732: 1054, 20734: 1288, 20735: 57309, 20736: 1014, 20737: 73383, 20739: 35259, 20740: 57455, 20741: 686, 20742: 1167, 20743: 1116, 20744: 68650, 20746: 69990, 20747: 91053, 20748: 58096, 20749: 69990, 20750: 686, 20751: 1399, 20752: 1502, 20754: 44206, 20757: 1161, 20758: 1012, 20759: 62344, 20761: 1482, 20762: 75453, 20763: 63099, 20764: 1084, 20765: 63099, 20766: 63099, 20768: 184, 20769: 395, 20770: 77145, 20773: 70500, 20774: 1154, 20775: 69990, 20777: 1391, 20778: 70500, 20779: 1399, 20781: 1457, 20782: 49332, 20784: 57290, 20785: 2048, 20786: 70500, 20789: 1347, 20790: 58543, 20791: 70342, 20792: 46793, 20793: 146, 20794: 49332, 20795: 59008, 20796: 1188, 20797: 75421, 20798: 13699, 20799: 70373, 20800: 1482, 20802: 69242, 20803: 85710, 20804: 57309, 20805: 69242, 20806: 1391, 20807: 72051, 20808: 82067, 20809: 1291, 20810: 63099, 20811: 57070, 20813: 48266, 20814: 1482, 20815: 85687, 20816: 57455, 20817: 85687, 20818: 1391, 20819: 1502, 20820: 1167, 20821: 1116, 20822: 85687, 20823: 46494, 20824: 57417, 20825: 75453, 20826: 75379, 20827: 46494, 20828: 184, 20829: 67720, 20831: 57290, 20832: 57639, 20833: 1291, 20834: 728, 20835: 1502, 20836: 1583, 20837: 57070, 20838: 57070, 20840: 2048, 20841: 1412, 20842: 1357, 20843: 226, 20844: 57455, 20845: 65877, 20846: 1300, 20850: 65877, 20852: 90927, 20853: 51797, 20854: 72051, 20856: 46793, 20858: 48266, 20859: 82070, 20860: 63882, 20861: 63882, 20862: 82070, 20863: 82070, 20864: 395, 20872: 953, 20873: 395, 20874: 0, 20875: 91053, 20876: 683, 20877: 83288, 20881: 75379, 20883: 75453, 20884: 57972, 20885: 59008, 20886: 64727, 20887: 1540, 20888: 82070, 20889: 683, 20890: 64727, 20891: 1391, 20892: 82070, 20894: 85669, 20895: 64790, 20897: 1540, 20900: 1457, 20901: 75379, 20902: 72039, 20904: 63099, 20905: 522, 20906: 765, 20907: 1188, 20909: 65877, 20910: 182, 20911: 849, 20913: 72051, 20916: 85669, 20917: 87001, 20918: 73383, 20919: 63882, 20921: 58543, 20922: 82070, 20923: 690, 20925: 1294, 20926: 85700, 20928: 1300, 20929: 51797, 20930: 61726, 20931: 51797, 20932: 1288, 20933: 57290, 20934: 63099, 20935: 82070, 20936: 91053, 20937: 1399, 20938: 1193, 20939: 1502, 20940: 1223, 20941: 72039, 20942: 1399, 20943: 69985, 20944: 1193, 20948: 83288, 20949: 1193, 20950: 87001, 20951: 1300, 20953: 64727, 20954: 68173, 20955: 1457, 20956: 57639, 20958: 57639, 20959: 65877, 20960: 54448, 20961: 1012, 20962: 1300, 20963: 69995, 20964: 72039, 20965: 91053, 20966: 64790, 20967: 1054, 20968: 44206, 20969: 85700, 20970: 57972, 20971: 63756, 20973: 85710, 20974: 59008, 20975: 1154, 20977: 85710, 20978: 63756, 20979: 0, 20980: 63756, 20981: 49332, 20982: 72039, 20983: 1054, 20985: 72039, 20986: 728, 20987: 64790, 20988: 1054, 20990: 85710, 20992: 68650, 20993: 72039, 20995: 1012, 20997: 83288, 20998: 82070, 20999: 87001, 21000: 63882, 21001: 70500, 21002: 57639, 21003: 57972, 21005: 83288, 21006: 72051, 21007: 2048, 21008: 69995, 21009: 65877, 21011: 72039, 21012: 87001, 21013: 57290, 21014: 65877, 21015: 91053, 21016: 72051, 21017: 64790, 21018: 1193, 21019: 184, 21020: 69985, 21021: 1543, 21022: 75379, 21023: 63270, 21028: 86055, 21030: 85700, 21032: 52945, 21033: 35245, 21034: 1154, 21035: 58543, 21036: 35259, 21037: 1223, 21038: 728, 21039: 63270, 21041: 85700, 21043: 67720, 21045: 1188, 21047: 86055, 21050: 83288, 21053: 1294, 21055: 82080, 21056: 1585, 21057: 1107, 21058: 1107, 21059: 395, 21060: 1107, 21061: 46494, 21062: 1502, 21063: 1014, 21064: 57381, 21065: 1543, 21066: 1188, 21067: 683, 21068: 73383, 21069: 46494, 21070: 69990, 21072: 1107, 21073: 1182, 21074: 67720, 21075: 78645, 21077: 1540, 21084: 1617, 21085: 2114, 21086: 89226, 21087: 87984, 21091: 1012, 21092: 78631, 21093: 63270, 21096: 2114, 21097: 53429, 21098: 65941, 21099: 2114, 21100: 2076, 21101: 57649, 21102: 80140, 21103: 1457, 21104: 51797, 21105: 88653, 21106: 2346, 21107: 62344, 21108: 2346, 21109: 2114, 21110: 90942, 21112: 75379, 21113: 88653, 21115: 2346, 21116: 80140, 21117: 57649, 21118: 88486, 21119: 2076, 21120: 2076, 21121: 74355, 21123: 57649, 21124: 2076, 21125: 53429, 21126: 57649, 21127: 74355, 21128: 57649, 21129: 2114, 21130: 74355, 21132: 53429, 21133: 87984, 21134: 57649, 21135: 88653, 21136: 74355, 21138: 53429, 21139: 88653, 21140: 53429, 21141: 80140, 21142: 2346, 21143: 57649, 21144: 2114, 21145: 88653, 21146: 89226, 21147: 53429, 21148: 2114, 21149: 2076, 21150: 86213, 21151: 87984, 21153: 2114, 21154: 44206, 21155: 86157, 21156: 80140, 21157: 1188, 21159: 89226, 21163: 146, 21164: 86157, 21165: 88653, 21166: 88653, 21167: 80140, 21168: 2114, 21170: 88653, 21171: 53429, 21172: 57649, 21173: 56939, 21174: 90998, 21175: 1223, 21176: 56939, 21177: 56939, 21178: 57649, 21179: 86213, 21180: 90998, 21181: 86213, 21182: 86157, 21184: 56939, 21185: 86213, 21186: 86213, 21187: 0, 21188: 0, 21189: 0, 21190: 78631, 21191: 184, 21192: 59008, 21193: 57639, 21194: 0, 21195: 395, 21196: 1489, 21197: 57649, 21198: 74355, 21199: 2076, 21203: 90998, 21205: 74355, 21206: 86213, 21208: 87984, 21209: 89226, 21223: 683, 21226: 683, 21227: 1585, 21228: 68173, 21229: 0, 21230: 69990, 21231: 519, 21232: 57381, 21233: 1259, 21234: 805, 21235: 690, 21236: 71117, 21237: 71117, 21238: 1288, 21239: 805, 21240: 82080, 21241: 395, 21244: 64727, 21249: 0, 21262: 1489, 21265: 68182, 21271: 65161, 21279: 91053, 21280: 57639, 21288: 63756, 21290: 59008, 21298: 72051, 21303: 1457, 21304: 46494, 21305: 1294, 21306: 1167, 21307: 728, 21308: 1294, 21311: 1347, 21312: 88486, 21313: 1054, 21314: 1540, 21315: 1347, 21316: 71117, 21317: 765, 21318: 395, 21319: 1294, 21322: 69985, 21324: 71117, 21325: 550, 21326: 57455, 21327: 519, 21328: 35259, 21329: 805, 21331: 57972, 21333: 51797, 21334: 57455, 21335: 1357, 21336: 765, 21338: 1054, 21339: 1457, 21340: 1294, 21341: 765, 21344: 1288, 21345: 0, 21346: 57309, 21348: 63099, 21349: 0, 21351: 1259, 21354: 78626, 21356: 77145, 21357: 85646, 21358: 35245, 21363: 1347, 21366: 65941, 21369: 88486, 21370: 1054, 21378: 70342, 21384: 1188, 21398: 805, 21445: 2114, 21446: 58096, 21447: 1357, 21448: 35259, 21450: 69990, 21454: 48922, 21455: 1014, 21460: 1482, 21462: 1585, 21463: 75453, 21465: 0, 21468: 1391, 21470: 226, 21474: 686, 21475: 1012, 21477: 91896, 21478: 61726, 21479: 1107, 21480: 519, 21481: 1161, 21482: 1161, 21483: 70373, 21484: 69995, 21487: 51797, 21488: 65161, 21489: 91053, 21490: 1259, 21491: 1113, 21492: 1161, 21493: 50453, 21494: 342}",0.0,duplicado
642226.5840986655,Cruzamento,1733628368.465618,41,"{20331: 57309, 20332: 65341, 20333: 82085, 20334: 57070, 20335: 1182, 20336: 1489, 20337: 1291, 20338: 1084, 20339: 184, 20340: 57309, 20341: 65341, 20342: 1182, 20343: 1489, 20344: 1489, 20345: 68182, 20346: 70373, 20347: 70342, 20348: 1084, 20349: 63099, 20350: 57309, 20351: 51797, 20352: 58096, 20353: 46793, 20354: 849, 20355: 48266, 20356: 1291, 20357: 58096, 20358: 1084, 20359: 46793, 20360: 69990, 20361: 1412, 20362: 765, 20363: 57455, 20364: 1291, 20365: 82085, 20366: 75453, 20367: 90927, 20368: 1617, 20369: 65341, 20370: 70342, 20371: 57070, 20372: 48266, 20373: 1412, 20378: 82085, 20379: 57455, 20380: 1391, 20381: 686, 20383: 13699, 20384: 686, 20385: 69990, 20386: 57257, 20387: 13699, 20388: 75421, 20389: 68182, 20392: 63099, 20393: 58096, 20394: 51797, 20395: 184, 20396: 1347, 20397: 65341, 20398: 2048, 20399: 805, 20400: 1084, 20401: 1482, 20402: 46793, 20403: 1482, 20404: 67720, 20405: 1107, 20406: 57381, 20407: 1502, 20408: 743, 20409: 743, 20410: 1347, 20411: 395, 20412: 1585, 20413: 1489, 20414: 449, 20415: 1188, 20416: 67720, 20417: 519, 20418: 46494, 20419: 71117, 20421: 1347, 20422: 1617, 20423: 1585, 20427: 72051, 20428: 48922, 20429: 44206, 20432: 683, 20433: 1502, 20434: 690, 20436: 1259, 20437: 57381, 20438: 48922, 20439: 683, 20440: 69985, 20441: 690, 20442: 69242, 20443: 46494, 20444: 522, 20445: 522, 20446: 69242, 20447: 69242, 20449: 69995, 20450: 57455, 20451: 1012, 20452: 54448, 20453: 1585, 20454: 50588, 20455: 52945, 20456: 50588, 20457: 63756, 20458: 65161, 20459: 1585, 20460: 1161, 20461: 80479, 20462: 57290, 20463: 1412, 20465: 69990, 20466: 1012, 20467: 57257, 20468: 67720, 20469: 743, 20471: 1014, 20472: 71117, 20473: 1107, 20475: 805, 20476: 690, 20481: 1107, 20482: 35245, 20484: 75379, 20485: 69995, 20486: 54448, 20487: 1502, 20488: 1188, 20489: 728, 20490: 71117, 20491: 57381, 20492: 44206, 20493: 1014, 20494: 91896, 20495: 72051, 20496: 849, 20497: 69995, 20499: 88486, 20501: 71117, 20503: 1357, 20504: 765, 20505: 1167, 20506: 1294, 20507: 65877, 20508: 54448, 20509: 46793, 20510: 52945, 20511: 75379, 20512: 52945, 20513: 1291, 20514: 69995, 20515: 70342, 20517: 63270, 20518: 913, 20519: 1012, 20520: 54448, 20521: 63270, 20522: 913, 20523: 519, 20524: 70342, 20525: 1259, 20527: 68173, 20528: 57381, 20530: 91896, 20531: 182, 20532: 71117, 20533: 75421, 20534: 35245, 20535: 71117, 20536: 44206, 20537: 75958, 20538: 35259, 20539: 70342, 20540: 67720, 20541: 1014, 20542: 48922, 20543: 59008, 20544: 1014, 20545: 449, 20546: 1585, 20547: 69995, 20549: 913, 20550: 1161, 20552: 1502, 20553: 728, 20554: 1188, 20555: 85710, 20556: 1182, 20557: 849, 20558: 1399, 20559: 1391, 20560: 1116, 20561: 57070, 20563: 78631, 20564: 44206, 20565: 1167, 20567: 1457, 20569: 63756, 20570: 59008, 20571: 743, 20572: 68173, 20573: 728, 20574: 70342, 20575: 1347, 20576: 44206, 20577: 690, 20578: 91896, 20579: 75958, 20580: 449, 20581: 69990, 20582: 35259, 20583: 69985, 20584: 91896, 20585: 75379, 20587: 63756, 20588: 85646, 20589: 913, 20590: 46494, 20591: 1259, 20592: 57290, 20593: 69985, 20594: 70342, 20595: 1502, 20596: 67720, 20597: 69985, 20599: 1585, 20600: 75379, 20601: 1161, 20602: 226, 20605: 35245, 20606: 64727, 20607: 1585, 20608: 1223, 20609: 64727, 20610: 1482, 20611: 65877, 20612: 69995, 20613: 1457, 20614: 69995, 20615: 686, 20616: 69990, 20617: 1540, 20618: 1116, 20619: 85710, 20620: 1107, 20621: 1107, 20622: 75453, 20624: 75453, 20625: 686, 20626: 953, 20628: 953, 20630: 66626, 20631: 1543, 20633: 46494, 20634: 690, 20635: 68182, 20636: 54448, 20637: 75421, 20638: 1288, 20639: 1391, 20640: 85669, 20641: 57639, 20642: 1193, 20643: 62344, 20645: 52945, 20646: 52945, 20647: 1193, 20648: 58096, 20650: 953, 20651: 85669, 20652: 1391, 20653: 57639, 20654: 686, 20655: 1583, 20656: 70342, 20659: 1173, 20661: 75379, 20662: 75453, 20663: 913, 20669: 69985, 20670: 35259, 20671: 57639, 20672: 65877, 20673: 73235, 20675: 61726, 20676: 75453, 20677: 1540, 20678: 78631, 20680: 1543, 20681: 728, 20684: 743, 20688: 82080, 20689: 1161, 20690: 66626, 20692: 57257, 20693: 58543, 20694: 913, 20695: 1489, 20696: 1161, 20697: 184, 20698: 62344, 20699: 50588, 20700: 1173, 20701: 63756, 20702: 1182, 20703: 54448, 20704: 63756, 20705: 64727, 20706: 69242, 20707: 63756, 20708: 1054, 20709: 1161, 20710: 1161, 20711: 68173, 20712: 0, 20713: 75421, 20714: 52945, 20715: 73383, 20716: 70342, 20717: 58543, 20719: 52945, 20720: 46793, 20721: 1012, 20722: 46494, 20723: 184, 20724: 46793, 20725: 78631, 20726: 80479, 20727: 1347, 20729: 1412, 20730: 57972, 20731: 1014, 20732: 83288, 20734: 57455, 20735: 62344, 20736: 73383, 20737: 59008, 20739: 75379, 20740: 1543, 20741: 85710, 20742: 75379, 20743: 686, 20744: 395, 20746: 1457, 20747: 49332, 20748: 1357, 20749: 63756, 20750: 1012, 20751: 85710, 20752: 46494, 20754: 1259, 20757: 1012, 20758: 35245, 20759: 58096, 20761: 63099, 20762: 75453, 20763: 1084, 20764: 1617, 20765: 1482, 20766: 75453, 20768: 0, 20769: 449, 20770: 77145, 20773: 63270, 20774: 1300, 20775: 57070, 20777: 57070, 20778: 146, 20779: 1347, 20781: 1543, 20782: 1223, 20784: 146, 20785: 146, 20786: 1154, 20789: 690, 20790: 58543, 20791: 1583, 20792: 49332, 20793: 728, 20794: 48266, 20795: 44206, 20796: 78631, 20797: 69242, 20798: 75421, 20799: 2048, 20800: 13699, 20802: 13828, 20803: 1288, 20804: 1154, 20805: 13699, 20806: 1391, 20807: 522, 20808: 85687, 20809: 1347, 20810: 46793, 20811: 70342, 20813: 70373, 20814: 2048, 20815: 85687, 20816: 184, 20817: 85687, 20818: 1347, 20819: 1502, 20820: 62344, 20821: 62344, 20822: 849, 20823: 805, 20824: 57309, 20825: 78631, 20826: 184, 20827: 69990, 20828: 184, 20829: 67720, 20831: 57290, 20832: 57639, 20833: 1291, 20834: 728, 20835: 1502, 20836: 1583, 20837: 57070, 20838: 57070, 20840: 2048, 20841: 1412, 20842: 1357, 20843: 226, 20844: 57455, 20845: 65877, 20846: 1300, 20850: 65877, 20852: 90927, 20853: 51797, 20854: 72051, 20856: 46793, 20858: 48266, 20859: 82070, 20860: 63882, 20861: 63882, 20862: 82070, 20863: 82070, 20864: 395, 20872: 953, 20873: 395, 20874: 0, 20875: 91053, 20876: 683, 20877: 83288, 20881: 75379, 20883: 75453, 20884: 57972, 20885: 59008, 20886: 64727, 20887: 1540, 20888: 82070, 20889: 683, 20890: 64727, 20891: 1391, 20892: 82070, 20894: 85669, 20895: 64790, 20897: 1540, 20900: 1457, 20901: 75379, 20902: 72039, 20904: 63099, 20905: 522, 20906: 765, 20907: 1188, 20909: 65877, 20910: 182, 20911: 849, 20913: 72051, 20916: 85669, 20917: 87001, 20918: 73383, 20919: 63882, 20921: 58543, 20922: 82070, 20923: 690, 20925: 1294, 20926: 85700, 20928: 1300, 20929: 51797, 20930: 61726, 20931: 51797, 20932: 1288, 20933: 57290, 20934: 63099, 20935: 82070, 20936: 91053, 20937: 1399, 20938: 1193, 20939: 1502, 20940: 1223, 20941: 72039, 20942: 1399, 20943: 69985, 20944: 1193, 20948: 83288, 20949: 1193, 20950: 87001, 20951: 1300, 20953: 64727, 20954: 68173, 20955: 1457, 20956: 57639, 20958: 57639, 20959: 65877, 20960: 54448, 20961: 1012, 20962: 1300, 20963: 69995, 20964: 72039, 20965: 91053, 20966: 64790, 20967: 1054, 20968: 44206, 20969: 85700, 20970: 57972, 20971: 63756, 20973: 85710, 20974: 59008, 20975: 1154, 20977: 85710, 20978: 63756, 20979: 0, 20980: 63756, 20981: 49332, 20982: 72039, 20983: 1054, 20985: 72039, 20986: 728, 20987: 64790, 20988: 1054, 20990: 85710, 20992: 68650, 20993: 72039, 20995: 1012, 20997: 83288, 20998: 82070, 20999: 87001, 21000: 63882, 21001: 70500, 21002: 57639, 21003: 57972, 21005: 83288, 21006: 72051, 21007: 2048, 21008: 69995, 21009: 65877, 21011: 72039, 21012: 87001, 21013: 57290, 21014: 65877, 21015: 91053, 21016: 72051, 21017: 64790, 21018: 1193, 21019: 184, 21020: 69985, 21021: 1543, 21022: 75379, 21023: 63270, 21028: 86055, 21030: 85700, 21032: 52945, 21033: 35245, 21034: 1154, 21035: 58543, 21036: 35259, 21037: 1223, 21038: 728, 21039: 63270, 21041: 85700, 21043: 67720, 21045: 1188, 21047: 86055, 21050: 83288, 21053: 1294, 21055: 82080, 21056: 1585, 21057: 1107, 21058: 1107, 21059: 395, 21060: 1107, 21061: 46494, 21062: 1502, 21063: 1014, 21064: 57381, 21065: 1543, 21066: 1188, 21067: 683, 21068: 73383, 21069: 46494, 21070: 69990, 21072: 1107, 21073: 1182, 21074: 67720, 21075: 78645, 21077: 1540, 21084: 1617, 21085: 2114, 21086: 89226, 21087: 87984, 21091: 1012, 21092: 78631, 21093: 63270, 21096: 2114, 21097: 53429, 21098: 65941, 21099: 2114, 21100: 2076, 21101: 57649, 21102: 80140, 21103: 1457, 21104: 51797, 21105: 88653, 21106: 2346, 21107: 62344, 21108: 2346, 21109: 2114, 21110: 90942, 21112: 75379, 21113: 88653, 21115: 2346, 21116: 80140, 21117: 57649, 21118: 88486, 21119: 2076, 21120: 2076, 21121: 74355, 21123: 57649, 21124: 2076, 21125: 53429, 21126: 57649, 21127: 74355, 21128: 57649, 21129: 2114, 21130: 74355, 21132: 53429, 21133: 87984, 21134: 57649, 21135: 88653, 21136: 74355, 21138: 53429, 21139: 88653, 21140: 53429, 21141: 80140, 21142: 2346, 21143: 57649, 21144: 2114, 21145: 88653, 21146: 89226, 21147: 53429, 21148: 2114, 21149: 2076, 21150: 86213, 21151: 87984, 21153: 2114, 21154: 44206, 21155: 86157, 21156: 80140, 21157: 1188, 21159: 89226, 21163: 146, 21164: 86157, 21165: 88653, 21166: 88653, 21167: 80140, 21168: 2114, 21170: 88653, 21171: 53429, 21172: 57649, 21173: 56939, 21174: 90998, 21175: 1223, 21176: 56939, 21177: 56939, 21178: 57649, 21179: 86213, 21180: 90998, 21181: 86213, 21182: 86157, 21184: 56939, 21185: 86213, 21186: 86213, 21187: 0, 21188: 0, 21189: 0, 21190: 78631, 21191: 184, 21192: 59008, 21193: 57639, 21194: 0, 21195: 395, 21196: 1489, 21197: 57649, 21198: 74355, 21199: 2076, 21203: 90998, 21205: 74355, 21206: 86213, 21208: 87984, 21209: 89226, 21223: 683, 21226: 683, 21227: 1585, 21228: 68173, 21229: 0, 21230: 69990, 21231: 519, 21232: 57381, 21233: 1259, 21234: 805, 21235: 690, 21236: 71117, 21237: 71117, 21238: 1288, 21239: 805, 21240: 82080, 21241: 395, 21244: 64727, 21249: 0, 21262: 1489, 21265: 68182, 21271: 65161, 21279: 91053, 21280: 57639, 21288: 63756, 21290: 59008, 21298: 72051, 21303: 1457, 21304: 46494, 21305: 1294, 21306: 1167, 21307: 728, 21308: 1294, 21311: 1347, 21312: 88486, 21313: 1054, 21314: 1540, 21315: 1347, 21316: 71117, 21317: 765, 21318: 395, 21319: 1294, 21322: 69985, 21324: 71117, 21325: 550, 21326: 57455, 21327: 519, 21328: 35259, 21329: 805, 21331: 57972, 21333: 51797, 21334: 57455, 21335: 1357, 21336: 765, 21338: 1054, 21339: 1457, 21340: 1294, 21341: 765, 21344: 1288, 21345: 0, 21346: 57309, 21348: 63099, 21349: 0, 21351: 1259, 21354: 78626, 21356: 77145, 21357: 85646, 21358: 35245, 21363: 1347, 21366: 65941, 21369: 88486, 21370: 1054, 21378: 70342, 21384: 1188, 21398: 805, 21445: 2114, 21446: 58096, 21447: 1357, 21448: 35259, 21450: 69990, 21454: 48922, 21455: 1014, 21460: 13699, 21462: 1585, 21463: 57972, 21465: 0, 21468: 1347, 21470: 226, 21474: 1182, 21475: 1116, 21477: 48922, 21478: 44206, 21479: 1113, 21480: 13828, 21481: 75453, 21482: 1161, 21483: 0, 21484: 1182, 21487: 75453, 21488: 50588, 21489: 48266, 21490: 743, 21491: 245, 21492: 85687, 21493: 50453, 21494: 342}",0.0,filho
643526.1683159994,Cruzamento,1733628371.142287,42,"{20331: 1182, 20332: 1412, 20333: 1583, 20334: 49332, 20335: 49332, 20336: 82085, 20337: 75421, 20338: 57455, 20339: 49332, 20340: 849, 20341: 57309, 20342: 69242, 20343: 70342, 20344: 2048, 20345: 1291, 20346: 63099, 20347: 48266, 20348: 70373, 20349: 70342, 20350: 70373, 20351: 849, 20352: 63099, 20353: 184, 20354: 51797, 20355: 75421, 20356: 48266, 20357: 46793, 20358: 48266, 20359: 82085, 20360: 48266, 20361: 58096, 20362: 57070, 20363: 75421, 20364: 57070, 20365: 82085, 20366: 82085, 20367: 90927, 20368: 77145, 20369: 65341, 20370: 49332, 20371: 48266, 20372: 46793, 20373: 1347, 20378: 1347, 20379: 65341, 20380: 75453, 20381: 69242, 20383: 1391, 20384: 1391, 20385: 75421, 20386: 686, 20387: 686, 20388: 69990, 20389: 686, 20392: 48266, 20393: 57257, 20394: 849, 20395: 1583, 20396: 395, 20397: 1182, 20398: 1489, 20399: 1107, 20400: 65341, 20401: 1489, 20402: 1482, 20403: 58096, 20404: 44206, 20405: 57290, 20406: 57455, 20407: 71117, 20408: 1585, 20409: 69990, 20410: 1585, 20411: 68173, 20412: 75379, 20413: 1583, 20414: 68173, 20415: 395, 20416: 1014, 20417: 728, 20418: 1188, 20419: 71117, 20421: 2048, 20422: 1294, 20423: 82080, 20427: 46494, 20428: 78645, 20429: 78645, 20432: 449, 20433: 48922, 20434: 690, 20436: 59008, 20437: 1347, 20438: 70342, 20439: 57381, 20440: 690, 20441: 70342, 20442: 1585, 20443: 522, 20444: 522, 20445: 91896, 20446: 13828, 20447: 44206, 20449: 69995, 20450: 226, 20451: 52945, 20452: 1585, 20453: 63270, 20454: 57455, 20455: 52945, 20456: 70342, 20457: 46793, 20458: 1012, 20459: 51797, 20460: 63756, 20461: 35245, 20462: 64790, 20463: 57257, 20465: 57070, 20466: 63756, 20467: 849, 20468: 743, 20469: 67720, 20471: 1014, 20472: 13828, 20473: 1188, 20475: 67720, 20476: 1259, 20481: 71117, 20482: 35245, 20484: 85646, 20485: 46793, 20486: 913, 20487: 743, 20488: 44206, 20489: 683, 20490: 519, 20491: 78645, 20492: 57381, 20493: 82080, 20494: 91896, 20495: 1585, 20496: 58096, 20497: 54448, 20499: 1054, 20501: 1347, 20503: 35259, 20504: 57070, 20505: 83288, 20506: 1012, 20507: 46494, 20508: 69995, 20509: 1012, 20510: 52945, 20511: 64727, 20512: 54448, 20513: 1291, 20514: 146, 20515: 52945, 20517: 35245, 20518: 226, 20519: 75379, 20520: 69995, 20521: 50588, 20522: 52945, 20523: 1543, 20524: 449, 20525: 728, 20527: 1617, 20528: 44206, 20530: 72051, 20531: 13828, 20532: 1259, 20533: 69990, 20534: 46793, 20535: 75958, 20536: 68173, 20537: 1617, 20538: 690, 20539: 69990, 20540: 1617, 20541: 71117, 20542: 1288, 20543: 449, 20544: 1014, 20545: 1585, 20546: 91896, 20547: 57070, 20549: 80479, 20550: 63270, 20552: 46494, 20553: 71117, 20554: 1288, 20555: 61726, 20556: 78631, 20557: 1391, 20558: 1502, 20559: 1399, 20560: 686, 20561: 46494, 20563: 65877, 20564: 1167, 20565: 85710, 20567: 69990, 20569: 51797, 20570: 743, 20571: 68173, 20572: 1347, 20573: 690, 20574: 67720, 20575: 449, 20576: 728, 20577: 48922, 20578: 1014, 20579: 1347, 20580: 35259, 20581: 75958, 20582: 48922, 20583: 743, 20584: 1347, 20585: 1543, 20587: 1161, 20588: 1012, 20589: 65161, 20590: 395, 20591: 449, 20592: 1188, 20593: 57290, 20594: 690, 20595: 522, 20596: 73383, 20597: 805, 20599: 1012, 20600: 63270, 20601: 63270, 20602: 35245, 20605: 226, 20606: 1161, 20607: 52945, 20608: 58096, 20609: 1173, 20610: 1084, 20611: 65877, 20612: 75453, 20613: 1457, 20614: 57309, 20615: 69995, 20616: 849, 20617: 1167, 20618: 1540, 20619: 765, 20620: 1457, 20621: 1167, 20622: 686, 20624: 1457, 20625: 65877, 20626: 686, 20628: 686, 20630: 66626, 20631: 519, 20633: 1107, 20634: 72051, 20635: 1084, 20636: 913, 20637: 1391, 20638: 146, 20639: 85669, 20640: 57639, 20641: 52945, 20642: 1391, 20643: 1193, 20645: 1391, 20646: 953, 20647: 686, 20648: 58096, 20650: 58096, 20651: 62344, 20652: 686, 20653: 1193, 20654: 85669, 20655: 1412, 20656: 184, 20659: 1585, 20661: 69995, 20662: 70373, 20663: 913, 20669: 522, 20670: 78631, 20671: 57639, 20672: 35259, 20673: 57972, 20675: 61726, 20676: 57972, 20677: 73235, 20678: 62344, 20680: 68173, 20681: 449, 20684: 1347, 20688: 1617, 20689: 69995, 20690: 52945, 20692: 57257, 20693: 85669, 20694: 66626, 20695: 1489, 20696: 1173, 20697: 1182, 20698: 58543, 20699: 63756, 20700: 50588, 20701: 913, 20702: 1167, 20703: 54448, 20704: 66626, 20705: 75379, 20706: 1182, 20707: 70342, 20708: 46494, 20709: 1161, 20710: 1161, 20711: 1543, 20712: 0, 20713: 75421, 20714: 52945, 20715: 690, 20716: 70342, 20717: 57639, 20719: 1585, 20720: 75453, 20721: 913, 20722: 805, 20723: 51797, 20724: 80479, 20725: 85669, 20726: 46793, 20727: 78631, 20729: 1617, 20730: 88486, 20731: 48922, 20732: 1054, 20734: 1288, 20735: 57309, 20736: 1014, 20737: 73383, 20739: 35259, 20740: 57455, 20741: 686, 20742: 1167, 20743: 1116, 20744: 68650, 20746: 69990, 20747: 91053, 20748: 58096, 20749: 69990, 20750: 686, 20751: 1399, 20752: 1502, 20754: 44206, 20757: 1161, 20758: 1012, 20759: 62344, 20761: 1482, 20762: 75453, 20763: 63099, 20764: 1084, 20765: 63099, 20766: 63099, 20768: 184, 20769: 395, 20770: 77145, 20773: 70500, 20774: 1154, 20775: 69990, 20777: 1391, 20778: 70500, 20779: 1399, 20781: 1457, 20782: 49332, 20784: 57290, 20785: 2048, 20786: 70500, 20789: 1347, 20790: 58543, 20791: 70342, 20792: 46793, 20793: 146, 20794: 49332, 20795: 59008, 20796: 1188, 20797: 75421, 20798: 13699, 20799: 70373, 20800: 1482, 20802: 69242, 20803: 85710, 20804: 57309, 20805: 69242, 20806: 1391, 20807: 72051, 20808: 82067, 20809: 1291, 20810: 63099, 20811: 57070, 20813: 48266, 20814: 1482, 20815: 85687, 20816: 57455, 20817: 85687, 20818: 1391, 20819: 1502, 20820: 1167, 20821: 1116, 20822: 85687, 20823: 46494, 20824: 57417, 20825: 75453, 20826: 75379, 20827: 46494, 20828: 184, 20829: 67720, 20831: 57290, 20832: 57639, 20833: 1291, 20834: 728, 20835: 1502, 20836: 1583, 20837: 57070, 20838: 57070, 20840: 2048, 20841: 1412, 20842: 1357, 20843: 226, 20844: 57455, 20845: 65877, 20846: 1300, 20850: 65877, 20852: 90927, 20853: 51797, 20854: 72051, 20856: 46793, 20858: 48266, 20859: 82070, 20860: 63882, 20861: 63882, 20862: 82070, 20863: 82070, 20864: 395, 20872: 953, 20873: 395, 20874: 0, 20875: 91053, 20876: 683, 20877: 83288, 20881: 75379, 20883: 75453, 20884: 57972, 20885: 59008, 20886: 64727, 20887: 1540, 20888: 82070, 20889: 683, 20890: 64727, 20891: 1391, 20892: 82070, 20894: 85669, 20895: 64790, 20897: 1540, 20900: 1457, 20901: 75379, 20902: 72039, 20904: 63099, 20905: 522, 20906: 765, 20907: 1188, 20909: 65877, 20910: 182, 20911: 849, 20913: 72051, 20916: 85669, 20917: 87001, 20918: 73383, 20919: 63882, 20921: 58543, 20922: 82070, 20923: 690, 20925: 1294, 20926: 85700, 20928: 1300, 20929: 51797, 20930: 61726, 20931: 51797, 20932: 1288, 20933: 57290, 20934: 63099, 20935: 82070, 20936: 91053, 20937: 1399, 20938: 1193, 20939: 1502, 20940: 1223, 20941: 72039, 20942: 1399, 20943: 69985, 20944: 1193, 20948: 83288, 20949: 1193, 20950: 87001, 20951: 1300, 20953: 64727, 20954: 68173, 20955: 1457, 20956: 57639, 20958: 57639, 20959: 65877, 20960: 54448, 20961: 1012, 20962: 1300, 20963: 69995, 20964: 72039, 20965: 91053, 20966: 64790, 20967: 1054, 20968: 44206, 20969: 85700, 20970: 57972, 20971: 63756, 20973: 85710, 20974: 59008, 20975: 1154, 20977: 85710, 20978: 63756, 20979: 0, 20980: 63756, 20981: 49332, 20982: 72039, 20983: 1054, 20985: 72039, 20986: 728, 20987: 64790, 20988: 1054, 20990: 85710, 20992: 68650, 20993: 72039, 20995: 1012, 20997: 83288, 20998: 82070, 20999: 87001, 21000: 63882, 21001: 70500, 21002: 57639, 21003: 57972, 21005: 83288, 21006: 72051, 21007: 2048, 21008: 69995, 21009: 65877, 21011: 72039, 21012: 87001, 21013: 57290, 21014: 65877, 21015: 91053, 21016: 72051, 21017: 64790, 21018: 1193, 21019: 184, 21020: 69985, 21021: 1543, 21022: 75379, 21023: 63270, 21028: 86055, 21030: 85700, 21032: 52945, 21033: 35245, 21034: 1154, 21035: 58543, 21036: 35259, 21037: 1223, 21038: 728, 21039: 63270, 21041: 85700, 21043: 67720, 21045: 1188, 21047: 86055, 21050: 83288, 21053: 1294, 21055: 82080, 21056: 1585, 21057: 1107, 21058: 1107, 21059: 395, 21060: 1107, 21061: 46494, 21062: 1502, 21063: 1014, 21064: 57381, 21065: 1543, 21066: 1188, 21067: 683, 21068: 73383, 21069: 46494, 21070: 69990, 21072: 1107, 21073: 1182, 21074: 67720, 21075: 78645, 21077: 1540, 21084: 1617, 21085: 2114, 21086: 89226, 21087: 87984, 21091: 1012, 21092: 78631, 21093: 63270, 21096: 2114, 21097: 53429, 21098: 65941, 21099: 2114, 21100: 2076, 21101: 57649, 21102: 80140, 21103: 1457, 21104: 51797, 21105: 88653, 21106: 2346, 21107: 62344, 21108: 2346, 21109: 2114, 21110: 90942, 21112: 75379, 21113: 88653, 21115: 2346, 21116: 80140, 21117: 57649, 21118: 88486, 21119: 2076, 21120: 2076, 21121: 74355, 21123: 57649, 21124: 2076, 21125: 53429, 21126: 57649, 21127: 74355, 21128: 57649, 21129: 2114, 21130: 74355, 21132: 53429, 21133: 87984, 21134: 57649, 21135: 88653, 21136: 74355, 21138: 53429, 21139: 88653, 21140: 53429, 21141: 80140, 21142: 2346, 21143: 57649, 21144: 2114, 21145: 88653, 21146: 89226, 21147: 53429, 21148: 2114, 21149: 2076, 21150: 86213, 21151: 87984, 21153: 2114, 21154: 44206, 21155: 86157, 21156: 80140, 21157: 1188, 21159: 89226, 21163: 146, 21164: 86157, 21165: 88653, 21166: 88653, 21167: 80140, 21168: 2114, 21170: 88653, 21171: 53429, 21172: 57649, 21173: 56939, 21174: 90998, 21175: 1223, 21176: 56939, 21177: 56939, 21178: 57649, 21179: 86213, 21180: 90998, 21181: 86213, 21182: 86157, 21184: 56939, 21185: 86213, 21186: 86213, 21187: 0, 21188: 0, 21189: 0, 21190: 78631, 21191: 184, 21192: 59008, 21193: 57639, 21194: 0, 21195: 395, 21196: 1489, 21197: 57649, 21198: 74355, 21199: 2076, 21203: 90998, 21205: 74355, 21206: 86213, 21208: 87984, 21209: 89226, 21223: 683, 21226: 683, 21227: 1585, 21228: 68173, 21229: 0, 21230: 69990, 21231: 519, 21232: 57381, 21233: 1259, 21234: 805, 21235: 690, 21236: 71117, 21237: 71117, 21238: 1288, 21239: 805, 21240: 82080, 21241: 395, 21244: 64727, 21249: 0, 21262: 1489, 21265: 68182, 21271: 65161, 21279: 91053, 21280: 57639, 21288: 63756, 21290: 59008, 21298: 72051, 21303: 1457, 21304: 46494, 21305: 1294, 21306: 1167, 21307: 728, 21308: 1294, 21311: 1347, 21312: 88486, 21313: 1054, 21314: 1540, 21315: 1347, 21316: 71117, 21317: 765, 21318: 395, 21319: 1294, 21322: 69985, 21324: 71117, 21325: 550, 21326: 57455, 21327: 519, 21328: 35259, 21329: 805, 21331: 57972, 21333: 51797, 21334: 57455, 21335: 1357, 21336: 765, 21338: 1054, 21339: 1457, 21340: 1294, 21341: 765, 21344: 1288, 21345: 0, 21346: 57309, 21348: 63099, 21349: 0, 21351: 1259, 21354: 78626, 21356: 77145, 21357: 85646, 21358: 35245, 21363: 1347, 21366: 65941, 21369: 88486, 21370: 1054, 21378: 70342, 21384: 1188, 21398: 805, 21445: 2114, 21446: 58096, 21447: 1357, 21448: 35259, 21450: 69990, 21454: 48922, 21455: 1014, 21460: 1482, 21462: 1585, 21463: 75453, 21465: 0, 21468: 1391, 21470: 226, 21474: 686, 21475: 1012, 21477: 91896, 21478: 61726, 21479: 1107, 21480: 519, 21481: 1161, 21482: 1161, 21483: 70373, 21484: 69995, 21487: 51797, 21488: 65161, 21489: 91053, 21490: 1259, 21491: 1113, 21492: 1161, 21493: 50453, 21494: 342}",0.0,duplicado
646607.0273993327,Cruzamento,1733628371.142287,42,"{20331: 1294, 20332: 70342, 20333: 1482, 20334: 82085, 20335: 1294, 20336: 57257, 20337: 65341, 20338: 1182, 20339: 1084, 20340: 57309, 20341: 765, 20342: 2048, 20343: 69242, 20344: 849, 20345: 63099, 20346: 1583, 20347: 1084, 20348: 69242, 20349: 1291, 20350: 1291, 20351: 46793, 20352: 46793, 20353: 1084, 20354: 75421, 20355: 51797, 20356: 1412, 20357: 1291, 20358: 2048, 20359: 765, 20360: 2048, 20361: 58096, 20362: 1412, 20363: 1489, 20364: 184, 20365: 1617, 20366: 70171, 20367: 57309, 20368: 90927, 20369: 1617, 20370: 48266, 20371: 70373, 20372: 49332, 20373: 1291, 20378: 1182, 20379: 69990, 20380: 70342, 20381: 57070, 20383: 1583, 20384: 686, 20385: 75421, 20386: 68182, 20387: 75421, 20388: 13699, 20389: 68182, 20392: 1291, 20393: 63099, 20394: 75453, 20395: 48266, 20396: 1543, 20397: 849, 20398: 75421, 20399: 70342, 20400: 58096, 20401: 57455, 20402: 1489, 20403: 1084, 20404: 57455, 20405: 1288, 20406: 519, 20407: 743, 20408: 71117, 20409: 1288, 20410: 57381, 20411: 449, 20412: 226, 20413: 58096, 20414: 1014, 20415: 46494, 20416: 805, 20417: 57290, 20418: 683, 20419: 1617, 20421: 65341, 20422: 82085, 20423: 1585, 20427: 68173, 20428: 78645, 20429: 48922, 20432: 44206, 20433: 1502, 20434: 57290, 20436: 182, 20437: 1188, 20438: 1502, 20439: 57381, 20440: 73383, 20441: 70342, 20442: 57381, 20443: 13828, 20444: 71117, 20445: 683, 20446: 1502, 20447: 71117, 20449: 50588, 20450: 913, 20451: 80479, 20452: 80479, 20453: 35245, 20454: 69995, 20455: 52945, 20456: 70342, 20457: 46793, 20458: 1012, 20459: 51797, 20460: 63756, 20461: 35245, 20462: 64790, 20463: 57257, 20465: 57070, 20466: 63756, 20467: 849, 20468: 743, 20469: 67720, 20471: 1014, 20472: 13828, 20473: 1188, 20475: 67720, 20476: 1259, 20481: 71117, 20482: 35245, 20484: 85646, 20485: 46793, 20486: 913, 20487: 743, 20488: 44206, 20489: 683, 20490: 519, 20491: 78645, 20492: 57381, 20493: 82080, 20494: 91896, 20495: 1585, 20496: 58096, 20497: 54448, 20499: 1054, 20501: 1347, 20503: 35259, 20504: 57070, 20505: 83288, 20506: 1012, 20507: 46494, 20508: 69995, 20509: 1012, 20510: 52945, 20511: 64727, 20512: 54448, 20513: 1291, 20514: 146, 20515: 52945, 20517: 35245, 20518: 226, 20519: 75379, 20520: 69995, 20521: 50588, 20522: 52945, 20523: 1543, 20524: 449, 20525: 728, 20527: 1617, 20528: 44206, 20530: 72051, 20531: 13828, 20532: 1259, 20533: 69990, 20534: 46793, 20535: 75958, 20536: 68173, 20537: 1617, 20538: 690, 20539: 69990, 20540: 1617, 20541: 71117, 20542: 1288, 20543: 449, 20544: 1014, 20545: 1585, 20546: 91896, 20547: 57070, 20549: 80479, 20550: 63270, 20552: 46494, 20553: 71117, 20554: 1288, 20555: 61726, 20556: 78631, 20557: 1391, 20558: 1502, 20559: 1399, 20560: 686, 20561: 46494, 20563: 65877, 20564: 1167, 20565: 85710, 20567: 69990, 20569: 51797, 20570: 743, 20571: 68173, 20572: 1347, 20573: 690, 20574: 67720, 20575: 449, 20576: 728, 20577: 48922, 20578: 1014, 20579: 1347, 20580: 35259, 20581: 75958, 20582: 48922, 20583: 743, 20584: 1347, 20585: 1543, 20587: 1161, 20588: 1012, 20589: 65161, 20590: 395, 20591: 449, 20592: 1188, 20593: 57290, 20594: 690, 20595: 522, 20596: 73383, 20597: 805, 20599: 1012, 20600: 63270, 20601: 63270, 20602: 35245, 20605: 226, 20606: 1161, 20607: 52945, 20608: 58096, 20609: 1173, 20610: 1084, 20611: 65877, 20612: 75453, 20613: 1457, 20614: 57309, 20615: 69995, 20616: 849, 20617: 1167, 20618: 1540, 20619: 765, 20620: 1457, 20621: 1167, 20622: 686, 20624: 1457, 20625: 65877, 20626: 686, 20628: 686, 20630: 66626, 20631: 519, 20633: 1107, 20634: 72051, 20635: 1084, 20636: 913, 20637: 1391, 20638: 146, 20639: 85669, 20640: 57639, 20641: 52945, 20642: 1391, 20643: 1193, 20645: 1391, 20646: 953, 20647: 686, 20648: 58096, 20650: 58096, 20651: 62344, 20652: 686, 20653: 1193, 20654: 85669, 20655: 1412, 20656: 184, 20659: 1585, 20661: 69995, 20662: 70373, 20663: 913, 20669: 522, 20670: 78631, 20671: 57639, 20672: 35259, 20673: 57972, 20675: 61726, 20676: 57972, 20677: 73235, 20678: 62344, 20680: 68173, 20681: 449, 20684: 1347, 20688: 1617, 20689: 69995, 20690: 52945, 20692: 57257, 20693: 85669, 20694: 66626, 20695: 1489, 20696: 1173, 20697: 1182, 20698: 58543, 20699: 63756, 20700: 50588, 20701: 913, 20702: 1167, 20703: 54448, 20704: 66626, 20705: 75379, 20706: 1182, 20707: 70342, 20708: 46494, 20709: 1161, 20710: 1161, 20711: 1543, 20712: 0, 20713: 75421, 20714: 52945, 20715: 690, 20716: 70342, 20717: 57639, 20719: 1585, 20720: 75453, 20721: 913, 20722: 805, 20723: 51797, 20724: 80479, 20725: 85669, 20726: 46793, 20727: 78631, 20729: 1617, 20730: 88486, 20731: 48922, 20732: 1054, 20734: 1288, 20735: 57309, 20736: 1014, 20737: 73383, 20739: 35259, 20740: 57455, 20741: 686, 20742: 1167, 20743: 1116, 20744: 68650, 20746: 69990, 20747: 91053, 20748: 58096, 20749: 69990, 20750: 686, 20751: 1399, 20752: 1502, 20754: 44206, 20757: 1161, 20758: 1012, 20759: 62344, 20761: 1482, 20762: 75453, 20763: 63099, 20764: 1084, 20765: 63099, 20766: 63099, 20768: 184, 20769: 395, 20770: 77145, 20773: 70500, 20774: 1154, 20775: 69990, 20777: 1391, 20778: 70500, 20779: 1399, 20781: 1457, 20782: 49332, 20784: 57290, 20785: 2048, 20786: 70500, 20789: 1347, 20790: 58543, 20791: 70342, 20792: 46793, 20793: 146, 20794: 49332, 20795: 59008, 20796: 1188, 20797: 75421, 20798: 13699, 20799: 70373, 20800: 1482, 20802: 69242, 20803: 85710, 20804: 57309, 20805: 69242, 20806: 1391, 20807: 72051, 20808: 82067, 20809: 1291, 20810: 63099, 20811: 57070, 20813: 48266, 20814: 1482, 20815: 85687, 20816: 57455, 20817: 85687, 20818: 1391, 20819: 1502, 20820: 1167, 20821: 1116, 20822: 85687, 20823: 46494, 20824: 57417, 20825: 75453, 20826: 75379, 20827: 46494, 20828: 184, 20829: 67720, 20831: 57290, 20832: 57639, 20833: 1291, 20834: 728, 20835: 1502, 20836: 1583, 20837: 57070, 20838: 57070, 20840: 2048, 20841: 1412, 20842: 1357, 20843: 226, 20844: 57455, 20845: 65877, 20846: 1300, 20850: 65877, 20852: 90927, 20853: 51797, 20854: 72051, 20856: 46793, 20858: 48266, 20859: 82070, 20860: 63882, 20861: 63882, 20862: 82070, 20863: 82070, 20864: 395, 20872: 953, 20873: 395, 20874: 0, 20875: 91053, 20876: 683, 20877: 83288, 20881: 75379, 20883: 75453, 20884: 57972, 20885: 59008, 20886: 64727, 20887: 1540, 20888: 82070, 20889: 683, 20890: 64727, 20891: 1391, 20892: 82070, 20894: 85669, 20895: 64790, 20897: 1540, 20900: 1457, 20901: 75379, 20902: 72039, 20904: 63099, 20905: 522, 20906: 765, 20907: 1188, 20909: 65877, 20910: 182, 20911: 849, 20913: 72051, 20916: 85669, 20917: 87001, 20918: 73383, 20919: 63882, 20921: 58543, 20922: 82070, 20923: 690, 20925: 1294, 20926: 85700, 20928: 1300, 20929: 51797, 20930: 61726, 20931: 51797, 20932: 1288, 20933: 57290, 20934: 63099, 20935: 82070, 20936: 91053, 20937: 1399, 20938: 1193, 20939: 1502, 20940: 1223, 20941: 72039, 20942: 1399, 20943: 69985, 20944: 1193, 20948: 83288, 20949: 1193, 20950: 87001, 20951: 1300, 20953: 64727, 20954: 68173, 20955: 1457, 20956: 57639, 20958: 57639, 20959: 65877, 20960: 54448, 20961: 1012, 20962: 1300, 20963: 69995, 20964: 72039, 20965: 91053, 20966: 64790, 20967: 1054, 20968: 44206, 20969: 85700, 20970: 57972, 20971: 63756, 20973: 85710, 20974: 59008, 20975: 1154, 20977: 85710, 20978: 63756, 20979: 0, 20980: 63756, 20981: 49332, 20982: 72039, 20983: 1054, 20985: 72039, 20986: 728, 20987: 64790, 20988: 1054, 20990: 85710, 20992: 68650, 20993: 72039, 20995: 1012, 20997: 83288, 20998: 82070, 20999: 87001, 21000: 63882, 21001: 70500, 21002: 57639, 21003: 57972, 21005: 83288, 21006: 72051, 21007: 2048, 21008: 69995, 21009: 65877, 21011: 72039, 21012: 87001, 21013: 57290, 21014: 65877, 21015: 91053, 21016: 72051, 21017: 64790, 21018: 1193, 21019: 184, 21020: 69985, 21021: 1543, 21022: 75379, 21023: 63270, 21028: 86055, 21030: 85700, 21032: 52945, 21033: 35245, 21034: 1154, 21035: 58543, 21036: 35259, 21037: 1223, 21038: 728, 21039: 63270, 21041: 85700, 21043: 67720, 21045: 1188, 21047: 86055, 21050: 83288, 21053: 1294, 21055: 82080, 21056: 1585, 21057: 1107, 21058: 1107, 21059: 395, 21060: 1107, 21061: 46494, 21062: 1502, 21063: 1014, 21064: 57381, 21065: 1543, 21066: 1188, 21067: 683, 21068: 73383, 21069: 46494, 21070: 69990, 21072: 1107, 21073: 1182, 21074: 67720, 21075: 78645, 21077: 1540, 21084: 1617, 21085: 2114, 21086: 89226, 21087: 87984, 21091: 1012, 21092: 78631, 21093: 63270, 21096: 2114, 21097: 53429, 21098: 65941, 21099: 2114, 21100: 2076, 21101: 57649, 21102: 80140, 21103: 1457, 21104: 51797, 21105: 88653, 21106: 2346, 21107: 62344, 21108: 2346, 21109: 2114, 21110: 90942, 21112: 75379, 21113: 88653, 21115: 2346, 21116: 80140, 21117: 57649, 21118: 88486, 21119: 2076, 21120: 2076, 21121: 74355, 21123: 57649, 21124: 2076, 21125: 53429, 21126: 57649, 21127: 74355, 21128: 57649, 21129: 2114, 21130: 74355, 21132: 53429, 21133: 87984, 21134: 57649, 21135: 88653, 21136: 74355, 21138: 53429, 21139: 88653, 21140: 53429, 21141: 80140, 21142: 2346, 21143: 57649, 21144: 2114, 21145: 88653, 21146: 89226, 21147: 53429, 21148: 2114, 21149: 2076, 21150: 86213, 21151: 87984, 21153: 2114, 21154: 44206, 21155: 86157, 21156: 80140, 21157: 1188, 21159: 89226, 21163: 146, 21164: 86157, 21165: 88653, 21166: 88653, 21167: 80140, 21168: 2114, 21170: 88653, 21171: 53429, 21172: 57649, 21173: 56939, 21174: 90998, 21175: 1223, 21176: 56939, 21177: 56939, 21178: 57649, 21179: 86213, 21180: 90998, 21181: 86213, 21182: 86157, 21184: 56939, 21185: 86213, 21186: 86213, 21187: 0, 21188: 0, 21189: 0, 21190: 78631, 21191: 184, 21192: 59008, 21193: 57639, 21194: 0, 21195: 395, 21196: 1489, 21197: 57649, 21198: 74355, 21199: 2076, 21203: 90998, 21205: 74355, 21206: 86213, 21208: 87984, 21209: 89226, 21223: 683, 21226: 683, 21227: 1585, 21228: 68173, 21229: 0, 21230: 69990, 21231: 519, 21232: 57381, 21233: 1259, 21234: 805, 21235: 690, 21236: 71117, 21237: 71117, 21238: 1288, 21239: 805, 21240: 82080, 21241: 395, 21244: 64727, 21249: 0, 21262: 1489, 21265: 68182, 21271: 65161, 21279: 91053, 21280: 57639, 21288: 63756, 21290: 59008, 21298: 72051, 21303: 1457, 21304: 46494, 21305: 1294, 21306: 1167, 21307: 728, 21308: 1294, 21311: 1347, 21312: 88486, 21313: 1054, 21314: 1540, 21315: 1347, 21316: 71117, 21317: 765, 21318: 395, 21319: 1294, 21322: 69985, 21324: 71117, 21325: 550, 21326: 57455, 21327: 519, 21328: 35259, 21329: 805, 21331: 57972, 21333: 51797, 21334: 57455, 21335: 1357, 21336: 765, 21338: 1054, 21339: 1457, 21340: 1294, 21341: 765, 21344: 1288, 21345: 0, 21346: 57309, 21348: 63099, 21349: 0, 21351: 1259, 21354: 78626, 21356: 77145, 21357: 85646, 21358: 35245, 21363: 1347, 21366: 65941, 21369: 88486, 21370: 1054, 21378: 70342, 21384: 1188, 21398: 805, 21445: 2114, 21446: 58096, 21447: 1357, 21448: 35259, 21450: 69990, 21454: 48922, 21455: 1014, 21460: 1482, 21462: 1585, 21463: 75453, 21465: 0, 21468: 1391, 21470: 226, 21474: 686, 21475: 1012, 21477: 91896, 21478: 61726, 21479: 1107, 21480: 519, 21481: 1161, 21482: 1161, 21483: 70373, 21484: 69995, 21487: 51797, 21488: 65161, 21489: 91053, 21490: 1259, 21491: 1113, 21492: 1161, 21493: 50453, 21494: 342}",0.0,duplicado
641706.769120666,Cruzamento,1733628373.3617404,43,"{20331: 46793, 20332: 48266, 20333: 75421, 20334: 69990, 20335: 46793, 20336: 75421, 20337: 57070, 20338: 1084, 20339: 1482, 20340: 1182, 20341: 1489, 20342: 2048, 20343: 58096, 20344: 1489, 20345: 70373, 20346: 68182, 20347: 48266, 20348: 1182, 20349: 1347, 20350: 70373, 20351: 58096, 20352: 57257, 20353: 63099, 20354: 57257, 20355: 51797, 20356: 765, 20357: 70342, 20358: 57455, 20359: 69990, 20360: 849, 20361: 1583, 20362: 58096, 20363: 1347, 20364: 1294, 20365: 65341, 20366: 1391, 20367: 75453, 20368: 82085, 20369: 90927, 20370: 48266, 20371: 70373, 20372: 70342, 20373: 1583, 20378: 2048, 20379: 1182, 20380: 69242, 20381: 849, 20383: 1482, 20384: 63099, 20385: 63099, 20386: 1412, 20387: 1583, 20388: 63099, 20389: 1482, 20392: 46793, 20393: 70342, 20394: 69990, 20395: 1291, 20396: 728, 20397: 57455, 20398: 49332, 20399: 44206, 20400: 57257, 20401: 849, 20402: 46793, 20403: 57257, 20404: 1502, 20405: 1107, 20406: 57381, 20407: 1502, 20408: 743, 20409: 743, 20410: 1347, 20411: 395, 20412: 1585, 20413: 1489, 20414: 449, 20415: 1188, 20416: 67720, 20417: 519, 20418: 46494, 20419: 71117, 20421: 1347, 20422: 1617, 20423: 1585, 20427: 72051, 20428: 48922, 20429: 44206, 20432: 683, 20433: 1502, 20434: 690, 20436: 1259, 20437: 57381, 20438: 48922, 20439: 683, 20440: 69985, 20441: 690, 20442: 69242, 20443: 46494, 20444: 522, 20445: 522, 20446: 69242, 20447: 69242, 20449: 69995, 20450: 57455, 20451: 1012, 20452: 54448, 20453: 1585, 20454: 50588, 20455: 52945, 20456: 50588, 20457: 63756, 20458: 65161, 20459: 1585, 20460: 1161, 20461: 80479, 20462: 57290, 20463: 1412, 20465: 69990, 20466: 1012, 20467: 57257, 20468: 67720, 20469: 743, 20471: 1014, 20472: 71117, 20473: 1107, 20475: 805, 20476: 690, 20481: 1107, 20482: 35245, 20484: 75379, 20485: 69995, 20486: 54448, 20487: 1502, 20488: 1188, 20489: 728, 20490: 71117, 20491: 57381, 20492: 44206, 20493: 1014, 20494: 91896, 20495: 72051, 20496: 849, 20497: 69995, 20499: 88486, 20501: 71117, 20503: 1357, 20504: 765, 20505: 1167, 20506: 1294, 20507: 65877, 20508: 54448, 20509: 46793, 20510: 52945, 20511: 75379, 20512: 52945, 20513: 1291, 20514: 69995, 20515: 70342, 20517: 63270, 20518: 913, 20519: 1012, 20520: 54448, 20521: 63270, 20522: 913, 20523: 519, 20524: 70342, 20525: 1259, 20527: 68173, 20528: 57381, 20530: 91896, 20531: 182, 20532: 71117, 20533: 75421, 20534: 35245, 20535: 71117, 20536: 44206, 20537: 75958, 20538: 35259, 20539: 70342, 20540: 67720, 20541: 1014, 20542: 48922, 20543: 59008, 20544: 1014, 20545: 449, 20546: 1585, 20547: 69995, 20549: 913, 20550: 1161, 20552: 1502, 20553: 728, 20554: 1188, 20555: 85710, 20556: 1182, 20557: 849, 20558: 1399, 20559: 1391, 20560: 1116, 20561: 57070, 20563: 78631, 20564: 44206, 20565: 1167, 20567: 1457, 20569: 63756, 20570: 59008, 20571: 743, 20572: 68173, 20573: 728, 20574: 70342, 20575: 1347, 20576: 44206, 20577: 690, 20578: 91896, 20579: 75958, 20580: 449, 20581: 69990, 20582: 35259, 20583: 69985, 20584: 91896, 20585: 75379, 20587: 63756, 20588: 85646, 20589: 913, 20590: 46494, 20591: 1259, 20592: 57290, 20593: 69985, 20594: 70342, 20595: 1502, 20596: 67720, 20597: 69985, 20599: 1585, 20600: 75379, 20601: 1161, 20602: 226, 20605: 35245, 20606: 64727, 20607: 1585, 20608: 1223, 20609: 64727, 20610: 1482, 20611: 65877, 20612: 69995, 20613: 1457, 20614: 69995, 20615: 686, 20616: 69990, 20617: 1540, 20618: 1116, 20619: 85710, 20620: 1107, 20621: 1107, 20622: 75453, 20624: 75453, 20625: 686, 20626: 953, 20628: 953, 20630: 66626, 20631: 1543, 20633: 46494, 20634: 690, 20635: 68182, 20636: 54448, 20637: 75421, 20638: 1288, 20639: 1391, 20640: 85669, 20641: 57639, 20642: 1193, 20643: 62344, 20645: 52945, 20646: 52945, 20647: 1193, 20648: 58096, 20650: 953, 20651: 85669, 20652: 1391, 20653: 57639, 20654: 686, 20655: 1583, 20656: 70342, 20659: 1173, 20661: 75379, 20662: 75453, 20663: 913, 20669: 69985, 20670: 35259, 20671: 57639, 20672: 65877, 20673: 73235, 20675: 61726, 20676: 75453, 20677: 1540, 20678: 78631, 20680: 1543, 20681: 728, 20684: 743, 20688: 82080, 20689: 1161, 20690: 66626, 20692: 57257, 20693: 58543, 20694: 913, 20695: 1489, 20696: 1161, 20697: 184, 20698: 62344, 20699: 50588, 20700: 1173, 20701: 63756, 20702: 1182, 20703: 54448, 20704: 63756, 20705: 64727, 20706: 69242, 20707: 63756, 20708: 1054, 20709: 1161, 20710: 1161, 20711: 68173, 20712: 0, 20713: 75421, 20714: 52945, 20715: 73383, 20716: 70342, 20717: 58543, 20719: 52945, 20720: 46793, 20721: 1012, 20722: 46494, 20723: 184, 20724: 46793, 20725: 78631, 20726: 80479, 20727: 1347, 20729: 1412, 20730: 57972, 20731: 1014, 20732: 83288, 20734: 57455, 20735: 62344, 20736: 73383, 20737: 59008, 20739: 75379, 20740: 1543, 20741: 85710, 20742: 75379, 20743: 686, 20744: 395, 20746: 1457, 20747: 49332, 20748: 1357, 20749: 63756, 20750: 1012, 20751: 85710, 20752: 46494, 20754: 1259, 20757: 1012, 20758: 35245, 20759: 58096, 20761: 63099, 20762: 75453, 20763: 1084, 20764: 1617, 20765: 1482, 20766: 75453, 20768: 0, 20769: 449, 20770: 77145, 20773: 63270, 20774: 1300, 20775: 57070, 20777: 57070, 20778: 146, 20779: 1347, 20781: 1543, 20782: 1223, 20784: 146, 20785: 146, 20786: 1154, 20789: 690, 20790: 58543, 20791: 1583, 20792: 49332, 20793: 728, 20794: 48266, 20795: 44206, 20796: 78631, 20797: 69242, 20798: 75421, 20799: 2048, 20800: 13699, 20802: 13828, 20803: 1288, 20804: 1154, 20805: 13699, 20806: 1391, 20807: 522, 20808: 85687, 20809: 1347, 20810: 46793, 20811: 70342, 20813: 70373, 20814: 2048, 20815: 85687, 20816: 184, 20817: 85687, 20818: 1347, 20819: 1502, 20820: 62344, 20821: 62344, 20822: 849, 20823: 805, 20824: 57309, 20825: 78631, 20826: 184, 20827: 69990, 20828: 70500, 20829: 1347, 20831: 57290, 20832: 1182, 20833: 1294, 20834: 72051, 20835: 1399, 20836: 58096, 20837: 70373, 20838: 1502, 20840: 49332, 20841: 1182, 20842: 58096, 20843: 1223, 20844: 82085, 20845: 85669, 20846: 1300, 20850: 72039, 20852: 1391, 20853: 1167, 20854: 82080, 20856: 46793, 20858: 70373, 20859: 82070, 20860: 82070, 20861: 63882, 20862: 63882, 20863: 82070, 20864: 395, 20872: 953, 20873: 35245, 20874: 0, 20875: 91053, 20876: 13828, 20877: 57972, 20881: 57417, 20883: 57639, 20884: 83288, 20885: 57417, 20886: 78631, 20887: 71117, 20888: 63882, 20889: 57381, 20890: 59008, 20891: 70500, 20892: 82070, 20894: 69990, 20895: 63270, 20897: 226, 20900: 953, 20901: 1223, 20902: 72039, 20904: 1300, 20905: 44206, 20906: 75453, 20907: 65941, 20909: 65877, 20910: 70342, 20911: 69995, 20913: 73383, 20916: 57309, 20917: 63882, 20918: 57290, 20919: 87001, 20921: 72051, 20922: 84328, 20923: 690, 20925: 1294, 20926: 65941, 20928: 72051, 20929: 85710, 20930: 61726, 20931: 64790, 20932: 69995, 20933: 805, 20934: 63099, 20935: 63882, 20936: 58543, 20937: 146, 20938: 1193, 20939: 35259, 20940: 72051, 20941: 82070, 20942: 67720, 20943: 48922, 20944: 64790, 20948: 63882, 20949: 57639, 20950: 72039, 20951: 64790, 20953: 63099, 20954: 48922, 20955: 1457, 20956: 63099, 20958: 1188, 20959: 87001, 20960: 64790, 20961: 1054, 20962: 51797, 20963: 1193, 20964: 83288, 20965: 57639, 20966: 1399, 20967: 85710, 20968: 59008, 20969: 70500, 20970: 65877, 20971: 52945, 20973: 1116, 20974: 57639, 20975: 63270, 20977: 57070, 20978: 57972, 20979: 1288, 20980: 64727, 20981: 57309, 20982: 72039, 20983: 1502, 20985: 65877, 20986: 1399, 20987: 1399, 20988: 1502, 20990: 1116, 20992: 70500, 20993: 72039, 20995: 63756, 20997: 87001, 20998: 63882, 20999: 87001, 21000: 82070, 21001: 48266, 21002: 1357, 21003: 83288, 21005: 65877, 21006: 57290, 21007: 1288, 21008: 686, 21009: 63882, 21011: 84328, 21012: 87001, 21013: 57417, 21014: 57972, 21015: 85700, 21016: 64790, 21017: 70500, 21018: 35245, 21019: 91053, 21020: 1347, 21021: 44206, 21022: 52945, 21023: 63270, 21028: 85700, 21030: 86055, 21032: 57417, 21033: 85710, 21034: 2048, 21035: 226, 21036: 67720, 21037: 68650, 21038: 395, 21039: 67720, 21041: 1193, 21043: 75379, 21045: 1300, 21047: 52945, 21050: 83288, 21053: 1294, 21055: 82080, 21056: 57381, 21057: 0, 21058: 1161, 21059: 395, 21060: 395, 21061: 78645, 21062: 78645, 21063: 1543, 21064: 46494, 21065: 68173, 21066: 44206, 21067: 1259, 21068: 46494, 21069: 48922, 21070: 1107, 21072: 69990, 21073: 1167, 21074: 67720, 21075: 78645, 21077: 1540, 21084: 1617, 21085: 87984, 21086: 80140, 21087: 90998, 21091: 1357, 21092: 1457, 21093: 85646, 21096: 57649, 21097: 57649, 21098: 63099, 21099: 2114, 21100: 74355, 21101: 2114, 21102: 56939, 21103: 1107, 21104: 91053, 21105: 2076, 21106: 57649, 21107: 57972, 21108: 74355, 21109: 53429, 21110: 80140, 21112: 1540, 21113: 57649, 21115: 89226, 21116: 57649, 21117: 74355, 21118: 58096, 21119: 80140, 21120: 80140, 21121: 56939, 21123: 56939, 21124: 2076, 21125: 53429, 21126: 53429, 21127: 88653, 21128: 74355, 21129: 2114, 21130: 74355, 21132: 57649, 21133: 90998, 21134: 57649, 21135: 80140, 21136: 57649, 21138: 53429, 21139: 89226, 21140: 57649, 21141: 87984, 21142: 80140, 21143: 74355, 21144: 2114, 21145: 2346, 21146: 89226, 21147: 2076, 21148: 53429, 21149: 56939, 21150: 86157, 21151: 2076, 21153: 74355, 21154: 146, 21155: 86213, 21156: 86157, 21157: 1188, 21159: 89226, 21163: 1288, 21164: 86157, 21165: 87984, 21166: 86213, 21167: 87984, 21168: 87984, 21170: 2346, 21171: 56939, 21172: 56939, 21173: 86213, 21174: 2076, 21175: 1223, 21176: 56939, 21177: 56939, 21178: 57649, 21179: 86213, 21180: 90998, 21181: 86213, 21182: 86157, 21184: 56939, 21185: 86213, 21186: 86213, 21187: 0, 21188: 0, 21189: 0, 21190: 78631, 21191: 184, 21192: 59008, 21193: 57639, 21194: 0, 21195: 395, 21196: 1489, 21197: 57649, 21198: 74355, 21199: 2076, 21203: 90998, 21205: 74355, 21206: 86213, 21208: 87984, 21209: 89226, 21223: 683, 21226: 683, 21227: 1585, 21228: 68173, 21229: 0, 21230: 69990, 21231: 519, 21232: 57381, 21233: 1259, 21234: 805, 21235: 690, 21236: 71117, 21237: 71117, 21238: 1288, 21239: 805, 21240: 82080, 21241: 395, 21244: 64727, 21249: 0, 21262: 1489, 21265: 68182, 21271: 65161, 21279: 91053, 21280: 57639, 21288: 63756, 21290: 59008, 21298: 72051, 21303: 1457, 21304: 46494, 21305: 1294, 21306: 1167, 21307: 728, 21308: 1294, 21311: 1347, 21312: 88486, 21313: 1054, 21314: 1540, 21315: 1347, 21316: 71117, 21317: 765, 21318: 395, 21319: 1294, 21322: 69985, 21324: 71117, 21325: 550, 21326: 57455, 21327: 519, 21328: 35259, 21329: 805, 21331: 57972, 21333: 51797, 21334: 57455, 21335: 1357, 21336: 765, 21338: 1054, 21339: 1457, 21340: 1294, 21341: 765, 21344: 1288, 21345: 0, 21346: 57309, 21348: 63099, 21349: 0, 21351: 1259, 21354: 78626, 21356: 77145, 21357: 85646, 21358: 35245, 21363: 1347, 21366: 65941, 21369: 88486, 21370: 1054, 21378: 70342, 21384: 1188, 21398: 805, 21445: 2114, 21446: 58096, 21447: 1357, 21448: 35259, 21450: 69990, 21454: 48922, 21455: 1014, 21460: 1482, 21462: 1585, 21463: 75453, 21465: 0, 21468: 1391, 21470: 226, 21474: 686, 21475: 1012, 21477: 91896, 21478: 61726, 21479: 1107, 21480: 519, 21481: 1161, 21482: 1161, 21483: 70373, 21484: 69995, 21487: 51797, 21488: 65161, 21489: 91053, 21490: 1259, 21491: 1113, 21492: 1161, 21493: 50453, 21494: 342}",0.0,invalido
643701.6321746665,Cruzamento,1733628376.4796684,44,"{20331: 1294, 20332: 70342, 20333: 1482, 20334: 82085, 20335: 1294, 20336: 57257, 20337: 65341, 20338: 1182, 20339: 1084, 20340: 57309, 20341: 765, 20342: 2048, 20343: 69242, 20344: 849, 20345: 57257, 20346: 1412, 20347: 63099, 20348: 1084, 20349: 75453, 20350: 63099, 20351: 75453, 20352: 69242, 20353: 70342, 20354: 849, 20355: 1489, 20356: 1489, 20357: 849, 20358: 70342, 20359: 57257, 20360: 2048, 20361: 58096, 20362: 1412, 20363: 1489, 20364: 184, 20365: 1617, 20366: 70171, 20367: 57309, 20368: 90927, 20369: 1617, 20370: 48266, 20371: 70373, 20372: 49332, 20373: 1291, 20378: 1182, 20379: 69990, 20380: 70342, 20381: 57070, 20383: 1583, 20384: 686, 20385: 75421, 20386: 68182, 20387: 75421, 20388: 13699, 20389: 68182, 20392: 1291, 20393: 63099, 20394: 75453, 20395: 48266, 20396: 1543, 20397: 849, 20398: 75421, 20399: 70342, 20400: 58096, 20401: 57455, 20402: 1489, 20403: 1084, 20404: 57455, 20405: 1288, 20406: 519, 20407: 743, 20408: 71117, 20409: 1288, 20410: 57381, 20411: 449, 20412: 226, 20413: 58096, 20414: 1014, 20415: 46494, 20416: 805, 20417: 57290, 20418: 683, 20419: 1617, 20421: 65341, 20422: 82085, 20423: 1585, 20427: 68173, 20428: 78645, 20429: 48922, 20432: 44206, 20433: 1502, 20434: 57290, 20436: 182, 20437: 1188, 20438: 1502, 20439: 57381, 20440: 73383, 20441: 70342, 20442: 57381, 20443: 13828, 20444: 71117, 20445: 683, 20446: 1502, 20447: 71117, 20449: 50588, 20450: 913, 20451: 80479, 20452: 80479, 20453: 35245, 20454: 69995, 20455: 52945, 20456: 70342, 20457: 46793, 20458: 1012, 20459: 51797, 20460: 63756, 20461: 35245, 20462: 64790, 20463: 57257, 20465: 57070, 20466: 63756, 20467: 849, 20468: 743, 20469: 67720, 20471: 1014, 20472: 13828, 20473: 1188, 20475: 67720, 20476: 1259, 20481: 71117, 20482: 35245, 20484: 85646, 20485: 46793, 20486: 913, 20487: 743, 20488: 44206, 20489: 683, 20490: 519, 20491: 78645, 20492: 57381, 20493: 82080, 20494: 91896, 20495: 1585, 20496: 58096, 20497: 54448, 20499: 1054, 20501: 1347, 20503: 35259, 20504: 57070, 20505: 83288, 20506: 1012, 20507: 46494, 20508: 69995, 20509: 1012, 20510: 52945, 20511: 64727, 20512: 54448, 20513: 1291, 20514: 146, 20515: 52945, 20517: 35245, 20518: 226, 20519: 75379, 20520: 69995, 20521: 50588, 20522: 52945, 20523: 1543, 20524: 449, 20525: 728, 20527: 1617, 20528: 44206, 20530: 72051, 20531: 13828, 20532: 1259, 20533: 69990, 20534: 46793, 20535: 75958, 20536: 68173, 20537: 1617, 20538: 690, 20539: 69990, 20540: 1617, 20541: 71117, 20542: 1288, 20543: 449, 20544: 1014, 20545: 1585, 20546: 91896, 20547: 57070, 20549: 80479, 20550: 63270, 20552: 46494, 20553: 71117, 20554: 1288, 20555: 61726, 20556: 78631, 20557: 1391, 20558: 1502, 20559: 1399, 20560: 686, 20561: 46494, 20563: 65877, 20564: 1167, 20565: 85710, 20567: 69990, 20569: 51797, 20570: 743, 20571: 68173, 20572: 1347, 20573: 690, 20574: 67720, 20575: 449, 20576: 728, 20577: 48922, 20578: 1014, 20579: 1347, 20580: 35259, 20581: 75958, 20582: 48922, 20583: 743, 20584: 1347, 20585: 1543, 20587: 1161, 20588: 1012, 20589: 65161, 20590: 395, 20591: 449, 20592: 1188, 20593: 57290, 20594: 690, 20595: 522, 20596: 73383, 20597: 805, 20599: 1012, 20600: 63270, 20601: 63270, 20602: 35245, 20605: 226, 20606: 1161, 20607: 52945, 20608: 58096, 20609: 1173, 20610: 1084, 20611: 65877, 20612: 75453, 20613: 1457, 20614: 57309, 20615: 69995, 20616: 849, 20617: 1167, 20618: 1540, 20619: 765, 20620: 1457, 20621: 1167, 20622: 686, 20624: 1457, 20625: 65877, 20626: 686, 20628: 686, 20630: 66626, 20631: 519, 20633: 1107, 20634: 72051, 20635: 1084, 20636: 913, 20637: 1391, 20638: 146, 20639: 85669, 20640: 57639, 20641: 52945, 20642: 1391, 20643: 1193, 20645: 1391, 20646: 953, 20647: 686, 20648: 58096, 20650: 58096, 20651: 62344, 20652: 686, 20653: 1193, 20654: 85669, 20655: 1412, 20656: 184, 20659: 1585, 20661: 69995, 20662: 70373, 20663: 913, 20669: 522, 20670: 78631, 20671: 57639, 20672: 35259, 20673: 57972, 20675: 61726, 20676: 57972, 20677: 73235, 20678: 62344, 20680: 68173, 20681: 449, 20684: 1347, 20688: 1617, 20689: 69995, 20690: 52945, 20692: 57257, 20693: 85669, 20694: 66626, 20695: 1489, 20696: 1173, 20697: 1182, 20698: 58543, 20699: 63756, 20700: 50588, 20701: 913, 20702: 1167, 20703: 54448, 20704: 66626, 20705: 75379, 20706: 1182, 20707: 70342, 20708: 46494, 20709: 1161, 20710: 1161, 20711: 1543, 20712: 0, 20713: 75421, 20714: 52945, 20715: 690, 20716: 70342, 20717: 57639, 20719: 1585, 20720: 75453, 20721: 913, 20722: 805, 20723: 51797, 20724: 80479, 20725: 85669, 20726: 46793, 20727: 78631, 20729: 1617, 20730: 88486, 20731: 48922, 20732: 1054, 20734: 1288, 20735: 57309, 20736: 1014, 20737: 73383, 20739: 35259, 20740: 57455, 20741: 686, 20742: 1167, 20743: 1116, 20744: 68650, 20746: 69990, 20747: 91053, 20748: 58096, 20749: 69990, 20750: 686, 20751: 1399, 20752: 1502, 20754: 44206, 20757: 1161, 20758: 1012, 20759: 62344, 20761: 1482, 20762: 75453, 20763: 63099, 20764: 1084, 20765: 63099, 20766: 63099, 20768: 184, 20769: 395, 20770: 77145, 20773: 70500, 20774: 1154, 20775: 69990, 20777: 1391, 20778: 70500, 20779: 1399, 20781: 1457, 20782: 49332, 20784: 57290, 20785: 2048, 20786: 70500, 20789: 1347, 20790: 58543, 20791: 70342, 20792: 46793, 20793: 146, 20794: 49332, 20795: 59008, 20796: 1188, 20797: 75421, 20798: 13699, 20799: 70373, 20800: 1482, 20802: 69242, 20803: 85710, 20804: 57309, 20805: 69242, 20806: 1391, 20807: 72051, 20808: 82067, 20809: 1291, 20810: 63099, 20811: 57070, 20813: 48266, 20814: 1482, 20815: 85687, 20816: 57455, 20817: 85687, 20818: 1391, 20819: 1502, 20820: 1167, 20821: 1116, 20822: 85687, 20823: 46494, 20824: 57417, 20825: 75453, 20826: 75379, 20827: 46494, 20828: 184, 20829: 67720, 20831: 57290, 20832: 57639, 20833: 1291, 20834: 728, 20835: 1502, 20836: 1583, 20837: 57070, 20838: 57070, 20840: 2048, 20841: 1412, 20842: 1357, 20843: 226, 20844: 57455, 20845: 65877, 20846: 1300, 20850: 65877, 20852: 90927, 20853: 51797, 20854: 72051, 20856: 46793, 20858: 48266, 20859: 82070, 20860: 63882, 20861: 63882, 20862: 82070, 20863: 82070, 20864: 395, 20872: 953, 20873: 395, 20874: 0, 20875: 91053, 20876: 683, 20877: 83288, 20881: 75379, 20883: 75453, 20884: 57972, 20885: 59008, 20886: 64727, 20887: 1540, 20888: 82070, 20889: 683, 20890: 64727, 20891: 1391, 20892: 82070, 20894: 85669, 20895: 64790, 20897: 1540, 20900: 1457, 20901: 75379, 20902: 72039, 20904: 63099, 20905: 522, 20906: 765, 20907: 1188, 20909: 65877, 20910: 182, 20911: 849, 20913: 72051, 20916: 85669, 20917: 87001, 20918: 73383, 20919: 63882, 20921: 58543, 20922: 82070, 20923: 690, 20925: 1294, 20926: 85700, 20928: 1300, 20929: 51797, 20930: 61726, 20931: 51797, 20932: 1288, 20933: 57290, 20934: 63099, 20935: 82070, 20936: 91053, 20937: 1399, 20938: 1193, 20939: 1502, 20940: 1223, 20941: 72039, 20942: 1399, 20943: 69985, 20944: 1193, 20948: 83288, 20949: 1193, 20950: 87001, 20951: 1300, 20953: 64727, 20954: 68173, 20955: 1457, 20956: 57639, 20958: 57639, 20959: 65877, 20960: 54448, 20961: 1012, 20962: 1300, 20963: 69995, 20964: 72039, 20965: 91053, 20966: 64790, 20967: 1054, 20968: 44206, 20969: 85700, 20970: 57972, 20971: 63756, 20973: 85710, 20974: 63756, 20975: 58096, 20977: 1399, 20978: 1502, 20979: 1193, 20980: 63756, 20981: 57070, 20982: 83288, 20983: 57972, 20985: 83288, 20986: 1167, 20987: 0, 20988: 63756, 20990: 57972, 20992: 57417, 20993: 83288, 20995: 85710, 20997: 72039, 20998: 63882, 20999: 57972, 21000: 82070, 21001: 78631, 21002: 1167, 21003: 57972, 21005: 83288, 21006: 57070, 21007: 1300, 21008: 69995, 21009: 57972, 21011: 87001, 21012: 84328, 21013: 57639, 21014: 65877, 21015: 91053, 21016: 146, 21017: 85700, 21018: 35245, 21019: 63756, 21020: 68173, 21021: 1188, 21022: 63270, 21023: 1457, 21028: 86055, 21030: 85700, 21032: 54448, 21033: 728, 21034: 57417, 21035: 1399, 21036: 91896, 21037: 2048, 21038: 1457, 21039: 1300, 21041: 72051, 21043: 146, 21045: 75453, 21047: 57290, 21050: 57639, 21053: 1294, 21055: 82080, 21056: 57381, 21057: 449, 21058: 63756, 21059: 1107, 21060: 1107, 21061: 78645, 21062: 1014, 21063: 46494, 21064: 1014, 21065: 1188, 21066: 1259, 21067: 683, 21068: 72051, 21069: 72051, 21070: 57290, 21072: 71117, 21073: 69995, 21074: 1617, 21075: 78645, 21077: 1540, 21084: 67720, 21085: 88653, 21086: 90942, 21087: 57649, 21091: 85710, 21092: 58096, 21093: 85646, 21096: 2346, 21097: 74355, 21098: 63756, 21099: 2114, 21100: 2076, 21101: 2346, 21102: 2114, 21103: 1116, 21104: 59008, 21105: 80140, 21106: 2114, 21107: 73235, 21108: 56939, 21109: 56939, 21110: 80140, 21112: 1391, 21113: 89226, 21115: 2114, 21116: 89226, 21117: 80140, 21118: 83288, 21119: 89226, 21120: 2076, 21121: 74355, 21123: 80140, 21124: 88653, 21125: 88653, 21126: 74355, 21127: 56939, 21128: 74355, 21129: 74355, 21130: 53429, 21132: 57649, 21133: 87984, 21134: 53429, 21135: 56939, 21136: 53429, 21138: 57649, 21139: 56939, 21140: 57649, 21141: 86157, 21142: 80140, 21143: 53429, 21144: 2114, 21145: 53429, 21146: 89226, 21147: 88653, 21148: 53429, 21149: 80140, 21150: 80140, 21151: 86213, 21153: 53429, 21154: 1223, 21155: 86157, 21156: 87984, 21157: 1288, 21159: 2346, 21163: 146, 21164: 86157, 21165: 80140, 21166: 90998, 21167: 87984, 21168: 90998, 21170: 90998, 21171: 86213, 21172: 57649, 21173: 2076, 21174: 2114, 21175: 0, 21176: 2076, 21177: 87984, 21178: 88653, 21179: 56939, 21180: 2346, 21181: 57649, 21182: 86157, 21184: 87984, 21185: 0, 21186: 2076, 21187: 0, 21188: 0, 21189: 0, 21190: 63270, 21191: 184, 21192: 1223, 21193: 70500, 21194: 0, 21195: 1167, 21196: 70342, 21197: 74355, 21198: 2114, 21199: 86213, 21203: 2076, 21205: 53429, 21206: 86213, 21208: 87984, 21209: 89226, 21223: 1585, 21226: 1014, 21227: 69985, 21228: 46494, 21229: 395, 21230: 78645, 21231: 395, 21232: 1259, 21233: 683, 21234: 70342, 21235: 1259, 21236: 57381, 21237: 71117, 21238: 1543, 21239: 72051, 21240: 1107, 21241: 1347, 21244: 66626, 21249: 1012, 21262: 57070, 21265: 13699, 21271: 91053, 21279: 59008, 21280: 59008, 21288: 57290, 21290: 51797, 21298: 57639, 21303: 1347, 21304: 35259, 21305: 35259, 21306: 226, 21307: 64790, 21308: 1113, 21311: 1540, 21312: 1294, 21313: 35259, 21314: 88486, 21315: 57417, 21316: 1054, 21317: 1347, 21318: 57455, 21319: 51797, 21322: 690, 21324: 13828, 21325: 13828, 21326: 35259, 21327: 1347, 21328: 519, 21329: 78626, 21331: 72039, 21333: 57455, 21334: 57455, 21335: 226, 21336: 765, 21338: 1502, 21339: 1054, 21340: 1107, 21341: 1294, 21344: 1300, 21345: 72039, 21346: 91053, 21348: 63099, 21349: 0, 21351: 69990, 21354: 519, 21356: 90927, 21357: 75379, 21358: 184, 21363: 57257, 21366: 65941, 21369: 765, 21370: 63756, 21378: 68173, 21384: 44206, 21398: 78626, 21445: 74355, 21446: 62344, 21447: 1347, 21448: 67720, 21450: 1014, 21454: 68173, 21455: 683, 21460: 0, 21462: 82080, 21463: 75453, 21465: 0, 21468: 1391, 21470: 226, 21474: 686, 21475: 1012, 21477: 91896, 21478: 61726, 21479: 1107, 21480: 519, 21481: 1161, 21482: 1161, 21483: 70373, 21484: 69995, 21487: 51797, 21488: 65161, 21489: 91053, 21490: 1259, 21491: 1113, 21492: 1161, 21493: 50453, 21494: 342}",0.0,filho
646269.5920706666,Cruzamento,1733628376.4796684,44,"{20331: 57070, 20332: 1182, 20333: 57309, 20334: 65341, 20335: 1412, 20336: 1412, 20337: 1084, 20338: 1482, 20339: 1617, 20340: 49332, 20341: 1583, 20342: 69242, 20343: 69990, 20344: 1182, 20345: 70342, 20346: 1084, 20347: 1489, 20348: 48266, 20349: 1347, 20350: 69990, 20351: 1347, 20352: 57309, 20353: 57257, 20354: 46793, 20355: 1347, 20356: 849, 20357: 1583, 20358: 2048, 20359: 1291, 20360: 765, 20361: 75421, 20362: 1489, 20363: 1412, 20364: 70342, 20365: 70171, 20366: 70171, 20367: 77145, 20368: 65341, 20369: 75453, 20370: 48266, 20371: 1347, 20372: 46793, 20373: 1617, 20378: 65341, 20379: 75421, 20380: 1489, 20381: 1182, 20383: 57257, 20384: 63099, 20385: 57257, 20386: 13699, 20387: 70342, 20388: 1084, 20389: 75421, 20392: 849, 20393: 69242, 20394: 51797, 20395: 48266, 20396: 449, 20397: 1583, 20398: 765, 20399: 44206, 20400: 46793, 20401: 1412, 20402: 48266, 20403: 184, 20404: 743, 20405: 82080, 20406: 728, 20407: 395, 20408: 449, 20409: 35259, 20410: 690, 20411: 67720, 20412: 75379, 20413: 1482, 20414: 67720, 20415: 71117, 20416: 70342, 20417: 57381, 20418: 82080, 20419: 519, 20421: 1294, 20422: 1489, 20423: 1585, 20427: 44206, 20428: 57381, 20429: 449, 20432: 1543, 20433: 449, 20434: 46494, 20436: 805, 20437: 69242, 20438: 69990, 20439: 1259, 20440: 743, 20441: 46494, 20442: 69985, 20443: 690, 20444: 82080, 20445: 805, 20446: 67720, 20447: 78645, 20449: 1012, 20450: 69995, 20451: 80479, 20452: 57455, 20453: 57455, 20454: 52945, 20455: 913, 20456: 50588, 20457: 51797, 20458: 913, 20459: 1161, 20460: 1585, 20461: 63270, 20462: 69995, 20463: 49332, 20465: 65341, 20466: 1012, 20467: 1291, 20468: 1107, 20469: 1259, 20471: 57381, 20472: 57381, 20473: 743, 20475: 72051, 20476: 1617, 20481: 1107, 20482: 75379, 20484: 52945, 20485: 75379, 20486: 54448, 20487: 449, 20488: 1188, 20489: 69990, 20490: 70342, 20491: 67720, 20492: 805, 20493: 1107, 20494: 46494, 20495: 683, 20496: 75453, 20497: 50588, 20499: 65877, 20501: 44206, 20503: 57639, 20504: 69990, 20505: 62344, 20506: 85710, 20507: 1357, 20508: 1161, 20509: 50588, 20510: 913, 20511: 85646, 20512: 70342, 20513: 1291, 20514: 64790, 20515: 913, 20517: 69995, 20518: 69995, 20519: 63270, 20520: 52945, 20521: 65161, 20522: 1161, 20523: 1259, 20524: 68173, 20525: 519, 20527: 82080, 20528: 1502, 20530: 46494, 20531: 59008, 20532: 805, 20533: 75421, 20534: 65161, 20535: 48922, 20536: 44206, 20537: 69985, 20538: 69990, 20539: 449, 20540: 690, 20541: 1617, 20542: 75958, 20543: 48922, 20544: 728, 20545: 91896, 20546: 71117, 20547: 64790, 20549: 80479, 20550: 51797, 20552: 1288, 20553: 1502, 20554: 57290, 20555: 62344, 20556: 65877, 20557: 75379, 20558: 1107, 20559: 1391, 20560: 65877, 20561: 85710, 20563: 1167, 20564: 57070, 20565: 69990, 20567: 849, 20569: 52945, 20570: 91896, 20571: 1585, 20572: 1288, 20573: 35259, 20574: 48922, 20575: 44206, 20576: 75958, 20577: 69985, 20578: 1347, 20579: 71117, 20580: 68173, 20581: 1014, 20582: 35259, 20583: 1288, 20584: 71117, 20585: 2048, 20587: 1012, 20588: 63270, 20589: 52945, 20590: 82080, 20591: 57455, 20592: 683, 20593: 805, 20594: 72051, 20595: 59008, 20596: 1347, 20597: 1585, 20599: 64727, 20600: 49332, 20601: 75379, 20602: 35245, 20605: 35245, 20606: 50588, 20607: 913, 20608: 57417, 20609: 1585, 20610: 1482, 20611: 1107, 20612: 686, 20613: 57309, 20614: 1167, 20615: 75453, 20616: 953, 20617: 61726, 20618: 85669, 20619: 1182, 20620: 1054, 20621: 1457, 20622: 849, 20624: 226, 20625: 1457, 20626: 69995, 20628: 1540, 20630: 69995, 20631: 449, 20633: 69242, 20634: 73383, 20635: 1583, 20636: 54448, 20637: 1583, 20638: 226, 20639: 1391, 20640: 52945, 20641: 85669, 20642: 62344, 20643: 1391, 20645: 52945, 20646: 85669, 20647: 57639, 20648: 686, 20650: 686, 20651: 1193, 20652: 58096, 20653: 1391, 20654: 953, 20655: 1482, 20656: 1084, 20659: 70342, 20661: 64727, 20662: 57309, 20663: 1161, 20669: 69242, 20670: 65877, 20671: 1540, 20672: 57972, 20673: 57639, 20675: 78631, 20676: 78631, 20677: 61726, 20678: 75379, 20680: 69990, 20681: 1188, 20684: 1543, 20688: 805, 20689: 50588, 20690: 64727, 20692: 1182, 20693: 58096, 20694: 913, 20695: 75453, 20696: 75379, 20697: 184, 20698: 85669, 20699: 70342, 20700: 54448, 20701: 54448, 20702: 1288, 20703: 66626, 20704: 1173, 20705: 50588, 20706: 57309, 20707: 54448, 20708: 1399, 20709: 1161, 20710: 1161, 20711: 1014, 20712: 0, 20713: 57257, 20714: 52945, 20715: 57290, 20716: 913, 20717: 58543, 20719: 54448, 20720: 75453, 20721: 1012, 20722: 46494, 20723: 1489, 20724: 80479, 20725: 78631, 20726: 46793, 20727: 62344, 20729: 48266, 20730: 1113, 20731: 743, 20732: 765, 20734: 690, 20735: 65877, 20736: 522, 20737: 44206, 20739: 65877, 20740: 1188, 20741: 1357, 20742: 1116, 20743: 78631, 20744: 69995, 20746: 69990, 20747: 57309, 20748: 1107, 20749: 57639, 20750: 849, 20751: 1012, 20752: 190, 20754: 743, 20757: 1585, 20758: 54448, 20759: 57639, 20761: 70373, 20762: 1084, 20763: 63099, 20764: 1617, 20765: 1347, 20766: 70373, 20768: 0, 20769: 519, 20770: 77145, 20773: 1347, 20774: 57290, 20775: 58096, 20777: 1182, 20778: 2048, 20779: 70500, 20781: 57290, 20782: 67720, 20784: 57070, 20785: 57070, 20786: 1167, 20789: 728, 20790: 58543, 20791: 184, 20792: 82085, 20793: 70500, 20794: 49332, 20795: 69242, 20796: 68650, 20797: 2048, 20798: 70373, 20799: 69242, 20800: 1482, 20802: 57381, 20803: 68650, 20804: 68650, 20805: 13699, 20806: 58543, 20807: 57381, 20808: 85687, 20809: 58096, 20810: 46793, 20811: 48266, 20813: 49332, 20814: 49332, 20815: 82067, 20816: 57309, 20817: 82067, 20818: 58096, 20819: 1502, 20820: 85669, 20821: 78631, 20822: 1399, 20823: 1014, 20824: 226, 20825: 849, 20826: 85710, 20827: 62344, 20828: 63270, 20829: 1259, 20831: 1391, 20832: 1399, 20833: 1617, 20834: 86055, 20835: 62344, 20836: 849, 20837: 0, 20838: 1347, 20840: 1583, 20841: 57455, 20842: 83288, 20843: 57290, 20844: 1482, 20845: 57639, 20846: 1223, 20850: 87001, 20852: 57309, 20853: 1457, 20854: 1585, 20856: 686, 20858: 70373, 20859: 82070, 20860: 63882, 20861: 63882, 20862: 82070, 20863: 82070, 20864: 395, 20872: 953, 20873: 226, 20874: 0, 20875: 64727, 20876: 805, 20877: 63882, 20881: 64727, 20883: 70500, 20884: 82070, 20885: 1391, 20886: 67720, 20887: 1457, 20888: 82070, 20889: 1502, 20890: 91053, 20891: 1391, 20892: 72039, 20894: 765, 20895: 44206, 20897: 85669, 20900: 1167, 20901: 68650, 20902: 83288, 20904: 1188, 20905: 73383, 20906: 849, 20907: 1188, 20909: 65877, 20910: 72051, 20911: 1107, 20913: 73383, 20916: 1116, 20917: 84328, 20918: 69990, 20919: 84328, 20921: 63099, 20922: 82070, 20923: 57381, 20925: 1294, 20926: 65941, 20928: 1300, 20929: 51797, 20930: 0, 20931: 1223, 20932: 64790, 20933: 743, 20934: 1193, 20935: 63882, 20936: 65941, 20937: 67720, 20938: 1193, 20939: 395, 20940: 65161, 20941: 87001, 20942: 75379, 20943: 57290, 20944: 59008, 20948: 65877, 20949: 1193, 20950: 63882, 20951: 64790, 20953: 64727, 20954: 48922, 20955: 1116, 20956: 58096, 20958: 63756, 20959: 87001, 20960: 1399, 20961: 1502, 20962: 184, 20963: 146, 20964: 72039, 20965: 65941, 20966: 59008, 20967: 85710, 20968: 75453, 20969: 1300, 20970: 72039, 20971: 59008, 20973: 1054, 20974: 59008, 20975: 1154, 20977: 85710, 20978: 63756, 20979: 0, 20980: 63756, 20981: 49332, 20982: 72039, 20983: 1054, 20985: 72039, 20986: 728, 20987: 64790, 20988: 1054, 20990: 85710, 20992: 68650, 20993: 72039, 20995: 1012, 20997: 83288, 20998: 82070, 20999: 87001, 21000: 63882, 21001: 70500, 21002: 57639, 21003: 57972, 21005: 83288, 21006: 72051, 21007: 2048, 21008: 69995, 21009: 65877, 21011: 72039, 21012: 87001, 21013: 57290, 21014: 65877, 21015: 91053, 21016: 72051, 21017: 64790, 21018: 1193, 21019: 184, 21020: 69985, 21021: 1543, 21022: 75379, 21023: 63270, 21028: 86055, 21030: 85700, 21032: 52945, 21033: 35245, 21034: 1154, 21035: 58543, 21036: 35259, 21037: 1223, 21038: 728, 21039: 63270, 21041: 85700, 21043: 67720, 21045: 1188, 21047: 86055, 21050: 83288, 21053: 1294, 21055: 82080, 21056: 1585, 21057: 1107, 21058: 1107, 21059: 395, 21060: 1107, 21061: 46494, 21062: 1502, 21063: 1014, 21064: 57381, 21065: 1543, 21066: 1188, 21067: 683, 21068: 73383, 21069: 46494, 21070: 69990, 21072: 1107, 21073: 1182, 21074: 67720, 21075: 78645, 21077: 1540, 21084: 1617, 21085: 2114, 21086: 89226, 21087: 87984, 21091: 1012, 21092: 78631, 21093: 63270, 21096: 2114, 21097: 53429, 21098: 65941, 21099: 2114, 21100: 2076, 21101: 57649, 21102: 80140, 21103: 1457, 21104: 51797, 21105: 88653, 21106: 2346, 21107: 62344, 21108: 2346, 21109: 2114, 21110: 90942, 21112: 75379, 21113: 88653, 21115: 2346, 21116: 80140, 21117: 57649, 21118: 88486, 21119: 2076, 21120: 2076, 21121: 74355, 21123: 57649, 21124: 2076, 21125: 53429, 21126: 57649, 21127: 56939, 21128: 74355, 21129: 74355, 21130: 53429, 21132: 57649, 21133: 87984, 21134: 53429, 21135: 56939, 21136: 53429, 21138: 57649, 21139: 56939, 21140: 57649, 21141: 86157, 21142: 80140, 21143: 53429, 21144: 2114, 21145: 53429, 21146: 89226, 21147: 88653, 21148: 53429, 21149: 80140, 21150: 80140, 21151: 86213, 21153: 53429, 21154: 1223, 21155: 86157, 21156: 87984, 21157: 1288, 21159: 2346, 21163: 146, 21164: 86157, 21165: 80140, 21166: 90998, 21167: 87984, 21168: 90998, 21170: 90998, 21171: 86213, 21172: 57649, 21173: 2076, 21174: 2114, 21175: 0, 21176: 2076, 21177: 87984, 21178: 88653, 21179: 56939, 21180: 2346, 21181: 57649, 21182: 86157, 21184: 87984, 21185: 0, 21186: 2076, 21187: 0, 21188: 0, 21189: 0, 21190: 63270, 21191: 184, 21192: 1223, 21193: 70500, 21194: 0, 21195: 1167, 21196: 70342, 21197: 74355, 21198: 2114, 21199: 86213, 21203: 2076, 21205: 53429, 21206: 86213, 21208: 87984, 21209: 89226, 21223: 1585, 21226: 1014, 21227: 69985, 21228: 46494, 21229: 395, 21230: 78645, 21231: 395, 21232: 1259, 21233: 683, 21234: 70342, 21235: 1259, 21236: 57381, 21237: 71117, 21238: 1543, 21239: 72051, 21240: 1107, 21241: 1347, 21244: 66626, 21249: 1012, 21262: 57070, 21265: 13699, 21271: 91053, 21279: 59008, 21280: 59008, 21288: 57290, 21290: 51797, 21298: 57639, 21303: 1347, 21304: 35259, 21305: 35259, 21306: 226, 21307: 64790, 21308: 1113, 21311: 1540, 21312: 1294, 21313: 35259, 21314: 88486, 21315: 57417, 21316: 1054, 21317: 1347, 21318: 57455, 21319: 51797, 21322: 690, 21324: 13828, 21325: 13828, 21326: 35259, 21327: 1347, 21328: 519, 21329: 78626, 21331: 72039, 21333: 57455, 21334: 57455, 21335: 226, 21336: 765, 21338: 1502, 21339: 1054, 21340: 1107, 21341: 1294, 21344: 1300, 21345: 72039, 21346: 91053, 21348: 63099, 21349: 0, 21351: 69990, 21354: 519, 21356: 90927, 21357: 75379, 21358: 184, 21363: 57257, 21366: 65941, 21369: 765, 21370: 63756, 21378: 68173, 21384: 44206, 21398: 78626, 21445: 74355, 21446: 62344, 21447: 1347, 21448: 67720, 21450: 1014, 21454: 68173, 21455: 683, 21460: 0, 21462: 82080, 21463: 75453, 21465: 0, 21468: 1391, 21470: 226, 21474: 686, 21475: 1012, 21477: 91896, 21478: 61726, 21479: 1107, 21480: 519, 21481: 1161, 21482: 1161, 21483: 70373, 21484: 69995, 21487: 51797, 21488: 65161, 21489: 91053, 21490: 1259, 21491: 1113, 21492: 1161, 21493: 50453, 21494: 342}",0.0,filho
645823.9559676672,Cruzamento,1733628379.6525686,45,"{20331: 1294, 20332: 70342, 20333: 1482, 20334: 82085, 20335: 1294, 20336: 57257, 20337: 65341, 20338: 1182, 20339: 1084, 20340: 57309, 20341: 765, 20342: 2048, 20343: 69242, 20344: 849, 20345: 57257, 20346: 1412, 20347: 63099, 20348: 1084, 20349: 75453, 20350: 63099, 20351: 75453, 20352: 69242, 20353: 70342, 20354: 849, 20355: 1489, 20356: 1489, 20357: 849, 20358: 70342, 20359: 57257, 20360: 2048, 20361: 58096, 20362: 1412, 20363: 1489, 20364: 184, 20365: 1617, 20366: 70171, 20367: 57309, 20368: 90927, 20369: 1617, 20370: 48266, 20371: 70373, 20372: 49332, 20373: 1291, 20378: 1182, 20379: 69990, 20380: 70342, 20381: 57070, 20383: 1583, 20384: 686, 20385: 75421, 20386: 68182, 20387: 75421, 20388: 13699, 20389: 68182, 20392: 1291, 20393: 63099, 20394: 75453, 20395: 48266, 20396: 1543, 20397: 849, 20398: 75421, 20399: 70342, 20400: 58096, 20401: 57455, 20402: 1489, 20403: 1084, 20404: 57455, 20405: 1288, 20406: 519, 20407: 743, 20408: 71117, 20409: 1288, 20410: 57381, 20411: 449, 20412: 226, 20413: 58096, 20414: 1014, 20415: 46494, 20416: 805, 20417: 57290, 20418: 683, 20419: 1617, 20421: 65341, 20422: 82085, 20423: 1585, 20427: 68173, 20428: 78645, 20429: 48922, 20432: 44206, 20433: 1502, 20434: 57290, 20436: 182, 20437: 1188, 20438: 1502, 20439: 57381, 20440: 73383, 20441: 70342, 20442: 57381, 20443: 13828, 20444: 71117, 20445: 683, 20446: 1502, 20447: 71117, 20449: 50588, 20450: 913, 20451: 80479, 20452: 80479, 20453: 35245, 20454: 69995, 20455: 52945, 20456: 70342, 20457: 46793, 20458: 1012, 20459: 51797, 20460: 63756, 20461: 35245, 20462: 64790, 20463: 57257, 20465: 57070, 20466: 63756, 20467: 849, 20468: 743, 20469: 67720, 20471: 1014, 20472: 13828, 20473: 1188, 20475: 67720, 20476: 1259, 20481: 71117, 20482: 35245, 20484: 85646, 20485: 46793, 20486: 913, 20487: 743, 20488: 44206, 20489: 683, 20490: 519, 20491: 78645, 20492: 57381, 20493: 82080, 20494: 91896, 20495: 1585, 20496: 58096, 20497: 54448, 20499: 1054, 20501: 1347, 20503: 35259, 20504: 57070, 20505: 83288, 20506: 1012, 20507: 46494, 20508: 69995, 20509: 1012, 20510: 52945, 20511: 64727, 20512: 54448, 20513: 1291, 20514: 146, 20515: 52945, 20517: 35245, 20518: 226, 20519: 75379, 20520: 69995, 20521: 50588, 20522: 52945, 20523: 1543, 20524: 449, 20525: 728, 20527: 1617, 20528: 44206, 20530: 72051, 20531: 13828, 20532: 1259, 20533: 69990, 20534: 46793, 20535: 75958, 20536: 68173, 20537: 1617, 20538: 690, 20539: 69990, 20540: 1617, 20541: 71117, 20542: 1288, 20543: 449, 20544: 1014, 20545: 1585, 20546: 91896, 20547: 57070, 20549: 80479, 20550: 63270, 20552: 46494, 20553: 71117, 20554: 1288, 20555: 61726, 20556: 78631, 20557: 1391, 20558: 1502, 20559: 1399, 20560: 686, 20561: 46494, 20563: 65877, 20564: 1167, 20565: 85710, 20567: 69990, 20569: 51797, 20570: 743, 20571: 68173, 20572: 1347, 20573: 690, 20574: 67720, 20575: 449, 20576: 728, 20577: 48922, 20578: 1014, 20579: 1347, 20580: 35259, 20581: 75958, 20582: 48922, 20583: 743, 20584: 1347, 20585: 1543, 20587: 1161, 20588: 1012, 20589: 65161, 20590: 395, 20591: 449, 20592: 1188, 20593: 57290, 20594: 690, 20595: 522, 20596: 73383, 20597: 805, 20599: 1012, 20600: 63270, 20601: 63270, 20602: 35245, 20605: 226, 20606: 1161, 20607: 52945, 20608: 58096, 20609: 1173, 20610: 1084, 20611: 65877, 20612: 75453, 20613: 1457, 20614: 57309, 20615: 69995, 20616: 849, 20617: 1167, 20618: 1540, 20619: 765, 20620: 1457, 20621: 1167, 20622: 686, 20624: 1457, 20625: 65877, 20626: 686, 20628: 686, 20630: 66626, 20631: 519, 20633: 1107, 20634: 72051, 20635: 1084, 20636: 913, 20637: 1391, 20638: 146, 20639: 85669, 20640: 57639, 20641: 52945, 20642: 1391, 20643: 1193, 20645: 1391, 20646: 953, 20647: 686, 20648: 58096, 20650: 58096, 20651: 62344, 20652: 686, 20653: 1193, 20654: 85669, 20655: 1412, 20656: 184, 20659: 1585, 20661: 69995, 20662: 70373, 20663: 913, 20669: 522, 20670: 78631, 20671: 57639, 20672: 35259, 20673: 57972, 20675: 61726, 20676: 57972, 20677: 73235, 20678: 62344, 20680: 68173, 20681: 449, 20684: 1347, 20688: 1617, 20689: 69995, 20690: 52945, 20692: 57257, 20693: 85669, 20694: 66626, 20695: 1489, 20696: 1173, 20697: 1182, 20698: 58543, 20699: 63756, 20700: 50588, 20701: 913, 20702: 1167, 20703: 54448, 20704: 66626, 20705: 75379, 20706: 1182, 20707: 70342, 20708: 46494, 20709: 1161, 20710: 1161, 20711: 1543, 20712: 0, 20713: 75421, 20714: 52945, 20715: 690, 20716: 70342, 20717: 57639, 20719: 1585, 20720: 75453, 20721: 913, 20722: 805, 20723: 51797, 20724: 80479, 20725: 85669, 20726: 46793, 20727: 78631, 20729: 1617, 20730: 88486, 20731: 48922, 20732: 1054, 20734: 1288, 20735: 57309, 20736: 1014, 20737: 73383, 20739: 35259, 20740: 57455, 20741: 686, 20742: 1167, 20743: 1116, 20744: 68650, 20746: 69990, 20747: 91053, 20748: 58096, 20749: 69990, 20750: 686, 20751: 1399, 20752: 1502, 20754: 44206, 20757: 1161, 20758: 1012, 20759: 62344, 20761: 1482, 20762: 75453, 20763: 63099, 20764: 1084, 20765: 63099, 20766: 63099, 20768: 184, 20769: 395, 20770: 77145, 20773: 70500, 20774: 1154, 20775: 69990, 20777: 1391, 20778: 70500, 20779: 1399, 20781: 1457, 20782: 49332, 20784: 57290, 20785: 2048, 20786: 70500, 20789: 1347, 20790: 58543, 20791: 70342, 20792: 46793, 20793: 146, 20794: 49332, 20795: 59008, 20796: 1188, 20797: 75421, 20798: 13699, 20799: 70373, 20800: 1482, 20802: 69242, 20803: 85710, 20804: 57309, 20805: 69242, 20806: 1391, 20807: 72051, 20808: 82067, 20809: 1291, 20810: 63099, 20811: 57070, 20813: 48266, 20814: 1482, 20815: 85687, 20816: 57455, 20817: 85687, 20818: 1391, 20819: 1502, 20820: 1167, 20821: 1116, 20822: 85687, 20823: 46494, 20824: 57417, 20825: 75453, 20826: 75379, 20827: 46494, 20828: 184, 20829: 67720, 20831: 57290, 20832: 57639, 20833: 1291, 20834: 728, 20835: 1502, 20836: 1583, 20837: 57070, 20838: 57070, 20840: 2048, 20841: 1412, 20842: 1357, 20843: 226, 20844: 57455, 20845: 65877, 20846: 1300, 20850: 65877, 20852: 90927, 20853: 51797, 20854: 72051, 20856: 46793, 20858: 48266, 20859: 82070, 20860: 63882, 20861: 63882, 20862: 82070, 20863: 82070, 20864: 395, 20872: 953, 20873: 395, 20874: 0, 20875: 91053, 20876: 683, 20877: 83288, 20881: 75379, 20883: 75453, 20884: 57972, 20885: 59008, 20886: 64727, 20887: 1540, 20888: 82070, 20889: 683, 20890: 64727, 20891: 1391, 20892: 82070, 20894: 85669, 20895: 64790, 20897: 1540, 20900: 1457, 20901: 75379, 20902: 72039, 20904: 63099, 20905: 522, 20906: 765, 20907: 1188, 20909: 65877, 20910: 182, 20911: 849, 20913: 72051, 20916: 85669, 20917: 87001, 20918: 73383, 20919: 63882, 20921: 58543, 20922: 82070, 20923: 690, 20925: 1294, 20926: 85700, 20928: 1300, 20929: 51797, 20930: 61726, 20931: 51797, 20932: 1288, 20933: 57290, 20934: 63099, 20935: 82070, 20936: 91053, 20937: 1399, 20938: 1193, 20939: 1502, 20940: 1223, 20941: 72039, 20942: 1399, 20943: 69985, 20944: 1193, 20948: 83288, 20949: 1193, 20950: 87001, 20951: 1300, 20953: 64727, 20954: 68173, 20955: 1457, 20956: 57639, 20958: 57639, 20959: 65877, 20960: 54448, 20961: 1012, 20962: 1300, 20963: 69995, 20964: 72039, 20965: 91053, 20966: 64790, 20967: 1054, 20968: 44206, 20969: 85700, 20970: 57972, 20971: 63756, 20973: 85710, 20974: 59008, 20975: 1154, 20977: 85710, 20978: 63756, 20979: 0, 20980: 63756, 20981: 49332, 20982: 72039, 20983: 1054, 20985: 72039, 20986: 728, 20987: 64790, 20988: 1054, 20990: 85710, 20992: 68650, 20993: 72039, 20995: 1012, 20997: 83288, 20998: 82070, 20999: 87001, 21000: 63882, 21001: 70500, 21002: 57639, 21003: 57972, 21005: 83288, 21006: 72051, 21007: 2048, 21008: 69995, 21009: 65877, 21011: 72039, 21012: 87001, 21013: 57290, 21014: 65877, 21015: 91053, 21016: 72051, 21017: 64790, 21018: 1193, 21019: 184, 21020: 69985, 21021: 1543, 21022: 75379, 21023: 63270, 21028: 86055, 21030: 85700, 21032: 52945, 21033: 35245, 21034: 1154, 21035: 58543, 21036: 35259, 21037: 1223, 21038: 728, 21039: 63270, 21041: 85700, 21043: 67720, 21045: 1188, 21047: 86055, 21050: 83288, 21053: 1294, 21055: 82080, 21056: 1585, 21057: 1107, 21058: 1107, 21059: 395, 21060: 1107, 21061: 46494, 21062: 1502, 21063: 1014, 21064: 57381, 21065: 1543, 21066: 1188, 21067: 683, 21068: 73383, 21069: 46494, 21070: 69990, 21072: 1107, 21073: 1182, 21074: 67720, 21075: 78645, 21077: 1540, 21084: 1617, 21085: 2114, 21086: 89226, 21087: 87984, 21091: 1012, 21092: 78631, 21093: 63270, 21096: 2114, 21097: 53429, 21098: 65941, 21099: 2114, 21100: 2076, 21101: 57649, 21102: 80140, 21103: 1457, 21104: 51797, 21105: 88653, 21106: 2346, 21107: 62344, 21108: 2346, 21109: 2114, 21110: 80140, 21112: 1540, 21113: 57649, 21115: 89226, 21116: 57649, 21117: 74355, 21118: 58096, 21119: 80140, 21120: 80140, 21121: 56939, 21123: 56939, 21124: 2076, 21125: 53429, 21126: 53429, 21127: 88653, 21128: 74355, 21129: 2114, 21130: 74355, 21132: 57649, 21133: 90998, 21134: 57649, 21135: 80140, 21136: 57649, 21138: 53429, 21139: 89226, 21140: 57649, 21141: 87984, 21142: 80140, 21143: 74355, 21144: 2114, 21145: 2346, 21146: 89226, 21147: 2076, 21148: 53429, 21149: 56939, 21150: 86157, 21151: 2076, 21153: 74355, 21154: 146, 21155: 86213, 21156: 86157, 21157: 1188, 21159: 89226, 21163: 1288, 21164: 86157, 21165: 87984, 21166: 86213, 21167: 87984, 21168: 87984, 21170: 2346, 21171: 56939, 21172: 56939, 21173: 86213, 21174: 2076, 21175: 1188, 21176: 86213, 21177: 56939, 21178: 57649, 21179: 86213, 21180: 90998, 21181: 2114, 21182: 0, 21184: 86157, 21185: 0, 21186: 2076, 21187: 0, 21188: 1223, 21189: 0, 21190: 1457, 21191: 184, 21192: 65941, 21193: 1193, 21194: 0, 21195: 57290, 21196: 849, 21197: 53429, 21198: 74355, 21199: 2076, 21203: 86213, 21205: 2346, 21206: 90998, 21208: 87984, 21209: 89226, 21223: 743, 21226: 683, 21227: 449, 21228: 57290, 21229: 519, 21230: 57290, 21231: 1107, 21232: 57381, 21233: 82080, 21234: 82080, 21235: 522, 21236: 82080, 21237: 57290, 21238: 71117, 21239: 0, 21240: 805, 21241: 46494, 21244: 1173, 21249: 80479, 21262: 1391, 21265: 75421, 21271: 91053, 21279: 59008, 21280: 59008, 21288: 57290, 21290: 51797, 21298: 57639, 21303: 1347, 21304: 35259, 21305: 35259, 21306: 226, 21307: 64790, 21308: 1113, 21311: 1540, 21312: 1294, 21313: 35259, 21314: 88486, 21315: 57417, 21316: 1054, 21317: 1347, 21318: 57455, 21319: 51797, 21322: 690, 21324: 13828, 21325: 13828, 21326: 35259, 21327: 1347, 21328: 519, 21329: 78626, 21331: 72039, 21333: 57455, 21334: 57455, 21335: 226, 21336: 765, 21338: 1502, 21339: 1054, 21340: 1107, 21341: 1294, 21344: 1300, 21345: 72039, 21346: 91053, 21348: 63099, 21349: 0, 21351: 69990, 21354: 519, 21356: 90927, 21357: 75379, 21358: 184, 21363: 57257, 21366: 65941, 21369: 765, 21370: 63756, 21378: 68173, 21384: 44206, 21398: 78626, 21445: 74355, 21446: 62344, 21447: 1347, 21448: 67720, 21450: 1014, 21454: 68173, 21455: 683, 21460: 0, 21462: 82080, 21463: 61726, 21465: 0, 21468: 85669, 21470: 63756, 21474: 46494, 21475: 1012, 21477: 91896, 21478: 69990, 21479: 71117, 21480: 805, 21481: 85687, 21482: 1391, 21483: 0, 21484: 1167, 21487: 65941, 21488: 65161, 21489: 65161, 21490: 0, 21491: 1113, 21492: 1116, 21493: 50453, 21494: 342}",0.0,filho
645274.1029303331,Cruzamento,1733628379.6525686,45,"{20331: 1084, 20332: 46793, 20333: 1489, 20334: 1412, 20335: 1294, 20336: 82085, 20337: 65341, 20338: 48266, 20339: 46793, 20340: 1412, 20341: 1294, 20342: 1182, 20343: 70342, 20344: 849, 20345: 63099, 20346: 1084, 20347: 1489, 20348: 48266, 20349: 1347, 20350: 69990, 20351: 1347, 20352: 57309, 20353: 57257, 20354: 46793, 20355: 1347, 20356: 849, 20357: 1583, 20358: 2048, 20359: 1291, 20360: 765, 20361: 75421, 20362: 1489, 20363: 1412, 20364: 70342, 20365: 70171, 20366: 70171, 20367: 77145, 20368: 65341, 20369: 75453, 20370: 48266, 20371: 1347, 20372: 46793, 20373: 1617, 20378: 65341, 20379: 75421, 20380: 1489, 20381: 1182, 20383: 57257, 20384: 63099, 20385: 57257, 20386: 13699, 20387: 70342, 20388: 1084, 20389: 75421, 20392: 849, 20393: 69242, 20394: 51797, 20395: 48266, 20396: 449, 20397: 1583, 20398: 765, 20399: 44206, 20400: 46793, 20401: 1412, 20402: 48266, 20403: 184, 20404: 743, 20405: 82080, 20406: 728, 20407: 395, 20408: 449, 20409: 35259, 20410: 690, 20411: 67720, 20412: 75379, 20413: 1482, 20414: 67720, 20415: 71117, 20416: 70342, 20417: 57381, 20418: 82080, 20419: 519, 20421: 1294, 20422: 1489, 20423: 1585, 20427: 44206, 20428: 57381, 20429: 449, 20432: 1543, 20433: 449, 20434: 46494, 20436: 805, 20437: 69242, 20438: 69990, 20439: 1259, 20440: 743, 20441: 46494, 20442: 69985, 20443: 690, 20444: 82080, 20445: 805, 20446: 67720, 20447: 78645, 20449: 1012, 20450: 69995, 20451: 80479, 20452: 57455, 20453: 57455, 20454: 52945, 20455: 913, 20456: 50588, 20457: 51797, 20458: 913, 20459: 1161, 20460: 1585, 20461: 63270, 20462: 69995, 20463: 49332, 20465: 65341, 20466: 1012, 20467: 1291, 20468: 1107, 20469: 1259, 20471: 57381, 20472: 57381, 20473: 743, 20475: 72051, 20476: 1617, 20481: 1107, 20482: 75379, 20484: 52945, 20485: 75379, 20486: 54448, 20487: 449, 20488: 1188, 20489: 69990, 20490: 70342, 20491: 67720, 20492: 805, 20493: 1107, 20494: 46494, 20495: 683, 20496: 75453, 20497: 50588, 20499: 65877, 20501: 44206, 20503: 57639, 20504: 69990, 20505: 62344, 20506: 85710, 20507: 1357, 20508: 1161, 20509: 50588, 20510: 913, 20511: 85646, 20512: 70342, 20513: 1291, 20514: 64790, 20515: 913, 20517: 69995, 20518: 69995, 20519: 63270, 20520: 52945, 20521: 65161, 20522: 1161, 20523: 1259, 20524: 68173, 20525: 519, 20527: 82080, 20528: 1502, 20530: 46494, 20531: 59008, 20532: 805, 20533: 75421, 20534: 65161, 20535: 48922, 20536: 44206, 20537: 69985, 20538: 69990, 20539: 449, 20540: 690, 20541: 1617, 20542: 75958, 20543: 48922, 20544: 728, 20545: 91896, 20546: 71117, 20547: 64790, 20549: 80479, 20550: 51797, 20552: 1288, 20553: 1502, 20554: 57290, 20555: 62344, 20556: 65877, 20557: 75379, 20558: 1107, 20559: 1391, 20560: 65877, 20561: 85710, 20563: 1167, 20564: 57070, 20565: 69990, 20567: 849, 20569: 52945, 20570: 91896, 20571: 1585, 20572: 1288, 20573: 35259, 20574: 48922, 20575: 44206, 20576: 75958, 20577: 69985, 20578: 1347, 20579: 71117, 20580: 68173, 20581: 1014, 20582: 35259, 20583: 1288, 20584: 71117, 20585: 2048, 20587: 1012, 20588: 63270, 20589: 52945, 20590: 82080, 20591: 57455, 20592: 683, 20593: 805, 20594: 72051, 20595: 59008, 20596: 1347, 20597: 1585, 20599: 64727, 20600: 49332, 20601: 75379, 20602: 35245, 20605: 35245, 20606: 50588, 20607: 913, 20608: 57417, 20609: 1585, 20610: 1482, 20611: 1107, 20612: 686, 20613: 57309, 20614: 1167, 20615: 75453, 20616: 953, 20617: 61726, 20618: 85669, 20619: 1182, 20620: 1054, 20621: 1457, 20622: 849, 20624: 226, 20625: 1457, 20626: 69995, 20628: 1540, 20630: 69995, 20631: 449, 20633: 69242, 20634: 73383, 20635: 1583, 20636: 54448, 20637: 1583, 20638: 226, 20639: 1391, 20640: 52945, 20641: 85669, 20642: 62344, 20643: 1391, 20645: 52945, 20646: 85669, 20647: 57639, 20648: 686, 20650: 686, 20651: 1193, 20652: 58096, 20653: 1391, 20654: 953, 20655: 1482, 20656: 1084, 20659: 70342, 20661: 64727, 20662: 57309, 20663: 1161, 20669: 69242, 20670: 65877, 20671: 1540, 20672: 57972, 20673: 57639, 20675: 78631, 20676: 78631, 20677: 61726, 20678: 75379, 20680: 69990, 20681: 1188, 20684: 1543, 20688: 805, 20689: 50588, 20690: 64727, 20692: 1182, 20693: 58096, 20694: 913, 20695: 75453, 20696: 75379, 20697: 184, 20698: 85669, 20699: 70342, 20700: 54448, 20701: 54448, 20702: 1288, 20703: 66626, 20704: 1173, 20705: 50588, 20706: 57309, 20707: 54448, 20708: 1399, 20709: 1161, 20710: 1161, 20711: 1014, 20712: 0, 20713: 57257, 20714: 52945, 20715: 57290, 20716: 913, 20717: 58543, 20719: 54448, 20720: 75453, 20721: 1012, 20722: 46494, 20723: 1489, 20724: 80479, 20725: 78631, 20726: 46793, 20727: 62344, 20729: 48266, 20730: 1113, 20731: 743, 20732: 765, 20734: 690, 20735: 65877, 20736: 522, 20737: 44206, 20739: 65877, 20740: 1188, 20741: 1357, 20742: 1116, 20743: 78631, 20744: 69995, 20746: 69990, 20747: 57309, 20748: 1107, 20749: 57639, 20750: 849, 20751: 1012, 20752: 190, 20754: 743, 20757: 1585, 20758: 54448, 20759: 57639, 20761: 70373, 20762: 1084, 20763: 63099, 20764: 1617, 20765: 1347, 20766: 70373, 20768: 0, 20769: 519, 20770: 77145, 20773: 1347, 20774: 57290, 20775: 58096, 20777: 1182, 20778: 2048, 20779: 70500, 20781: 57290, 20782: 67720, 20784: 57070, 20785: 57070, 20786: 1167, 20789: 728, 20790: 58543, 20791: 184, 20792: 82085, 20793: 70500, 20794: 49332, 20795: 69242, 20796: 68650, 20797: 2048, 20798: 70373, 20799: 69242, 20800: 1482, 20802: 57381, 20803: 68650, 20804: 68650, 20805: 13699, 20806: 58543, 20807: 57381, 20808: 85687, 20809: 58096, 20810: 46793, 20811: 48266, 20813: 49332, 20814: 49332, 20815: 82067, 20816: 57309, 20817: 82067, 20818: 58096, 20819: 1502, 20820: 85669, 20821: 78631, 20822: 1399, 20823: 1014, 20824: 226, 20825: 849, 20826: 85710, 20827: 62344, 20828: 63270, 20829: 1259, 20831: 1391, 20832: 1399, 20833: 1617, 20834: 86055, 20835: 62344, 20836: 849, 20837: 0, 20838: 1347, 20840: 1583, 20841: 57455, 20842: 83288, 20843: 57290, 20844: 1482, 20845: 57639, 20846: 1223, 20850: 87001, 20852: 57309, 20853: 1457, 20854: 1585, 20856: 686, 20858: 70373, 20859: 82070, 20860: 63882, 20861: 63882, 20862: 82070, 20863: 82070, 20864: 395, 20872: 953, 20873: 226, 20874: 0, 20875: 64727, 20876: 805, 20877: 63882, 20881: 64727, 20883: 70500, 20884: 82070, 20885: 1391, 20886: 67720, 20887: 1457, 20888: 82070, 20889: 1502, 20890: 91053, 20891: 1391, 20892: 72039, 20894: 765, 20895: 44206, 20897: 85669, 20900: 1167, 20901: 68650, 20902: 83288, 20904: 1188, 20905: 73383, 20906: 849, 20907: 1188, 20909: 65877, 20910: 72051, 20911: 1107, 20913: 73383, 20916: 1116, 20917: 84328, 20918: 69990, 20919: 84328, 20921: 63099, 20922: 82070, 20923: 57381, 20925: 1294, 20926: 65941, 20928: 1300, 20929: 51797, 20930: 0, 20931: 1223, 20932: 64790, 20933: 743, 20934: 1193, 20935: 63882, 20936: 65941, 20937: 67720, 20938: 1193, 20939: 395, 20940: 65161, 20941: 87001, 20942: 75379, 20943: 57290, 20944: 59008, 20948: 65877, 20949: 1193, 20950: 63882, 20951: 64790, 20953: 64727, 20954: 48922, 20955: 1116, 20956: 58096, 20958: 63756, 20959: 87001, 20960: 1399, 20961: 1502, 20962: 184, 20963: 146, 20964: 72039, 20965: 65941, 20966: 59008, 20967: 85710, 20968: 75453, 20969: 1300, 20970: 72039, 20971: 59008, 20973: 1054, 20974: 63756, 20975: 58096, 20977: 1399, 20978: 1502, 20979: 1193, 20980: 63756, 20981: 57070, 20982: 83288, 20983: 57972, 20985: 83288, 20986: 1167, 20987: 0, 20988: 63756, 20990: 57972, 20992: 57417, 20993: 83288, 20995: 85710, 20997: 72039, 20998: 63882, 20999: 57972, 21000: 82070, 21001: 78631, 21002: 1167, 21003: 57972, 21005: 83288, 21006: 57070, 21007: 1300, 21008: 69995, 21009: 57972, 21011: 87001, 21012: 84328, 21013: 57639, 21014: 65877, 21015: 91053, 21016: 146, 21017: 85700, 21018: 35245, 21019: 63756, 21020: 68173, 21021: 1188, 21022: 63270, 21023: 1457, 21028: 86055, 21030: 85700, 21032: 54448, 21033: 728, 21034: 57417, 21035: 1399, 21036: 91896, 21037: 2048, 21038: 1457, 21039: 1300, 21041: 72051, 21043: 146, 21045: 75453, 21047: 57290, 21050: 57639, 21053: 1294, 21055: 82080, 21056: 57381, 21057: 449, 21058: 63756, 21059: 1107, 21060: 1107, 21061: 78645, 21062: 1014, 21063: 46494, 21064: 1014, 21065: 1188, 21066: 1259, 21067: 683, 21068: 72051, 21069: 72051, 21070: 57290, 21072: 71117, 21073: 69995, 21074: 1617, 21075: 78645, 21077: 1540, 21084: 67720, 21085: 88653, 21086: 90942, 21087: 57649, 21091: 85710, 21092: 58096, 21093: 85646, 21096: 2346, 21097: 74355, 21098: 63756, 21099: 2114, 21100: 2076, 21101: 2346, 21102: 2114, 21103: 1116, 21104: 59008, 21105: 80140, 21106: 2114, 21107: 73235, 21108: 56939, 21109: 56939, 21110: 80140, 21112: 1391, 21113: 89226, 21115: 2114, 21116: 89226, 21117: 80140, 21118: 83288, 21119: 89226, 21120: 2076, 21121: 74355, 21123: 80140, 21124: 88653, 21125: 88653, 21126: 74355, 21127: 56939, 21128: 74355, 21129: 74355, 21130: 53429, 21132: 57649, 21133: 87984, 21134: 53429, 21135: 56939, 21136: 53429, 21138: 57649, 21139: 56939, 21140: 57649, 21141: 86157, 21142: 80140, 21143: 53429, 21144: 2114, 21145: 53429, 21146: 89226, 21147: 88653, 21148: 53429, 21149: 80140, 21150: 80140, 21151: 86213, 21153: 53429, 21154: 1223, 21155: 86157, 21156: 87984, 21157: 1288, 21159: 2346, 21163: 146, 21164: 86157, 21165: 80140, 21166: 90998, 21167: 87984, 21168: 90998, 21170: 90998, 21171: 86213, 21172: 57649, 21173: 2076, 21174: 2114, 21175: 0, 21176: 2076, 21177: 87984, 21178: 88653, 21179: 56939, 21180: 2346, 21181: 57649, 21182: 86157, 21184: 87984, 21185: 0, 21186: 2076, 21187: 0, 21188: 0, 21189: 0, 21190: 63270, 21191: 184, 21192: 1223, 21193: 70500, 21194: 0, 21195: 1167, 21196: 70342, 21197: 74355, 21198: 2114, 21199: 86213, 21203: 2076, 21205: 53429, 21206: 86213, 21208: 87984, 21209: 89226, 21223: 1585, 21226: 1014, 21227: 69985, 21228: 46494, 21229: 395, 21230: 78645, 21231: 395, 21232: 1259, 21233: 683, 21234: 70342, 21235: 1259, 21236: 57381, 21237: 71117, 21238: 1543, 21239: 72051, 21240: 1107, 21241: 1347, 21244: 66626, 21249: 1012, 21262: 57070, 21265: 13699, 21271: 75453, 21279: 91053, 21280: 57639, 21288: 1188, 21290: 65941, 21298: 52945, 21303: 57455, 21304: 226, 21305: 88486, 21306: 1457, 21307: 226, 21308: 765, 21311: 46494, 21312: 63756, 21313: 35259, 21314: 88486, 21315: 64790, 21316: 63756, 21317: 1113, 21318: 64790, 21319: 1347, 21322: 82080, 21324: 395, 21325: 78626, 21326: 13828, 21327: 395, 21328: 13828, 21329: 550, 21331: 65877, 21333: 51797, 21334: 57455, 21335: 1113, 21336: 85669, 21338: 226, 21339: 71117, 21340: 1457, 21341: 1294, 21344: 51797, 21345: 0, 21346: 70500, 21348: 1193, 21349: 0, 21351: 72051, 21354: 13828, 21356: 57309, 21357: 64727, 21358: 226, 21363: 1412, 21366: 51797, 21369: 1347, 21370: 1357, 21378: 1014, 21384: 46494, 21398: 550, 21445: 53429, 21446: 57070, 21447: 1399, 21448: 69990, 21450: 78645, 21454: 48922, 21455: 1014, 21460: 1482, 21462: 1585, 21463: 75453, 21465: 0, 21468: 1391, 21470: 226, 21474: 686, 21475: 1012, 21477: 91896, 21478: 61726, 21479: 1107, 21480: 519, 21481: 1161, 21482: 1161, 21483: 70373, 21484: 69995, 21487: 51797, 21488: 65161, 21489: 91053, 21490: 1259, 21491: 1113, 21492: 1161, 21493: 50453, 21494: 342}",0.0,filho
646681.2333576663,Cruzamento,1733628382.7685204,46,"{20331: 1294, 20332: 70342, 20333: 1482, 20334: 82085, 20335: 1294, 20336: 57257, 20337: 65341, 20338: 1182, 20339: 1084, 20340: 57309, 20341: 765, 20342: 2048, 20343: 69242, 20344: 849, 20345: 57257, 20346: 1412, 20347: 63099, 20348: 1084, 20349: 75453, 20350: 63099, 20351: 75453, 20352: 69242, 20353: 70342, 20354: 849, 20355: 1489, 20356: 1489, 20357: 849, 20358: 70342, 20359: 57257, 20360: 2048, 20361: 58096, 20362: 1412, 20363: 1489, 20364: 184, 20365: 1617, 20366: 70171, 20367: 57309, 20368: 90927, 20369: 1617, 20370: 48266, 20371: 70373, 20372: 49332, 20373: 1291, 20378: 1182, 20379: 69990, 20380: 70342, 20381: 57070, 20383: 1583, 20384: 686, 20385: 75421, 20386: 68182, 20387: 75421, 20388: 13699, 20389: 68182, 20392: 1291, 20393: 63099, 20394: 75453, 20395: 48266, 20396: 1543, 20397: 849, 20398: 75421, 20399: 70342, 20400: 58096, 20401: 57455, 20402: 1489, 20403: 1084, 20404: 57455, 20405: 1288, 20406: 519, 20407: 743, 20408: 71117, 20409: 1288, 20410: 57381, 20411: 449, 20412: 226, 20413: 58096, 20414: 1014, 20415: 46494, 20416: 805, 20417: 57290, 20418: 683, 20419: 1617, 20421: 65341, 20422: 82085, 20423: 1585, 20427: 68173, 20428: 78645, 20429: 48922, 20432: 44206, 20433: 1502, 20434: 57290, 20436: 182, 20437: 1188, 20438: 1502, 20439: 57381, 20440: 73383, 20441: 70342, 20442: 57381, 20443: 13828, 20444: 71117, 20445: 683, 20446: 1502, 20447: 71117, 20449: 50588, 20450: 913, 20451: 80479, 20452: 80479, 20453: 35245, 20454: 69995, 20455: 52945, 20456: 70342, 20457: 46793, 20458: 1012, 20459: 51797, 20460: 63756, 20461: 35245, 20462: 64790, 20463: 57257, 20465: 57070, 20466: 63756, 20467: 849, 20468: 743, 20469: 67720, 20471: 1014, 20472: 13828, 20473: 1188, 20475: 67720, 20476: 1259, 20481: 71117, 20482: 35245, 20484: 85646, 20485: 46793, 20486: 913, 20487: 743, 20488: 44206, 20489: 683, 20490: 519, 20491: 78645, 20492: 57381, 20493: 82080, 20494: 91896, 20495: 1585, 20496: 58096, 20497: 54448, 20499: 1054, 20501: 1347, 20503: 35259, 20504: 57070, 20505: 83288, 20506: 1012, 20507: 46494, 20508: 69995, 20509: 1012, 20510: 52945, 20511: 64727, 20512: 54448, 20513: 1291, 20514: 146, 20515: 52945, 20517: 35245, 20518: 226, 20519: 75379, 20520: 69995, 20521: 50588, 20522: 52945, 20523: 1543, 20524: 449, 20525: 728, 20527: 1617, 20528: 44206, 20530: 72051, 20531: 13828, 20532: 1259, 20533: 69990, 20534: 46793, 20535: 75958, 20536: 68173, 20537: 1617, 20538: 690, 20539: 69990, 20540: 1617, 20541: 71117, 20542: 1288, 20543: 449, 20544: 1014, 20545: 1585, 20546: 91896, 20547: 57070, 20549: 80479, 20550: 63270, 20552: 46494, 20553: 71117, 20554: 1288, 20555: 61726, 20556: 78631, 20557: 1391, 20558: 1502, 20559: 1399, 20560: 686, 20561: 46494, 20563: 65877, 20564: 1167, 20565: 85710, 20567: 69990, 20569: 51797, 20570: 743, 20571: 68173, 20572: 1347, 20573: 690, 20574: 67720, 20575: 449, 20576: 728, 20577: 48922, 20578: 1014, 20579: 1347, 20580: 35259, 20581: 75958, 20582: 48922, 20583: 743, 20584: 1347, 20585: 1543, 20587: 1161, 20588: 1012, 20589: 65161, 20590: 395, 20591: 449, 20592: 1188, 20593: 57290, 20594: 690, 20595: 522, 20596: 73383, 20597: 805, 20599: 1012, 20600: 63270, 20601: 63270, 20602: 35245, 20605: 226, 20606: 1161, 20607: 52945, 20608: 58096, 20609: 1173, 20610: 1084, 20611: 65877, 20612: 75453, 20613: 1457, 20614: 57309, 20615: 69995, 20616: 849, 20617: 1167, 20618: 1540, 20619: 765, 20620: 1457, 20621: 1167, 20622: 686, 20624: 1457, 20625: 65877, 20626: 686, 20628: 686, 20630: 66626, 20631: 519, 20633: 1107, 20634: 72051, 20635: 1084, 20636: 913, 20637: 1391, 20638: 146, 20639: 85669, 20640: 57639, 20641: 52945, 20642: 1391, 20643: 1193, 20645: 1391, 20646: 953, 20647: 686, 20648: 58096, 20650: 58096, 20651: 62344, 20652: 686, 20653: 1193, 20654: 85669, 20655: 1412, 20656: 184, 20659: 1585, 20661: 69995, 20662: 70373, 20663: 913, 20669: 522, 20670: 78631, 20671: 57639, 20672: 35259, 20673: 57972, 20675: 61726, 20676: 57972, 20677: 73235, 20678: 62344, 20680: 68173, 20681: 449, 20684: 1347, 20688: 1617, 20689: 69995, 20690: 52945, 20692: 57257, 20693: 85669, 20694: 66626, 20695: 1489, 20696: 1173, 20697: 1182, 20698: 58543, 20699: 63756, 20700: 50588, 20701: 913, 20702: 1167, 20703: 54448, 20704: 66626, 20705: 75379, 20706: 1182, 20707: 70342, 20708: 46494, 20709: 1161, 20710: 1161, 20711: 1543, 20712: 0, 20713: 75421, 20714: 52945, 20715: 690, 20716: 70342, 20717: 57639, 20719: 1585, 20720: 75453, 20721: 913, 20722: 805, 20723: 51797, 20724: 80479, 20725: 85669, 20726: 46793, 20727: 78631, 20729: 1617, 20730: 88486, 20731: 48922, 20732: 1054, 20734: 1288, 20735: 57309, 20736: 1014, 20737: 73383, 20739: 35259, 20740: 57455, 20741: 686, 20742: 1167, 20743: 1116, 20744: 68650, 20746: 69990, 20747: 91053, 20748: 58096, 20749: 69990, 20750: 686, 20751: 1399, 20752: 1502, 20754: 44206, 20757: 1161, 20758: 1012, 20759: 62344, 20761: 1482, 20762: 75453, 20763: 63099, 20764: 1084, 20765: 63099, 20766: 63099, 20768: 184, 20769: 395, 20770: 77145, 20773: 70500, 20774: 1154, 20775: 69990, 20777: 1391, 20778: 70500, 20779: 1399, 20781: 1457, 20782: 49332, 20784: 57290, 20785: 2048, 20786: 70500, 20789: 1347, 20790: 58543, 20791: 70342, 20792: 46793, 20793: 146, 20794: 49332, 20795: 59008, 20796: 1188, 20797: 75421, 20798: 13699, 20799: 70373, 20800: 1482, 20802: 69242, 20803: 85710, 20804: 57309, 20805: 69242, 20806: 1391, 20807: 72051, 20808: 82067, 20809: 1291, 20810: 63099, 20811: 57070, 20813: 48266, 20814: 1482, 20815: 85687, 20816: 57455, 20817: 85687, 20818: 1391, 20819: 1502, 20820: 1167, 20821: 1116, 20822: 85687, 20823: 46494, 20824: 57417, 20825: 75453, 20826: 75379, 20827: 46494, 20828: 184, 20829: 67720, 20831: 57290, 20832: 57639, 20833: 1291, 20834: 728, 20835: 1502, 20836: 1583, 20837: 57070, 20838: 57070, 20840: 2048, 20841: 1412, 20842: 1357, 20843: 226, 20844: 57455, 20845: 65877, 20846: 1300, 20850: 65877, 20852: 90927, 20853: 51797, 20854: 72051, 20856: 46793, 20858: 48266, 20859: 82070, 20860: 63882, 20861: 63882, 20862: 82070, 20863: 82070, 20864: 395, 20872: 953, 20873: 395, 20874: 0, 20875: 91053, 20876: 683, 20877: 83288, 20881: 75379, 20883: 75453, 20884: 57972, 20885: 59008, 20886: 64727, 20887: 1540, 20888: 82070, 20889: 683, 20890: 64727, 20891: 1391, 20892: 82070, 20894: 85669, 20895: 64790, 20897: 1540, 20900: 1457, 20901: 75379, 20902: 72039, 20904: 63099, 20905: 522, 20906: 765, 20907: 1188, 20909: 65877, 20910: 182, 20911: 849, 20913: 72051, 20916: 85669, 20917: 87001, 20918: 73383, 20919: 63882, 20921: 58543, 20922: 82070, 20923: 690, 20925: 1294, 20926: 85700, 20928: 1300, 20929: 51797, 20930: 61726, 20931: 51797, 20932: 1288, 20933: 57290, 20934: 63099, 20935: 82070, 20936: 91053, 20937: 1399, 20938: 1193, 20939: 1502, 20940: 1223, 20941: 72039, 20942: 1399, 20943: 69985, 20944: 1193, 20948: 83288, 20949: 1193, 20950: 87001, 20951: 1300, 20953: 64727, 20954: 68173, 20955: 1457, 20956: 57639, 20958: 57639, 20959: 65877, 20960: 54448, 20961: 1012, 20962: 1300, 20963: 69995, 20964: 72039, 20965: 91053, 20966: 64790, 20967: 1054, 20968: 44206, 20969: 85700, 20970: 57972, 20971: 63756, 20973: 85710, 20974: 59008, 20975: 1154, 20977: 85710, 20978: 63756, 20979: 0, 20980: 63756, 20981: 49332, 20982: 72039, 20983: 1054, 20985: 72039, 20986: 728, 20987: 64790, 20988: 1054, 20990: 85710, 20992: 68650, 20993: 72039, 20995: 1012, 20997: 83288, 20998: 82070, 20999: 87001, 21000: 63882, 21001: 70500, 21002: 57639, 21003: 57972, 21005: 83288, 21006: 72051, 21007: 2048, 21008: 69995, 21009: 65877, 21011: 72039, 21012: 87001, 21013: 57290, 21014: 65877, 21015: 91053, 21016: 72051, 21017: 64790, 21018: 1193, 21019: 184, 21020: 69985, 21021: 1543, 21022: 75379, 21023: 63270, 21028: 86055, 21030: 85700, 21032: 52945, 21033: 35245, 21034: 1154, 21035: 58543, 21036: 35259, 21037: 1223, 21038: 728, 21039: 63270, 21041: 85700, 21043: 67720, 21045: 1188, 21047: 86055, 21050: 83288, 21053: 1294, 21055: 82080, 21056: 1585, 21057: 1107, 21058: 1107, 21059: 395, 21060: 1107, 21061: 46494, 21062: 1502, 21063: 1014, 21064: 57381, 21065: 1543, 21066: 1188, 21067: 683, 21068: 73383, 21069: 46494, 21070: 69990, 21072: 1107, 21073: 1182, 21074: 67720, 21075: 78645, 21077: 1540, 21084: 1617, 21085: 2114, 21086: 89226, 21087: 87984, 21091: 1012, 21092: 78631, 21093: 63270, 21096: 2114, 21097: 53429, 21098: 65941, 21099: 2114, 21100: 2076, 21101: 57649, 21102: 80140, 21103: 1457, 21104: 51797, 21105: 88653, 21106: 2346, 21107: 62344, 21108: 2346, 21109: 2114, 21110: 90942, 21112: 75379, 21113: 88653, 21115: 2346, 21116: 80140, 21117: 57649, 21118: 88486, 21119: 2076, 21120: 2076, 21121: 74355, 21123: 57649, 21124: 2076, 21125: 53429, 21126: 57649, 21127: 74355, 21128: 57649, 21129: 2114, 21130: 74355, 21132: 53429, 21133: 87984, 21134: 57649, 21135: 88653, 21136: 74355, 21138: 53429, 21139: 88653, 21140: 53429, 21141: 80140, 21142: 2346, 21143: 57649, 21144: 2114, 21145: 88653, 21146: 89226, 21147: 53429, 21148: 2114, 21149: 2076, 21150: 86213, 21151: 87984, 21153: 2114, 21154: 44206, 21155: 86157, 21156: 80140, 21157: 1188, 21159: 89226, 21163: 146, 21164: 86157, 21165: 88653, 21166: 88653, 21167: 80140, 21168: 2114, 21170: 88653, 21171: 53429, 21172: 57649, 21173: 56939, 21174: 90998, 21175: 1223, 21176: 56939, 21177: 56939, 21178: 57649, 21179: 86213, 21180: 90998, 21181: 86213, 21182: 86157, 21184: 56939, 21185: 86213, 21186: 86213, 21187: 0, 21188: 0, 21189: 0, 21190: 78631, 21191: 184, 21192: 59008, 21193: 57639, 21194: 0, 21195: 395, 21196: 1489, 21197: 57649, 21198: 74355, 21199: 2076, 21203: 90998, 21205: 74355, 21206: 86213, 21208: 87984, 21209: 89226, 21223: 683, 21226: 683, 21227: 1585, 21228: 68173, 21229: 0, 21230: 69990, 21231: 519, 21232: 57381, 21233: 1259, 21234: 805, 21235: 690, 21236: 71117, 21237: 71117, 21238: 1288, 21239: 805, 21240: 82080, 21241: 395, 21244: 64727, 21249: 0, 21262: 1489, 21265: 68182, 21271: 65161, 21279: 91053, 21280: 57639, 21288: 63756, 21290: 59008, 21298: 72051, 21303: 1457, 21304: 46494, 21305: 1294, 21306: 1167, 21307: 728, 21308: 1294, 21311: 1347, 21312: 88486, 21313: 1054, 21314: 1540, 21315: 1347, 21316: 71117, 21317: 765, 21318: 395, 21319: 1294, 21322: 69985, 21324: 71117, 21325: 550, 21326: 57455, 21327: 519, 21328: 35259, 21329: 805, 21331: 57972, 21333: 51797, 21334: 57455, 21335: 1357, 21336: 765, 21338: 1054, 21339: 1457, 21340: 1294, 21341: 765, 21344: 1288, 21345: 0, 21346: 57309, 21348: 63099, 21349: 0, 21351: 1259, 21354: 78626, 21356: 77145, 21357: 85646, 21358: 35245, 21363: 1347, 21366: 65941, 21369: 88486, 21370: 1054, 21378: 70342, 21384: 1188, 21398: 805, 21445: 2114, 21446: 58096, 21447: 1357, 21448: 35259, 21450: 69990, 21454: 48922, 21455: 1014, 21460: 1482, 21462: 1585, 21463: 75453, 21465: 0, 21468: 1391, 21470: 226, 21474: 686, 21475: 1012, 21477: 91896, 21478: 61726, 21479: 1107, 21480: 519, 21481: 1161, 21482: 1161, 21483: 70373, 21484: 69995, 21487: 51797, 21488: 65161, 21489: 91053, 21490: 1259, 21491: 1113, 21492: 1161, 21493: 50453, 21494: 342}",0.0,duplicado
646607.0273993327,Cruzamento,1733628382.7685204,46,"{20331: 1294, 20332: 70342, 20333: 1482, 20334: 82085, 20335: 1294, 20336: 57257, 20337: 65341, 20338: 1182, 20339: 1084, 20340: 57309, 20341: 765, 20342: 2048, 20343: 69242, 20344: 849, 20345: 63099, 20346: 1583, 20347: 1084, 20348: 69242, 20349: 1291, 20350: 1291, 20351: 46793, 20352: 46793, 20353: 1084, 20354: 75421, 20355: 51797, 20356: 1412, 20357: 1291, 20358: 2048, 20359: 765, 20360: 2048, 20361: 58096, 20362: 1412, 20363: 1489, 20364: 184, 20365: 1617, 20366: 70171, 20367: 57309, 20368: 90927, 20369: 1617, 20370: 48266, 20371: 70373, 20372: 49332, 20373: 1291, 20378: 1182, 20379: 69990, 20380: 70342, 20381: 57070, 20383: 1583, 20384: 686, 20385: 75421, 20386: 68182, 20387: 75421, 20388: 13699, 20389: 68182, 20392: 1291, 20393: 63099, 20394: 75453, 20395: 48266, 20396: 1543, 20397: 849, 20398: 75421, 20399: 70342, 20400: 58096, 20401: 57455, 20402: 1489, 20403: 1084, 20404: 57455, 20405: 1288, 20406: 519, 20407: 743, 20408: 71117, 20409: 1288, 20410: 57381, 20411: 449, 20412: 226, 20413: 58096, 20414: 1014, 20415: 46494, 20416: 805, 20417: 57290, 20418: 683, 20419: 1617, 20421: 65341, 20422: 82085, 20423: 1585, 20427: 68173, 20428: 78645, 20429: 48922, 20432: 44206, 20433: 1502, 20434: 57290, 20436: 182, 20437: 1188, 20438: 1502, 20439: 57381, 20440: 73383, 20441: 70342, 20442: 57381, 20443: 13828, 20444: 71117, 20445: 683, 20446: 1502, 20447: 71117, 20449: 50588, 20450: 913, 20451: 80479, 20452: 80479, 20453: 35245, 20454: 69995, 20455: 52945, 20456: 70342, 20457: 46793, 20458: 1012, 20459: 51797, 20460: 63756, 20461: 35245, 20462: 64790, 20463: 57257, 20465: 57070, 20466: 63756, 20467: 849, 20468: 743, 20469: 67720, 20471: 1014, 20472: 13828, 20473: 1188, 20475: 67720, 20476: 1259, 20481: 71117, 20482: 35245, 20484: 85646, 20485: 46793, 20486: 913, 20487: 743, 20488: 44206, 20489: 683, 20490: 519, 20491: 78645, 20492: 57381, 20493: 82080, 20494: 91896, 20495: 1585, 20496: 58096, 20497: 54448, 20499: 1054, 20501: 1347, 20503: 35259, 20504: 57070, 20505: 83288, 20506: 1012, 20507: 46494, 20508: 69995, 20509: 1012, 20510: 52945, 20511: 64727, 20512: 54448, 20513: 1291, 20514: 146, 20515: 52945, 20517: 35245, 20518: 226, 20519: 75379, 20520: 69995, 20521: 50588, 20522: 52945, 20523: 1543, 20524: 449, 20525: 728, 20527: 1617, 20528: 44206, 20530: 72051, 20531: 13828, 20532: 1259, 20533: 69990, 20534: 46793, 20535: 75958, 20536: 68173, 20537: 1617, 20538: 690, 20539: 69990, 20540: 1617, 20541: 71117, 20542: 1288, 20543: 449, 20544: 1014, 20545: 1585, 20546: 91896, 20547: 57070, 20549: 80479, 20550: 63270, 20552: 46494, 20553: 71117, 20554: 1288, 20555: 61726, 20556: 78631, 20557: 1391, 20558: 1502, 20559: 1399, 20560: 686, 20561: 46494, 20563: 65877, 20564: 1167, 20565: 85710, 20567: 69990, 20569: 51797, 20570: 743, 20571: 68173, 20572: 1347, 20573: 690, 20574: 67720, 20575: 449, 20576: 728, 20577: 48922, 20578: 1014, 20579: 1347, 20580: 35259, 20581: 75958, 20582: 48922, 20583: 743, 20584: 1347, 20585: 1543, 20587: 1161, 20588: 1012, 20589: 65161, 20590: 395, 20591: 449, 20592: 1188, 20593: 57290, 20594: 690, 20595: 522, 20596: 73383, 20597: 805, 20599: 1012, 20600: 63270, 20601: 63270, 20602: 35245, 20605: 226, 20606: 1161, 20607: 52945, 20608: 58096, 20609: 1173, 20610: 1084, 20611: 65877, 20612: 75453, 20613: 1457, 20614: 57309, 20615: 69995, 20616: 849, 20617: 1167, 20618: 1540, 20619: 765, 20620: 1457, 20621: 1167, 20622: 686, 20624: 1457, 20625: 65877, 20626: 686, 20628: 686, 20630: 66626, 20631: 519, 20633: 1107, 20634: 72051, 20635: 1084, 20636: 913, 20637: 1391, 20638: 146, 20639: 85669, 20640: 57639, 20641: 52945, 20642: 1391, 20643: 1193, 20645: 1391, 20646: 953, 20647: 686, 20648: 58096, 20650: 58096, 20651: 62344, 20652: 686, 20653: 1193, 20654: 85669, 20655: 1412, 20656: 184, 20659: 1585, 20661: 69995, 20662: 70373, 20663: 913, 20669: 522, 20670: 78631, 20671: 57639, 20672: 35259, 20673: 57972, 20675: 61726, 20676: 57972, 20677: 73235, 20678: 62344, 20680: 68173, 20681: 449, 20684: 1347, 20688: 1617, 20689: 69995, 20690: 52945, 20692: 57257, 20693: 85669, 20694: 66626, 20695: 1489, 20696: 1173, 20697: 1182, 20698: 58543, 20699: 63756, 20700: 50588, 20701: 913, 20702: 1167, 20703: 54448, 20704: 66626, 20705: 75379, 20706: 1182, 20707: 70342, 20708: 46494, 20709: 1161, 20710: 1161, 20711: 1543, 20712: 0, 20713: 75421, 20714: 52945, 20715: 690, 20716: 70342, 20717: 57639, 20719: 1585, 20720: 75453, 20721: 913, 20722: 805, 20723: 51797, 20724: 80479, 20725: 85669, 20726: 46793, 20727: 78631, 20729: 1617, 20730: 88486, 20731: 48922, 20732: 1054, 20734: 1288, 20735: 57309, 20736: 1014, 20737: 73383, 20739: 35259, 20740: 57455, 20741: 686, 20742: 1167, 20743: 1116, 20744: 68650, 20746: 69990, 20747: 91053, 20748: 58096, 20749: 69990, 20750: 686, 20751: 1399, 20752: 1502, 20754: 44206, 20757: 1161, 20758: 1012, 20759: 62344, 20761: 1482, 20762: 75453, 20763: 63099, 20764: 1084, 20765: 63099, 20766: 63099, 20768: 184, 20769: 395, 20770: 77145, 20773: 70500, 20774: 1154, 20775: 69990, 20777: 1391, 20778: 70500, 20779: 1399, 20781: 1457, 20782: 49332, 20784: 57290, 20785: 2048, 20786: 70500, 20789: 1347, 20790: 58543, 20791: 70342, 20792: 46793, 20793: 146, 20794: 49332, 20795: 59008, 20796: 1188, 20797: 75421, 20798: 13699, 20799: 70373, 20800: 1482, 20802: 69242, 20803: 85710, 20804: 57309, 20805: 69242, 20806: 1391, 20807: 72051, 20808: 82067, 20809: 1291, 20810: 63099, 20811: 57070, 20813: 48266, 20814: 1482, 20815: 85687, 20816: 57455, 20817: 85687, 20818: 1391, 20819: 1502, 20820: 1167, 20821: 1116, 20822: 85687, 20823: 46494, 20824: 57417, 20825: 75453, 20826: 75379, 20827: 46494, 20828: 184, 20829: 67720, 20831: 57290, 20832: 57639, 20833: 1291, 20834: 728, 20835: 1502, 20836: 1583, 20837: 57070, 20838: 57070, 20840: 2048, 20841: 1412, 20842: 1357, 20843: 226, 20844: 57455, 20845: 65877, 20846: 1300, 20850: 65877, 20852: 90927, 20853: 51797, 20854: 72051, 20856: 46793, 20858: 48266, 20859: 82070, 20860: 63882, 20861: 63882, 20862: 82070, 20863: 82070, 20864: 395, 20872: 953, 20873: 395, 20874: 0, 20875: 91053, 20876: 683, 20877: 83288, 20881: 75379, 20883: 75453, 20884: 57972, 20885: 59008, 20886: 64727, 20887: 1540, 20888: 82070, 20889: 683, 20890: 64727, 20891: 1391, 20892: 82070, 20894: 85669, 20895: 64790, 20897: 1540, 20900: 1457, 20901: 75379, 20902: 72039, 20904: 63099, 20905: 522, 20906: 765, 20907: 1188, 20909: 65877, 20910: 182, 20911: 849, 20913: 72051, 20916: 85669, 20917: 87001, 20918: 73383, 20919: 63882, 20921: 58543, 20922: 82070, 20923: 690, 20925: 1294, 20926: 85700, 20928: 1300, 20929: 51797, 20930: 61726, 20931: 51797, 20932: 1288, 20933: 57290, 20934: 63099, 20935: 82070, 20936: 91053, 20937: 1399, 20938: 1193, 20939: 1502, 20940: 1223, 20941: 72039, 20942: 1399, 20943: 69985, 20944: 1193, 20948: 83288, 20949: 1193, 20950: 87001, 20951: 1300, 20953: 64727, 20954: 68173, 20955: 1457, 20956: 57639, 20958: 57639, 20959: 65877, 20960: 54448, 20961: 1012, 20962: 1300, 20963: 69995, 20964: 72039, 20965: 91053, 20966: 64790, 20967: 1054, 20968: 44206, 20969: 85700, 20970: 57972, 20971: 63756, 20973: 85710, 20974: 59008, 20975: 1154, 20977: 85710, 20978: 63756, 20979: 0, 20980: 63756, 20981: 49332, 20982: 72039, 20983: 1054, 20985: 72039, 20986: 728, 20987: 64790, 20988: 1054, 20990: 85710, 20992: 68650, 20993: 72039, 20995: 1012, 20997: 83288, 20998: 82070, 20999: 87001, 21000: 63882, 21001: 70500, 21002: 57639, 21003: 57972, 21005: 83288, 21006: 72051, 21007: 2048, 21008: 69995, 21009: 65877, 21011: 72039, 21012: 87001, 21013: 57290, 21014: 65877, 21015: 91053, 21016: 72051, 21017: 64790, 21018: 1193, 21019: 184, 21020: 69985, 21021: 1543, 21022: 75379, 21023: 63270, 21028: 86055, 21030: 85700, 21032: 52945, 21033: 35245, 21034: 1154, 21035: 58543, 21036: 35259, 21037: 1223, 21038: 728, 21039: 63270, 21041: 85700, 21043: 67720, 21045: 1188, 21047: 86055, 21050: 83288, 21053: 1294, 21055: 82080, 21056: 1585, 21057: 1107, 21058: 1107, 21059: 395, 21060: 1107, 21061: 46494, 21062: 1502, 21063: 1014, 21064: 57381, 21065: 1543, 21066: 1188, 21067: 683, 21068: 73383, 21069: 46494, 21070: 69990, 21072: 1107, 21073: 1182, 21074: 67720, 21075: 78645, 21077: 1540, 21084: 1617, 21085: 2114, 21086: 89226, 21087: 87984, 21091: 1012, 21092: 78631, 21093: 63270, 21096: 2114, 21097: 53429, 21098: 65941, 21099: 2114, 21100: 2076, 21101: 57649, 21102: 80140, 21103: 1457, 21104: 51797, 21105: 88653, 21106: 2346, 21107: 62344, 21108: 2346, 21109: 2114, 21110: 90942, 21112: 75379, 21113: 88653, 21115: 2346, 21116: 80140, 21117: 57649, 21118: 88486, 21119: 2076, 21120: 2076, 21121: 74355, 21123: 57649, 21124: 2076, 21125: 53429, 21126: 57649, 21127: 74355, 21128: 57649, 21129: 2114, 21130: 74355, 21132: 53429, 21133: 87984, 21134: 57649, 21135: 88653, 21136: 74355, 21138: 53429, 21139: 88653, 21140: 53429, 21141: 80140, 21142: 2346, 21143: 57649, 21144: 2114, 21145: 88653, 21146: 89226, 21147: 53429, 21148: 2114, 21149: 2076, 21150: 86213, 21151: 87984, 21153: 2114, 21154: 44206, 21155: 86157, 21156: 80140, 21157: 1188, 21159: 89226, 21163: 146, 21164: 86157, 21165: 88653, 21166: 88653, 21167: 80140, 21168: 2114, 21170: 88653, 21171: 53429, 21172: 57649, 21173: 56939, 21174: 90998, 21175: 1223, 21176: 56939, 21177: 56939, 21178: 57649, 21179: 86213, 21180: 90998, 21181: 86213, 21182: 86157, 21184: 56939, 21185: 86213, 21186: 86213, 21187: 0, 21188: 0, 21189: 0, 21190: 78631, 21191: 184, 21192: 59008, 21193: 57639, 21194: 0, 21195: 395, 21196: 1489, 21197: 57649, 21198: 74355, 21199: 2076, 21203: 90998, 21205: 74355, 21206: 86213, 21208: 87984, 21209: 89226, 21223: 683, 21226: 683, 21227: 1585, 21228: 68173, 21229: 0, 21230: 69990, 21231: 519, 21232: 57381, 21233: 1259, 21234: 805, 21235: 690, 21236: 71117, 21237: 71117, 21238: 1288, 21239: 805, 21240: 82080, 21241: 395, 21244: 64727, 21249: 0, 21262: 1489, 21265: 68182, 21271: 65161, 21279: 91053, 21280: 57639, 21288: 63756, 21290: 59008, 21298: 72051, 21303: 1457, 21304: 46494, 21305: 1294, 21306: 1167, 21307: 728, 21308: 1294, 21311: 1347, 21312: 88486, 21313: 1054, 21314: 1540, 21315: 1347, 21316: 71117, 21317: 765, 21318: 395, 21319: 1294, 21322: 69985, 21324: 71117, 21325: 550, 21326: 57455, 21327: 519, 21328: 35259, 21329: 805, 21331: 57972, 21333: 51797, 21334: 57455, 21335: 1357, 21336: 765, 21338: 1054, 21339: 1457, 21340: 1294, 21341: 765, 21344: 1288, 21345: 0, 21346: 57309, 21348: 63099, 21349: 0, 21351: 1259, 21354: 78626, 21356: 77145, 21357: 85646, 21358: 35245, 21363: 1347, 21366: 65941, 21369: 88486, 21370: 1054, 21378: 70342, 21384: 1188, 21398: 805, 21445: 2114, 21446: 58096, 21447: 1357, 21448: 35259, 21450: 69990, 21454: 48922, 21455: 1014, 21460: 1482, 21462: 1585, 21463: 75453, 21465: 0, 21468: 1391, 21470: 226, 21474: 686, 21475: 1012, 21477: 91896, 21478: 61726, 21479: 1107, 21480: 519, 21481: 1161, 21482: 1161, 21483: 70373, 21484: 69995, 21487: 51797, 21488: 65161, 21489: 91053, 21490: 1259, 21491: 1113, 21492: 1161, 21493: 50453, 21494: 342}",0.0,duplicado
650144.5829213328,Cruzamento,1733628384.9826274,47,"{20331: 1084, 20332: 46793, 20333: 1489, 20334: 1412, 20335: 1294, 20336: 82085, 20337: 65341, 20338: 48266, 20339: 46793, 20340: 1412, 20341: 1294, 20342: 1182, 20343: 70342, 20344: 849, 20345: 63099, 20346: 1084, 20347: 1489, 20348: 48266, 20349: 1347, 20350: 69990, 20351: 1347, 20352: 57309, 20353: 57257, 20354: 46793, 20355: 1347, 20356: 849, 20357: 1583, 20358: 2048, 20359: 1291, 20360: 765, 20361: 75421, 20362: 1489, 20363: 1412, 20364: 70342, 20365: 70171, 20366: 70171, 20367: 77145, 20368: 65341, 20369: 75453, 20370: 48266, 20371: 1347, 20372: 46793, 20373: 1617, 20378: 65341, 20379: 75421, 20380: 1489, 20381: 1182, 20383: 57257, 20384: 63099, 20385: 57257, 20386: 13699, 20387: 70342, 20388: 1084, 20389: 75421, 20392: 849, 20393: 69242, 20394: 51797, 20395: 48266, 20396: 449, 20397: 1583, 20398: 765, 20399: 44206, 20400: 46793, 20401: 1412, 20402: 48266, 20403: 184, 20404: 743, 20405: 82080, 20406: 728, 20407: 395, 20408: 449, 20409: 35259, 20410: 690, 20411: 67720, 20412: 75379, 20413: 1482, 20414: 67720, 20415: 71117, 20416: 70342, 20417: 57381, 20418: 82080, 20419: 519, 20421: 1294, 20422: 1489, 20423: 1585, 20427: 44206, 20428: 57381, 20429: 449, 20432: 1543, 20433: 449, 20434: 46494, 20436: 805, 20437: 69242, 20438: 69990, 20439: 1259, 20440: 743, 20441: 46494, 20442: 69985, 20443: 690, 20444: 82080, 20445: 805, 20446: 67720, 20447: 78645, 20449: 1012, 20450: 69995, 20451: 80479, 20452: 57455, 20453: 57455, 20454: 52945, 20455: 913, 20456: 50588, 20457: 51797, 20458: 913, 20459: 1161, 20460: 1585, 20461: 63270, 20462: 69995, 20463: 49332, 20465: 65341, 20466: 1012, 20467: 1291, 20468: 1107, 20469: 1259, 20471: 57381, 20472: 57381, 20473: 743, 20475: 72051, 20476: 1617, 20481: 1107, 20482: 75379, 20484: 52945, 20485: 75379, 20486: 54448, 20487: 449, 20488: 1188, 20489: 69990, 20490: 70342, 20491: 67720, 20492: 805, 20493: 1107, 20494: 46494, 20495: 683, 20496: 75453, 20497: 50588, 20499: 65877, 20501: 44206, 20503: 57639, 20504: 69990, 20505: 62344, 20506: 85710, 20507: 1357, 20508: 1161, 20509: 50588, 20510: 913, 20511: 85646, 20512: 70342, 20513: 1291, 20514: 64790, 20515: 913, 20517: 69995, 20518: 69995, 20519: 63270, 20520: 52945, 20521: 65161, 20522: 1161, 20523: 1259, 20524: 68173, 20525: 519, 20527: 82080, 20528: 1502, 20530: 46494, 20531: 59008, 20532: 805, 20533: 75421, 20534: 65161, 20535: 48922, 20536: 44206, 20537: 69985, 20538: 69990, 20539: 449, 20540: 690, 20541: 1617, 20542: 75958, 20543: 48922, 20544: 728, 20545: 91896, 20546: 71117, 20547: 64790, 20549: 80479, 20550: 51797, 20552: 1288, 20553: 1502, 20554: 57290, 20555: 62344, 20556: 65877, 20557: 75379, 20558: 1107, 20559: 1391, 20560: 65877, 20561: 85710, 20563: 1167, 20564: 57070, 20565: 69990, 20567: 849, 20569: 52945, 20570: 91896, 20571: 1585, 20572: 1288, 20573: 35259, 20574: 48922, 20575: 44206, 20576: 75958, 20577: 69985, 20578: 1347, 20579: 71117, 20580: 68173, 20581: 1014, 20582: 35259, 20583: 1288, 20584: 71117, 20585: 2048, 20587: 1012, 20588: 63270, 20589: 52945, 20590: 82080, 20591: 57455, 20592: 683, 20593: 805, 20594: 72051, 20595: 59008, 20596: 1347, 20597: 1585, 20599: 64727, 20600: 49332, 20601: 75379, 20602: 35245, 20605: 35245, 20606: 50588, 20607: 913, 20608: 57417, 20609: 1585, 20610: 1482, 20611: 1107, 20612: 686, 20613: 57309, 20614: 1167, 20615: 75453, 20616: 953, 20617: 61726, 20618: 85669, 20619: 1182, 20620: 1054, 20621: 1457, 20622: 849, 20624: 226, 20625: 1457, 20626: 69995, 20628: 1540, 20630: 69995, 20631: 449, 20633: 69242, 20634: 73383, 20635: 1583, 20636: 54448, 20637: 1583, 20638: 226, 20639: 1391, 20640: 52945, 20641: 85669, 20642: 62344, 20643: 1391, 20645: 52945, 20646: 85669, 20647: 57639, 20648: 686, 20650: 686, 20651: 1193, 20652: 58096, 20653: 1391, 20654: 953, 20655: 1482, 20656: 1084, 20659: 70342, 20661: 64727, 20662: 57309, 20663: 1161, 20669: 69242, 20670: 65877, 20671: 1540, 20672: 57972, 20673: 57639, 20675: 78631, 20676: 78631, 20677: 61726, 20678: 75379, 20680: 69990, 20681: 1188, 20684: 1543, 20688: 805, 20689: 50588, 20690: 64727, 20692: 1182, 20693: 58096, 20694: 913, 20695: 75453, 20696: 75379, 20697: 184, 20698: 85669, 20699: 70342, 20700: 54448, 20701: 54448, 20702: 1288, 20703: 66626, 20704: 1173, 20705: 50588, 20706: 57309, 20707: 54448, 20708: 1399, 20709: 1161, 20710: 1161, 20711: 1014, 20712: 0, 20713: 57257, 20714: 52945, 20715: 57290, 20716: 913, 20717: 58543, 20719: 54448, 20720: 75453, 20721: 1012, 20722: 46494, 20723: 1489, 20724: 80479, 20725: 78631, 20726: 46793, 20727: 62344, 20729: 48266, 20730: 1113, 20731: 743, 20732: 765, 20734: 690, 20735: 65877, 20736: 522, 20737: 44206, 20739: 65877, 20740: 1188, 20741: 1357, 20742: 1116, 20743: 78631, 20744: 69995, 20746: 69990, 20747: 57309, 20748: 1107, 20749: 57639, 20750: 849, 20751: 1012, 20752: 190, 20754: 743, 20757: 1585, 20758: 54448, 20759: 57639, 20761: 70373, 20762: 1084, 20763: 63099, 20764: 1617, 20765: 1347, 20766: 70373, 20768: 0, 20769: 519, 20770: 77145, 20773: 1347, 20774: 57290, 20775: 58096, 20777: 1182, 20778: 2048, 20779: 70500, 20781: 57290, 20782: 67720, 20784: 57070, 20785: 57070, 20786: 1167, 20789: 728, 20790: 58543, 20791: 184, 20792: 82085, 20793: 70500, 20794: 49332, 20795: 69242, 20796: 68650, 20797: 2048, 20798: 70373, 20799: 69242, 20800: 1482, 20802: 57381, 20803: 68650, 20804: 68650, 20805: 13699, 20806: 58543, 20807: 57381, 20808: 85687, 20809: 58096, 20810: 46793, 20811: 48266, 20813: 49332, 20814: 49332, 20815: 82067, 20816: 57309, 20817: 82067, 20818: 58096, 20819: 1502, 20820: 85669, 20821: 78631, 20822: 1399, 20823: 1014, 20824: 226, 20825: 849, 20826: 85710, 20827: 62344, 20828: 63270, 20829: 1259, 20831: 1391, 20832: 1399, 20833: 1617, 20834: 86055, 20835: 62344, 20836: 849, 20837: 0, 20838: 1347, 20840: 1583, 20841: 57455, 20842: 83288, 20843: 57290, 20844: 1482, 20845: 57639, 20846: 1223, 20850: 87001, 20852: 57309, 20853: 1457, 20854: 1585, 20856: 686, 20858: 70373, 20859: 82070, 20860: 63882, 20861: 63882, 20862: 82070, 20863: 82070, 20864: 395, 20872: 953, 20873: 226, 20874: 0, 20875: 64727, 20876: 805, 20877: 63882, 20881: 64727, 20883: 70500, 20884: 82070, 20885: 1391, 20886: 67720, 20887: 1457, 20888: 82070, 20889: 1502, 20890: 91053, 20891: 1391, 20892: 72039, 20894: 765, 20895: 44206, 20897: 85669, 20900: 1167, 20901: 68650, 20902: 83288, 20904: 1188, 20905: 73383, 20906: 849, 20907: 1188, 20909: 65877, 20910: 72051, 20911: 1107, 20913: 73383, 20916: 1116, 20917: 84328, 20918: 69990, 20919: 84328, 20921: 63099, 20922: 82070, 20923: 57381, 20925: 1294, 20926: 65941, 20928: 1300, 20929: 51797, 20930: 0, 20931: 1223, 20932: 64790, 20933: 743, 20934: 1193, 20935: 63882, 20936: 65941, 20937: 67720, 20938: 1193, 20939: 395, 20940: 65161, 20941: 87001, 20942: 75379, 20943: 57290, 20944: 59008, 20948: 65877, 20949: 1193, 20950: 63882, 20951: 64790, 20953: 64727, 20954: 48922, 20955: 1116, 20956: 58096, 20958: 63756, 20959: 87001, 20960: 1399, 20961: 1502, 20962: 184, 20963: 146, 20964: 72039, 20965: 65941, 20966: 59008, 20967: 85710, 20968: 75453, 20969: 1300, 20970: 72039, 20971: 59008, 20973: 1054, 20974: 63756, 20975: 58096, 20977: 1399, 20978: 1502, 20979: 1193, 20980: 63756, 20981: 57070, 20982: 83288, 20983: 57972, 20985: 83288, 20986: 1167, 20987: 0, 20988: 63756, 20990: 57972, 20992: 57417, 20993: 83288, 20995: 85710, 20997: 72039, 20998: 63882, 20999: 57972, 21000: 82070, 21001: 78631, 21002: 1167, 21003: 57972, 21005: 83288, 21006: 57070, 21007: 1300, 21008: 69995, 21009: 57972, 21011: 87001, 21012: 84328, 21013: 57639, 21014: 65877, 21015: 91053, 21016: 146, 21017: 85700, 21018: 35245, 21019: 63756, 21020: 68173, 21021: 1188, 21022: 63270, 21023: 1457, 21028: 86055, 21030: 85700, 21032: 54448, 21033: 728, 21034: 57417, 21035: 1399, 21036: 91896, 21037: 2048, 21038: 1457, 21039: 1300, 21041: 72051, 21043: 146, 21045: 75453, 21047: 57290, 21050: 57639, 21053: 1294, 21055: 82080, 21056: 57381, 21057: 449, 21058: 63756, 21059: 1107, 21060: 1107, 21061: 78645, 21062: 1014, 21063: 46494, 21064: 1014, 21065: 1188, 21066: 1259, 21067: 683, 21068: 72051, 21069: 72051, 21070: 57290, 21072: 71117, 21073: 69995, 21074: 1617, 21075: 78645, 21077: 1540, 21084: 67720, 21085: 88653, 21086: 90942, 21087: 57649, 21091: 85710, 21092: 58096, 21093: 85646, 21096: 2346, 21097: 74355, 21098: 63756, 21099: 2114, 21100: 2076, 21101: 2346, 21102: 2114, 21103: 1116, 21104: 59008, 21105: 80140, 21106: 2114, 21107: 73235, 21108: 56939, 21109: 56939, 21110: 80140, 21112: 1391, 21113: 89226, 21115: 2114, 21116: 89226, 21117: 80140, 21118: 83288, 21119: 89226, 21120: 2076, 21121: 74355, 21123: 80140, 21124: 88653, 21125: 88653, 21126: 74355, 21127: 56939, 21128: 74355, 21129: 74355, 21130: 53429, 21132: 57649, 21133: 87984, 21134: 53429, 21135: 56939, 21136: 53429, 21138: 57649, 21139: 56939, 21140: 57649, 21141: 86157, 21142: 80140, 21143: 53429, 21144: 2114, 21145: 53429, 21146: 89226, 21147: 88653, 21148: 53429, 21149: 80140, 21150: 80140, 21151: 86213, 21153: 53429, 21154: 1223, 21155: 86157, 21156: 87984, 21157: 1288, 21159: 2346, 21163: 146, 21164: 86157, 21165: 80140, 21166: 90998, 21167: 87984, 21168: 90998, 21170: 90998, 21171: 86213, 21172: 57649, 21173: 2076, 21174: 2114, 21175: 0, 21176: 2076, 21177: 87984, 21178: 88653, 21179: 56939, 21180: 2346, 21181: 57649, 21182: 86157, 21184: 87984, 21185: 0, 21186: 2076, 21187: 0, 21188: 0, 21189: 0, 21190: 63270, 21191: 184, 21192: 1223, 21193: 70500, 21194: 0, 21195: 1167, 21196: 70342, 21197: 74355, 21198: 2114, 21199: 86213, 21203: 2076, 21205: 53429, 21206: 86213, 21208: 87984, 21209: 89226, 21223: 1585, 21226: 1014, 21227: 69985, 21228: 46494, 21229: 395, 21230: 78645, 21231: 395, 21232: 1259, 21233: 683, 21234: 70342, 21235: 1259, 21236: 57381, 21237: 71117, 21238: 1543, 21239: 72051, 21240: 1107, 21241: 1347, 21244: 66626, 21249: 1012, 21262: 57070, 21265: 13699, 21271: 91053, 21279: 59008, 21280: 59008, 21288: 57290, 21290: 51797, 21298: 57639, 21303: 1347, 21304: 35259, 21305: 35259, 21306: 226, 21307: 64790, 21308: 1113, 21311: 1540, 21312: 1294, 21313: 35259, 21314: 88486, 21315: 57417, 21316: 1054, 21317: 1347, 21318: 57455, 21319: 51797, 21322: 690, 21324: 13828, 21325: 13828, 21326: 35259, 21327: 1347, 21328: 519, 21329: 78626, 21331: 72039, 21333: 57455, 21334: 57455, 21335: 226, 21336: 765, 21338: 1502, 21339: 1054, 21340: 1107, 21341: 1294, 21344: 1300, 21345: 72039, 21346: 91053, 21348: 63099, 21349: 0, 21351: 69990, 21354: 519, 21356: 90927, 21357: 75379, 21358: 184, 21363: 57257, 21366: 65941, 21369: 765, 21370: 63756, 21378: 68173, 21384: 44206, 21398: 78626, 21445: 74355, 21446: 62344, 21447: 1347, 21448: 67720, 21450: 1014, 21454: 68173, 21455: 683, 21460: 0, 21462: 82080, 21463: 75453, 21465: 0, 21468: 1391, 21470: 226, 21474: 686, 21475: 1012, 21477: 91896, 21478: 61726, 21479: 1107, 21480: 519, 21481: 1161, 21482: 1161, 21483: 70373, 21484: 69995, 21487: 51797, 21488: 65161, 21489: 91053, 21490: 1259, 21491: 1113, 21492: 1161, 21493: 50453, 21494: 342}",0.0,filho
644151.4440220001,Cruzamento,1733628384.9826274,47,"{20331: 57070, 20332: 1182, 20333: 57309, 20334: 65341, 20335: 1412, 20336: 1412, 20337: 1084, 20338: 1482, 20339: 1617, 20340: 49332, 20341: 1583, 20342: 69242, 20343: 69990, 20344: 1182, 20345: 70342, 20346: 1084, 20347: 1489, 20348: 48266, 20349: 1347, 20350: 69990, 20351: 1347, 20352: 57309, 20353: 57257, 20354: 46793, 20355: 1347, 20356: 849, 20357: 1583, 20358: 2048, 20359: 1291, 20360: 765, 20361: 75421, 20362: 1489, 20363: 1412, 20364: 70342, 20365: 70171, 20366: 70171, 20367: 77145, 20368: 65341, 20369: 75453, 20370: 48266, 20371: 1347, 20372: 46793, 20373: 1617, 20378: 65341, 20379: 75421, 20380: 1489, 20381: 1182, 20383: 57257, 20384: 63099, 20385: 57257, 20386: 13699, 20387: 70342, 20388: 1084, 20389: 75421, 20392: 849, 20393: 69242, 20394: 51797, 20395: 48266, 20396: 449, 20397: 1583, 20398: 765, 20399: 44206, 20400: 46793, 20401: 1412, 20402: 48266, 20403: 184, 20404: 743, 20405: 82080, 20406: 728, 20407: 395, 20408: 449, 20409: 35259, 20410: 690, 20411: 67720, 20412: 75379, 20413: 1482, 20414: 67720, 20415: 71117, 20416: 70342, 20417: 57381, 20418: 82080, 20419: 519, 20421: 1294, 20422: 1489, 20423: 1585, 20427: 44206, 20428: 57381, 20429: 449, 20432: 1543, 20433: 449, 20434: 46494, 20436: 805, 20437: 69242, 20438: 69990, 20439: 1259, 20440: 743, 20441: 46494, 20442: 69985, 20443: 690, 20444: 82080, 20445: 805, 20446: 67720, 20447: 78645, 20449: 1012, 20450: 69995, 20451: 80479, 20452: 57455, 20453: 57455, 20454: 52945, 20455: 913, 20456: 50588, 20457: 51797, 20458: 913, 20459: 1161, 20460: 1585, 20461: 63270, 20462: 69995, 20463: 49332, 20465: 65341, 20466: 1012, 20467: 1291, 20468: 1107, 20469: 1259, 20471: 57381, 20472: 57381, 20473: 743, 20475: 72051, 20476: 1617, 20481: 1107, 20482: 75379, 20484: 52945, 20485: 75379, 20486: 54448, 20487: 449, 20488: 1188, 20489: 69990, 20490: 70342, 20491: 67720, 20492: 805, 20493: 1107, 20494: 46494, 20495: 683, 20496: 75453, 20497: 50588, 20499: 65877, 20501: 44206, 20503: 57639, 20504: 69990, 20505: 62344, 20506: 85710, 20507: 1357, 20508: 1161, 20509: 50588, 20510: 913, 20511: 85646, 20512: 70342, 20513: 1291, 20514: 64790, 20515: 913, 20517: 69995, 20518: 69995, 20519: 63270, 20520: 52945, 20521: 65161, 20522: 1161, 20523: 1259, 20524: 68173, 20525: 519, 20527: 82080, 20528: 1502, 20530: 46494, 20531: 59008, 20532: 805, 20533: 75421, 20534: 65161, 20535: 48922, 20536: 44206, 20537: 69985, 20538: 69990, 20539: 449, 20540: 690, 20541: 1617, 20542: 75958, 20543: 48922, 20544: 728, 20545: 91896, 20546: 71117, 20547: 64790, 20549: 80479, 20550: 51797, 20552: 1288, 20553: 1502, 20554: 57290, 20555: 62344, 20556: 65877, 20557: 75379, 20558: 1107, 20559: 1391, 20560: 65877, 20561: 85710, 20563: 1167, 20564: 57070, 20565: 69990, 20567: 849, 20569: 52945, 20570: 91896, 20571: 1585, 20572: 1288, 20573: 35259, 20574: 48922, 20575: 44206, 20576: 75958, 20577: 69985, 20578: 1347, 20579: 71117, 20580: 68173, 20581: 1014, 20582: 35259, 20583: 1288, 20584: 71117, 20585: 2048, 20587: 1012, 20588: 63270, 20589: 52945, 20590: 82080, 20591: 57455, 20592: 683, 20593: 805, 20594: 72051, 20595: 59008, 20596: 1347, 20597: 1585, 20599: 64727, 20600: 49332, 20601: 75379, 20602: 35245, 20605: 35245, 20606: 50588, 20607: 913, 20608: 57417, 20609: 1585, 20610: 1482, 20611: 1107, 20612: 686, 20613: 57309, 20614: 1167, 20615: 75453, 20616: 953, 20617: 61726, 20618: 85669, 20619: 1182, 20620: 1054, 20621: 1457, 20622: 849, 20624: 226, 20625: 1457, 20626: 69995, 20628: 1540, 20630: 69995, 20631: 449, 20633: 69242, 20634: 73383, 20635: 1583, 20636: 54448, 20637: 1583, 20638: 226, 20639: 1391, 20640: 52945, 20641: 85669, 20642: 62344, 20643: 1391, 20645: 52945, 20646: 85669, 20647: 57639, 20648: 686, 20650: 686, 20651: 1193, 20652: 58096, 20653: 1391, 20654: 953, 20655: 1482, 20656: 1084, 20659: 70342, 20661: 64727, 20662: 57309, 20663: 1161, 20669: 69242, 20670: 65877, 20671: 1540, 20672: 57972, 20673: 57639, 20675: 78631, 20676: 78631, 20677: 61726, 20678: 75379, 20680: 69990, 20681: 1188, 20684: 1543, 20688: 805, 20689: 50588, 20690: 64727, 20692: 1182, 20693: 58096, 20694: 913, 20695: 75453, 20696: 75379, 20697: 184, 20698: 85669, 20699: 70342, 20700: 54448, 20701: 54448, 20702: 1288, 20703: 66626, 20704: 1173, 20705: 50588, 20706: 57309, 20707: 54448, 20708: 1399, 20709: 1161, 20710: 1161, 20711: 1014, 20712: 0, 20713: 57257, 20714: 52945, 20715: 57290, 20716: 913, 20717: 58543, 20719: 54448, 20720: 75453, 20721: 1012, 20722: 46494, 20723: 1489, 20724: 80479, 20725: 78631, 20726: 46793, 20727: 62344, 20729: 48266, 20730: 1113, 20731: 743, 20732: 765, 20734: 690, 20735: 65877, 20736: 522, 20737: 44206, 20739: 65877, 20740: 1188, 20741: 1357, 20742: 1116, 20743: 78631, 20744: 69995, 20746: 69990, 20747: 57309, 20748: 1107, 20749: 57639, 20750: 849, 20751: 1012, 20752: 190, 20754: 743, 20757: 1585, 20758: 54448, 20759: 57639, 20761: 70373, 20762: 1084, 20763: 63099, 20764: 1617, 20765: 1347, 20766: 70373, 20768: 0, 20769: 519, 20770: 77145, 20773: 1347, 20774: 57290, 20775: 58096, 20777: 1182, 20778: 2048, 20779: 70500, 20781: 57290, 20782: 67720, 20784: 57070, 20785: 57070, 20786: 1167, 20789: 728, 20790: 58543, 20791: 184, 20792: 82085, 20793: 70500, 20794: 49332, 20795: 69242, 20796: 68650, 20797: 2048, 20798: 70373, 20799: 69242, 20800: 1482, 20802: 57381, 20803: 68650, 20804: 68650, 20805: 13699, 20806: 58543, 20807: 57381, 20808: 85687, 20809: 58096, 20810: 46793, 20811: 48266, 20813: 49332, 20814: 49332, 20815: 82067, 20816: 57309, 20817: 82067, 20818: 58096, 20819: 1502, 20820: 85669, 20821: 78631, 20822: 1399, 20823: 1014, 20824: 226, 20825: 849, 20826: 85710, 20827: 62344, 20828: 63270, 20829: 1259, 20831: 1391, 20832: 1399, 20833: 1617, 20834: 86055, 20835: 62344, 20836: 849, 20837: 0, 20838: 1347, 20840: 1583, 20841: 57455, 20842: 83288, 20843: 57290, 20844: 1482, 20845: 57639, 20846: 1223, 20850: 87001, 20852: 57309, 20853: 1457, 20854: 1585, 20856: 686, 20858: 70373, 20859: 82070, 20860: 63882, 20861: 63882, 20862: 82070, 20863: 82070, 20864: 395, 20872: 953, 20873: 226, 20874: 0, 20875: 64727, 20876: 805, 20877: 63882, 20881: 64727, 20883: 70500, 20884: 82070, 20885: 1391, 20886: 67720, 20887: 1457, 20888: 82070, 20889: 1502, 20890: 91053, 20891: 1391, 20892: 72039, 20894: 765, 20895: 44206, 20897: 85669, 20900: 1167, 20901: 68650, 20902: 83288, 20904: 1188, 20905: 73383, 20906: 849, 20907: 1188, 20909: 65877, 20910: 72051, 20911: 1107, 20913: 73383, 20916: 1116, 20917: 84328, 20918: 69990, 20919: 84328, 20921: 63099, 20922: 82070, 20923: 57381, 20925: 1294, 20926: 65941, 20928: 1300, 20929: 51797, 20930: 0, 20931: 1223, 20932: 64790, 20933: 743, 20934: 1193, 20935: 63882, 20936: 65941, 20937: 67720, 20938: 1193, 20939: 395, 20940: 65161, 20941: 87001, 20942: 75379, 20943: 57290, 20944: 59008, 20948: 65877, 20949: 1193, 20950: 63882, 20951: 64790, 20953: 64727, 20954: 48922, 20955: 1116, 20956: 58096, 20958: 63756, 20959: 87001, 20960: 1399, 20961: 1502, 20962: 184, 20963: 146, 20964: 72039, 20965: 65941, 20966: 59008, 20967: 85710, 20968: 75453, 20969: 1300, 20970: 72039, 20971: 59008, 20973: 1054, 20974: 63756, 20975: 58096, 20977: 1399, 20978: 1502, 20979: 1193, 20980: 63756, 20981: 57070, 20982: 83288, 20983: 57972, 20985: 83288, 20986: 1167, 20987: 0, 20988: 63756, 20990: 57972, 20992: 57417, 20993: 83288, 20995: 85710, 20997: 72039, 20998: 63882, 20999: 57972, 21000: 82070, 21001: 78631, 21002: 1167, 21003: 57972, 21005: 83288, 21006: 57070, 21007: 1300, 21008: 69995, 21009: 57972, 21011: 87001, 21012: 84328, 21013: 57639, 21014: 65877, 21015: 91053, 21016: 146, 21017: 85700, 21018: 35245, 21019: 63756, 21020: 68173, 21021: 1188, 21022: 63270, 21023: 1457, 21028: 86055, 21030: 85700, 21032: 54448, 21033: 728, 21034: 57417, 21035: 1399, 21036: 91896, 21037: 2048, 21038: 1457, 21039: 1300, 21041: 72051, 21043: 146, 21045: 75453, 21047: 57290, 21050: 57639, 21053: 1294, 21055: 82080, 21056: 57381, 21057: 449, 21058: 63756, 21059: 1107, 21060: 1107, 21061: 78645, 21062: 1014, 21063: 46494, 21064: 1014, 21065: 1188, 21066: 1259, 21067: 683, 21068: 72051, 21069: 72051, 21070: 57290, 21072: 71117, 21073: 69995, 21074: 1617, 21075: 78645, 21077: 1540, 21084: 67720, 21085: 88653, 21086: 90942, 21087: 57649, 21091: 85710, 21092: 58096, 21093: 85646, 21096: 2346, 21097: 74355, 21098: 63756, 21099: 2114, 21100: 2076, 21101: 2346, 21102: 2114, 21103: 1116, 21104: 59008, 21105: 80140, 21106: 2114, 21107: 73235, 21108: 56939, 21109: 56939, 21110: 80140, 21112: 1391, 21113: 89226, 21115: 2114, 21116: 89226, 21117: 80140, 21118: 83288, 21119: 89226, 21120: 2076, 21121: 74355, 21123: 80140, 21124: 88653, 21125: 88653, 21126: 74355, 21127: 56939, 21128: 74355, 21129: 74355, 21130: 53429, 21132: 57649, 21133: 87984, 21134: 53429, 21135: 56939, 21136: 53429, 21138: 57649, 21139: 56939, 21140: 57649, 21141: 86157, 21142: 80140, 21143: 53429, 21144: 2114, 21145: 53429, 21146: 89226, 21147: 88653, 21148: 53429, 21149: 80140, 21150: 80140, 21151: 86213, 21153: 53429, 21154: 1223, 21155: 86157, 21156: 87984, 21157: 1288, 21159: 2346, 21163: 146, 21164: 86157, 21165: 80140, 21166: 90998, 21167: 87984, 21168: 90998, 21170: 90998, 21171: 86213, 21172: 57649, 21173: 2076, 21174: 2114, 21175: 0, 21176: 2076, 21177: 87984, 21178: 88653, 21179: 56939, 21180: 2346, 21181: 57649, 21182: 86157, 21184: 87984, 21185: 0, 21186: 2076, 21187: 0, 21188: 0, 21189: 0, 21190: 63270, 21191: 184, 21192: 1223, 21193: 70500, 21194: 0, 21195: 1167, 21196: 70342, 21197: 74355, 21198: 2114, 21199: 86213, 21203: 2076, 21205: 53429, 21206: 86213, 21208: 87984, 21209: 89226, 21223: 1585, 21226: 1014, 21227: 69985, 21228: 46494, 21229: 395, 21230: 78645, 21231: 395, 21232: 1259, 21233: 683, 21234: 70342, 21235: 1259, 21236: 57381, 21237: 71117, 21238: 1543, 21239: 72051, 21240: 1107, 21241: 1347, 21244: 66626, 21249: 1012, 21262: 57070, 21265: 13699, 21271: 75453, 21279: 91053, 21280: 57639, 21288: 1188, 21290: 65941, 21298: 52945, 21303: 57455, 21304: 226, 21305: 88486, 21306: 1457, 21307: 226, 21308: 765, 21311: 46494, 21312: 63756, 21313: 35259, 21314: 88486, 21315: 64790, 21316: 63756, 21317: 1113, 21318: 64790, 21319: 1347, 21322: 82080, 21324: 395, 21325: 78626, 21326: 13828, 21327: 395, 21328: 13828, 21329: 550, 21331: 65877, 21333: 51797, 21334: 57455, 21335: 1113, 21336: 85669, 21338: 226, 21339: 71117, 21340: 1457, 21341: 1294, 21344: 51797, 21345: 0, 21346: 70500, 21348: 1193, 21349: 0, 21351: 72051, 21354: 13828, 21356: 57309, 21357: 64727, 21358: 226, 21363: 1412, 21366: 51797, 21369: 1347, 21370: 1357, 21378: 1014, 21384: 46494, 21398: 550, 21445: 53429, 21446: 57070, 21447: 1399, 21448: 69990, 21450: 78645, 21454: 48922, 21455: 1014, 21460: 1482, 21462: 1585, 21463: 75453, 21465: 0, 21468: 1391, 21470: 226, 21474: 686, 21475: 1012, 21477: 91896, 21478: 61726, 21479: 1107, 21480: 519, 21481: 1161, 21482: 1161, 21483: 70373, 21484: 69995, 21487: 51797, 21488: 65161, 21489: 91053, 21490: 1259, 21491: 1113, 21492: 1161, 21493: 50453, 21494: 342}",0.0,filho
642221.7738426672,Cruzamento,1733628388.1610315,48,"{20331: 1294, 20332: 70342, 20333: 1482, 20334: 82085, 20335: 1294, 20336: 57257, 20337: 65341, 20338: 1182, 20339: 1084, 20340: 57309, 20341: 765, 20342: 2048, 20343: 69242, 20344: 849, 20345: 57257, 20346: 1412, 20347: 63099, 20348: 1084, 20349: 75453, 20350: 63099, 20351: 75453, 20352: 69242, 20353: 70342, 20354: 849, 20355: 1489, 20356: 1489, 20357: 849, 20358: 70342, 20359: 57257, 20360: 2048, 20361: 58096, 20362: 1412, 20363: 1489, 20364: 184, 20365: 1617, 20366: 70171, 20367: 57309, 20368: 90927, 20369: 1617, 20370: 48266, 20371: 70373, 20372: 49332, 20373: 1291, 20378: 1182, 20379: 69990, 20380: 70342, 20381: 57070, 20383: 1583, 20384: 686, 20385: 75421, 20386: 68182, 20387: 75421, 20388: 13699, 20389: 68182, 20392: 1291, 20393: 63099, 20394: 75453, 20395: 48266, 20396: 1543, 20397: 849, 20398: 75421, 20399: 70342, 20400: 58096, 20401: 57455, 20402: 1489, 20403: 1084, 20404: 57455, 20405: 1288, 20406: 519, 20407: 743, 20408: 71117, 20409: 1288, 20410: 57381, 20411: 449, 20412: 226, 20413: 58096, 20414: 1014, 20415: 46494, 20416: 805, 20417: 57290, 20418: 683, 20419: 1617, 20421: 65341, 20422: 82085, 20423: 1585, 20427: 68173, 20428: 78645, 20429: 48922, 20432: 44206, 20433: 1502, 20434: 57290, 20436: 182, 20437: 1188, 20438: 1502, 20439: 57381, 20440: 73383, 20441: 70342, 20442: 57381, 20443: 13828, 20444: 71117, 20445: 683, 20446: 1502, 20447: 71117, 20449: 50588, 20450: 913, 20451: 80479, 20452: 80479, 20453: 35245, 20454: 69995, 20455: 52945, 20456: 70342, 20457: 46793, 20458: 1012, 20459: 51797, 20460: 63756, 20461: 35245, 20462: 64790, 20463: 57257, 20465: 57070, 20466: 63756, 20467: 849, 20468: 743, 20469: 67720, 20471: 1014, 20472: 13828, 20473: 1188, 20475: 67720, 20476: 1259, 20481: 71117, 20482: 35245, 20484: 85646, 20485: 46793, 20486: 913, 20487: 743, 20488: 44206, 20489: 683, 20490: 519, 20491: 78645, 20492: 57381, 20493: 82080, 20494: 91896, 20495: 1585, 20496: 58096, 20497: 54448, 20499: 1054, 20501: 1347, 20503: 35259, 20504: 57070, 20505: 83288, 20506: 1012, 20507: 46494, 20508: 69995, 20509: 1012, 20510: 52945, 20511: 64727, 20512: 54448, 20513: 1291, 20514: 146, 20515: 52945, 20517: 35245, 20518: 226, 20519: 75379, 20520: 69995, 20521: 50588, 20522: 52945, 20523: 1543, 20524: 449, 20525: 728, 20527: 1617, 20528: 44206, 20530: 72051, 20531: 13828, 20532: 1259, 20533: 69990, 20534: 46793, 20535: 75958, 20536: 68173, 20537: 1617, 20538: 690, 20539: 69990, 20540: 1617, 20541: 71117, 20542: 1288, 20543: 449, 20544: 1014, 20545: 1585, 20546: 91896, 20547: 57070, 20549: 80479, 20550: 63270, 20552: 46494, 20553: 71117, 20554: 1288, 20555: 61726, 20556: 78631, 20557: 1391, 20558: 1502, 20559: 1399, 20560: 686, 20561: 46494, 20563: 65877, 20564: 1167, 20565: 85710, 20567: 69990, 20569: 51797, 20570: 743, 20571: 68173, 20572: 1347, 20573: 690, 20574: 67720, 20575: 449, 20576: 728, 20577: 48922, 20578: 1014, 20579: 1347, 20580: 35259, 20581: 75958, 20582: 48922, 20583: 743, 20584: 1347, 20585: 1543, 20587: 1161, 20588: 1012, 20589: 65161, 20590: 395, 20591: 449, 20592: 1188, 20593: 57290, 20594: 690, 20595: 522, 20596: 73383, 20597: 805, 20599: 1012, 20600: 63270, 20601: 63270, 20602: 35245, 20605: 226, 20606: 1161, 20607: 52945, 20608: 58096, 20609: 1173, 20610: 1084, 20611: 65877, 20612: 75453, 20613: 1457, 20614: 57309, 20615: 69995, 20616: 849, 20617: 1167, 20618: 1540, 20619: 765, 20620: 1457, 20621: 1167, 20622: 686, 20624: 1457, 20625: 65877, 20626: 686, 20628: 686, 20630: 66626, 20631: 519, 20633: 1107, 20634: 72051, 20635: 1084, 20636: 913, 20637: 1391, 20638: 146, 20639: 85669, 20640: 57639, 20641: 52945, 20642: 1391, 20643: 1193, 20645: 1391, 20646: 953, 20647: 686, 20648: 58096, 20650: 58096, 20651: 62344, 20652: 686, 20653: 1193, 20654: 85669, 20655: 1412, 20656: 184, 20659: 1585, 20661: 69995, 20662: 70373, 20663: 913, 20669: 522, 20670: 78631, 20671: 57639, 20672: 35259, 20673: 57972, 20675: 61726, 20676: 57972, 20677: 73235, 20678: 62344, 20680: 68173, 20681: 449, 20684: 1347, 20688: 1617, 20689: 69995, 20690: 52945, 20692: 57257, 20693: 85669, 20694: 66626, 20695: 1489, 20696: 1173, 20697: 1182, 20698: 58543, 20699: 63756, 20700: 50588, 20701: 913, 20702: 1167, 20703: 54448, 20704: 66626, 20705: 75379, 20706: 1182, 20707: 70342, 20708: 46494, 20709: 1161, 20710: 1161, 20711: 1543, 20712: 0, 20713: 75421, 20714: 52945, 20715: 690, 20716: 70342, 20717: 57639, 20719: 1585, 20720: 75453, 20721: 913, 20722: 805, 20723: 51797, 20724: 80479, 20725: 85669, 20726: 46793, 20727: 78631, 20729: 1617, 20730: 88486, 20731: 48922, 20732: 1054, 20734: 1288, 20735: 57309, 20736: 1014, 20737: 73383, 20739: 35259, 20740: 57455, 20741: 686, 20742: 1167, 20743: 1116, 20744: 68650, 20746: 69990, 20747: 91053, 20748: 58096, 20749: 69990, 20750: 686, 20751: 1399, 20752: 1502, 20754: 44206, 20757: 1161, 20758: 1012, 20759: 62344, 20761: 1482, 20762: 75453, 20763: 63099, 20764: 1084, 20765: 63099, 20766: 63099, 20768: 184, 20769: 395, 20770: 77145, 20773: 70500, 20774: 1154, 20775: 69990, 20777: 1391, 20778: 70500, 20779: 1399, 20781: 1457, 20782: 49332, 20784: 57290, 20785: 2048, 20786: 70500, 20789: 1347, 20790: 58543, 20791: 70342, 20792: 46793, 20793: 146, 20794: 49332, 20795: 59008, 20796: 1188, 20797: 75421, 20798: 13699, 20799: 70373, 20800: 1482, 20802: 69242, 20803: 85710, 20804: 57309, 20805: 69242, 20806: 1391, 20807: 72051, 20808: 82067, 20809: 1291, 20810: 63099, 20811: 57070, 20813: 48266, 20814: 1482, 20815: 85687, 20816: 57455, 20817: 85687, 20818: 1391, 20819: 1502, 20820: 1167, 20821: 1116, 20822: 85687, 20823: 46494, 20824: 57417, 20825: 75453, 20826: 75379, 20827: 46494, 20828: 184, 20829: 67720, 20831: 57290, 20832: 57639, 20833: 1291, 20834: 728, 20835: 1502, 20836: 1583, 20837: 57070, 20838: 57070, 20840: 2048, 20841: 1412, 20842: 1357, 20843: 226, 20844: 57455, 20845: 65877, 20846: 1300, 20850: 65877, 20852: 90927, 20853: 51797, 20854: 72051, 20856: 46793, 20858: 48266, 20859: 82070, 20860: 63882, 20861: 63882, 20862: 82070, 20863: 82070, 20864: 395, 20872: 953, 20873: 395, 20874: 0, 20875: 91053, 20876: 683, 20877: 83288, 20881: 75379, 20883: 75453, 20884: 57972, 20885: 59008, 20886: 64727, 20887: 1540, 20888: 82070, 20889: 683, 20890: 64727, 20891: 1391, 20892: 82070, 20894: 85669, 20895: 64790, 20897: 1540, 20900: 1457, 20901: 75379, 20902: 72039, 20904: 63099, 20905: 522, 20906: 765, 20907: 1188, 20909: 65877, 20910: 182, 20911: 849, 20913: 72051, 20916: 85669, 20917: 87001, 20918: 73383, 20919: 63882, 20921: 58543, 20922: 82070, 20923: 690, 20925: 1294, 20926: 85700, 20928: 1300, 20929: 51797, 20930: 61726, 20931: 51797, 20932: 1288, 20933: 57290, 20934: 63099, 20935: 82070, 20936: 91053, 20937: 1399, 20938: 1193, 20939: 1502, 20940: 1223, 20941: 72039, 20942: 1399, 20943: 69985, 20944: 1193, 20948: 83288, 20949: 1193, 20950: 87001, 20951: 1300, 20953: 64727, 20954: 68173, 20955: 1457, 20956: 57639, 20958: 57639, 20959: 65877, 20960: 54448, 20961: 1012, 20962: 1300, 20963: 69995, 20964: 72039, 20965: 91053, 20966: 64790, 20967: 1054, 20968: 44206, 20969: 85700, 20970: 57972, 20971: 63756, 20973: 85710, 20974: 59008, 20975: 1154, 20977: 85710, 20978: 63756, 20979: 0, 20980: 63756, 20981: 49332, 20982: 72039, 20983: 1054, 20985: 72039, 20986: 728, 20987: 64790, 20988: 1054, 20990: 85710, 20992: 68650, 20993: 72039, 20995: 1012, 20997: 83288, 20998: 82070, 20999: 87001, 21000: 63882, 21001: 70500, 21002: 57639, 21003: 57972, 21005: 83288, 21006: 72051, 21007: 2048, 21008: 69995, 21009: 65877, 21011: 72039, 21012: 87001, 21013: 57290, 21014: 65877, 21015: 91053, 21016: 72051, 21017: 64790, 21018: 1193, 21019: 184, 21020: 69985, 21021: 1543, 21022: 75379, 21023: 63270, 21028: 86055, 21030: 85700, 21032: 52945, 21033: 35245, 21034: 1154, 21035: 58543, 21036: 35259, 21037: 1223, 21038: 728, 21039: 63270, 21041: 85700, 21043: 67720, 21045: 1188, 21047: 86055, 21050: 83288, 21053: 1294, 21055: 82080, 21056: 1585, 21057: 1107, 21058: 1107, 21059: 395, 21060: 1107, 21061: 46494, 21062: 1502, 21063: 1014, 21064: 57381, 21065: 1543, 21066: 1188, 21067: 683, 21068: 73383, 21069: 46494, 21070: 69990, 21072: 1107, 21073: 1182, 21074: 67720, 21075: 78645, 21077: 1540, 21084: 1617, 21085: 2114, 21086: 89226, 21087: 87984, 21091: 1012, 21092: 78631, 21093: 63270, 21096: 2114, 21097: 53429, 21098: 65941, 21099: 2114, 21100: 2076, 21101: 57649, 21102: 80140, 21103: 1457, 21104: 51797, 21105: 88653, 21106: 2346, 21107: 62344, 21108: 2346, 21109: 2114, 21110: 90942, 21112: 75379, 21113: 88653, 21115: 2346, 21116: 80140, 21117: 57649, 21118: 88486, 21119: 2076, 21120: 2076, 21121: 74355, 21123: 57649, 21124: 2076, 21125: 53429, 21126: 57649, 21127: 56939, 21128: 74355, 21129: 74355, 21130: 53429, 21132: 57649, 21133: 87984, 21134: 53429, 21135: 56939, 21136: 53429, 21138: 57649, 21139: 56939, 21140: 57649, 21141: 86157, 21142: 80140, 21143: 53429, 21144: 2114, 21145: 53429, 21146: 89226, 21147: 88653, 21148: 53429, 21149: 80140, 21150: 80140, 21151: 86213, 21153: 53429, 21154: 1223, 21155: 86157, 21156: 87984, 21157: 1288, 21159: 2346, 21163: 146, 21164: 86157, 21165: 80140, 21166: 90998, 21167: 87984, 21168: 90998, 21170: 90998, 21171: 86213, 21172: 57649, 21173: 2076, 21174: 2114, 21175: 0, 21176: 2076, 21177: 87984, 21178: 88653, 21179: 56939, 21180: 2346, 21181: 57649, 21182: 86157, 21184: 87984, 21185: 0, 21186: 2076, 21187: 0, 21188: 0, 21189: 0, 21190: 63270, 21191: 184, 21192: 65941, 21193: 1193, 21194: 0, 21195: 57290, 21196: 849, 21197: 53429, 21198: 74355, 21199: 2076, 21203: 86213, 21205: 2346, 21206: 90998, 21208: 87984, 21209: 89226, 21223: 743, 21226: 683, 21227: 449, 21228: 57290, 21229: 519, 21230: 57290, 21231: 1107, 21232: 57381, 21233: 82080, 21234: 82080, 21235: 522, 21236: 82080, 21237: 57290, 21238: 71117, 21239: 0, 21240: 805, 21241: 46494, 21244: 1173, 21249: 80479, 21262: 1391, 21265: 75421, 21271: 75453, 21279: 91053, 21280: 57639, 21288: 1188, 21290: 65941, 21298: 52945, 21303: 57455, 21304: 226, 21305: 88486, 21306: 1457, 21307: 226, 21308: 765, 21311: 46494, 21312: 63756, 21313: 35259, 21314: 88486, 21315: 64790, 21316: 63756, 21317: 1113, 21318: 64790, 21319: 1347, 21322: 82080, 21324: 395, 21325: 78626, 21326: 13828, 21327: 395, 21328: 13828, 21329: 550, 21331: 65877, 21333: 51797, 21334: 57455, 21335: 1113, 21336: 85669, 21338: 226, 21339: 71117, 21340: 1457, 21341: 1294, 21344: 51797, 21345: 0, 21346: 70500, 21348: 1193, 21349: 0, 21351: 72051, 21354: 13828, 21356: 57309, 21357: 64727, 21358: 226, 21363: 1412, 21366: 51797, 21369: 1347, 21370: 1357, 21378: 1014, 21384: 46494, 21398: 550, 21445: 53429, 21446: 57070, 21447: 1399, 21448: 69990, 21450: 78645, 21454: 48922, 21455: 1014, 21460: 1482, 21462: 1585, 21463: 75453, 21465: 0, 21468: 1391, 21470: 226, 21474: 686, 21475: 1012, 21477: 91896, 21478: 61726, 21479: 1107, 21480: 519, 21481: 1161, 21482: 1161, 21483: 70373, 21484: 69995, 21487: 51797, 21488: 65161, 21489: 91053, 21490: 1259, 21491: 1113, 21492: 1161, 21493: 50453, 21494: 342}",0.0,filho
648426.408204999,Cruzamento,1733628388.1610315,48,"{20331: 57309, 20332: 65341, 20333: 82085, 20334: 57070, 20335: 1182, 20336: 1489, 20337: 1291, 20338: 1084, 20339: 184, 20340: 57309, 20341: 65341, 20342: 1182, 20343: 1489, 20344: 1489, 20345: 68182, 20346: 70373, 20347: 70342, 20348: 1084, 20349: 63099, 20350: 57309, 20351: 51797, 20352: 58096, 20353: 46793, 20354: 849, 20355: 48266, 20356: 1291, 20357: 58096, 20358: 1084, 20359: 46793, 20360: 69990, 20361: 1412, 20362: 765, 20363: 57455, 20364: 1291, 20365: 82085, 20366: 75453, 20367: 90927, 20368: 1617, 20369: 65341, 20370: 70342, 20371: 57070, 20372: 48266, 20373: 1412, 20378: 82085, 20379: 57455, 20380: 1391, 20381: 686, 20383: 13699, 20384: 686, 20385: 69990, 20386: 57257, 20387: 13699, 20388: 75421, 20389: 68182, 20392: 63099, 20393: 58096, 20394: 51797, 20395: 184, 20396: 1347, 20397: 65341, 20398: 2048, 20399: 805, 20400: 1084, 20401: 1482, 20402: 46793, 20403: 1482, 20404: 67720, 20405: 1107, 20406: 57381, 20407: 1502, 20408: 743, 20409: 743, 20410: 1347, 20411: 395, 20412: 1585, 20413: 1489, 20414: 449, 20415: 1188, 20416: 67720, 20417: 519, 20418: 46494, 20419: 71117, 20421: 1347, 20422: 1617, 20423: 1585, 20427: 72051, 20428: 48922, 20429: 44206, 20432: 683, 20433: 1502, 20434: 690, 20436: 1259, 20437: 57381, 20438: 48922, 20439: 683, 20440: 69985, 20441: 690, 20442: 69242, 20443: 46494, 20444: 522, 20445: 522, 20446: 69242, 20447: 69242, 20449: 69995, 20450: 57455, 20451: 1012, 20452: 54448, 20453: 1585, 20454: 50588, 20455: 52945, 20456: 50588, 20457: 63756, 20458: 65161, 20459: 1585, 20460: 1161, 20461: 80479, 20462: 57290, 20463: 1412, 20465: 69990, 20466: 1012, 20467: 57257, 20468: 67720, 20469: 743, 20471: 1014, 20472: 71117, 20473: 1107, 20475: 805, 20476: 690, 20481: 1107, 20482: 35245, 20484: 75379, 20485: 69995, 20486: 54448, 20487: 1502, 20488: 1188, 20489: 728, 20490: 71117, 20491: 57381, 20492: 44206, 20493: 1014, 20494: 91896, 20495: 72051, 20496: 849, 20497: 69995, 20499: 88486, 20501: 71117, 20503: 1357, 20504: 765, 20505: 1167, 20506: 1294, 20507: 65877, 20508: 54448, 20509: 46793, 20510: 52945, 20511: 75379, 20512: 52945, 20513: 1291, 20514: 69995, 20515: 70342, 20517: 63270, 20518: 913, 20519: 1012, 20520: 54448, 20521: 63270, 20522: 913, 20523: 519, 20524: 70342, 20525: 1259, 20527: 68173, 20528: 57381, 20530: 91896, 20531: 182, 20532: 71117, 20533: 75421, 20534: 35245, 20535: 71117, 20536: 44206, 20537: 75958, 20538: 35259, 20539: 70342, 20540: 67720, 20541: 1014, 20542: 48922, 20543: 59008, 20544: 1014, 20545: 449, 20546: 1585, 20547: 69995, 20549: 913, 20550: 1161, 20552: 1502, 20553: 728, 20554: 1188, 20555: 85710, 20556: 1182, 20557: 849, 20558: 1399, 20559: 1391, 20560: 1116, 20561: 57070, 20563: 78631, 20564: 44206, 20565: 1167, 20567: 1457, 20569: 63756, 20570: 59008, 20571: 743, 20572: 68173, 20573: 728, 20574: 70342, 20575: 1347, 20576: 44206, 20577: 690, 20578: 91896, 20579: 75958, 20580: 449, 20581: 69990, 20582: 35259, 20583: 69985, 20584: 91896, 20585: 75379, 20587: 63756, 20588: 85646, 20589: 913, 20590: 46494, 20591: 1259, 20592: 57290, 20593: 69985, 20594: 70342, 20595: 1502, 20596: 67720, 20597: 69985, 20599: 1585, 20600: 75379, 20601: 1161, 20602: 226, 20605: 35245, 20606: 64727, 20607: 1585, 20608: 1223, 20609: 64727, 20610: 1482, 20611: 65877, 20612: 69995, 20613: 1457, 20614: 69995, 20615: 686, 20616: 69990, 20617: 1540, 20618: 1116, 20619: 85710, 20620: 1107, 20621: 1107, 20622: 75453, 20624: 75453, 20625: 686, 20626: 953, 20628: 953, 20630: 66626, 20631: 1543, 20633: 46494, 20634: 690, 20635: 68182, 20636: 54448, 20637: 75421, 20638: 1288, 20639: 1391, 20640: 85669, 20641: 57639, 20642: 1193, 20643: 62344, 20645: 52945, 20646: 52945, 20647: 1193, 20648: 58096, 20650: 953, 20651: 85669, 20652: 1391, 20653: 57639, 20654: 686, 20655: 1583, 20656: 70342, 20659: 1173, 20661: 75379, 20662: 75453, 20663: 913, 20669: 69985, 20670: 35259, 20671: 57639, 20672: 65877, 20673: 73235, 20675: 61726, 20676: 75453, 20677: 1540, 20678: 78631, 20680: 1543, 20681: 728, 20684: 743, 20688: 82080, 20689: 1161, 20690: 66626, 20692: 57257, 20693: 58543, 20694: 913, 20695: 1489, 20696: 1161, 20697: 184, 20698: 62344, 20699: 50588, 20700: 1173, 20701: 63756, 20702: 1182, 20703: 54448, 20704: 63756, 20705: 64727, 20706: 69242, 20707: 63756, 20708: 1054, 20709: 1161, 20710: 1161, 20711: 68173, 20712: 0, 20713: 75421, 20714: 52945, 20715: 73383, 20716: 70342, 20717: 58543, 20719: 52945, 20720: 46793, 20721: 1012, 20722: 46494, 20723: 184, 20724: 46793, 20725: 78631, 20726: 80479, 20727: 1347, 20729: 1412, 20730: 57972, 20731: 1014, 20732: 83288, 20734: 57455, 20735: 62344, 20736: 73383, 20737: 59008, 20739: 75379, 20740: 1543, 20741: 85710, 20742: 75379, 20743: 686, 20744: 395, 20746: 1457, 20747: 49332, 20748: 1357, 20749: 63756, 20750: 1012, 20751: 85710, 20752: 46494, 20754: 1259, 20757: 1012, 20758: 35245, 20759: 58096, 20761: 63099, 20762: 75453, 20763: 1084, 20764: 1617, 20765: 1482, 20766: 75453, 20768: 0, 20769: 449, 20770: 77145, 20773: 63270, 20774: 1300, 20775: 57070, 20777: 57070, 20778: 146, 20779: 1347, 20781: 1543, 20782: 1223, 20784: 146, 20785: 146, 20786: 1154, 20789: 690, 20790: 58543, 20791: 1583, 20792: 49332, 20793: 728, 20794: 48266, 20795: 44206, 20796: 78631, 20797: 69242, 20798: 75421, 20799: 2048, 20800: 13699, 20802: 13828, 20803: 1288, 20804: 1154, 20805: 13699, 20806: 1391, 20807: 522, 20808: 85687, 20809: 1347, 20810: 46793, 20811: 70342, 20813: 70373, 20814: 2048, 20815: 85687, 20816: 184, 20817: 85687, 20818: 1347, 20819: 1502, 20820: 62344, 20821: 62344, 20822: 849, 20823: 805, 20824: 57309, 20825: 78631, 20826: 184, 20827: 69990, 20828: 70500, 20829: 1347, 20831: 57290, 20832: 1182, 20833: 1294, 20834: 72051, 20835: 1399, 20836: 58096, 20837: 70373, 20838: 1502, 20840: 49332, 20841: 1182, 20842: 58096, 20843: 1223, 20844: 82085, 20845: 85669, 20846: 1300, 20850: 72039, 20852: 1391, 20853: 1167, 20854: 82080, 20856: 46793, 20858: 70373, 20859: 82070, 20860: 82070, 20861: 63882, 20862: 63882, 20863: 82070, 20864: 395, 20872: 953, 20873: 35245, 20874: 0, 20875: 91053, 20876: 13828, 20877: 57972, 20881: 57417, 20883: 57639, 20884: 83288, 20885: 57417, 20886: 78631, 20887: 71117, 20888: 63882, 20889: 57381, 20890: 59008, 20891: 70500, 20892: 82070, 20894: 69990, 20895: 63270, 20897: 226, 20900: 953, 20901: 1223, 20902: 72039, 20904: 1300, 20905: 44206, 20906: 75453, 20907: 65941, 20909: 65877, 20910: 70342, 20911: 69995, 20913: 73383, 20916: 57309, 20917: 63882, 20918: 57290, 20919: 87001, 20921: 72051, 20922: 84328, 20923: 690, 20925: 1294, 20926: 65941, 20928: 72051, 20929: 85710, 20930: 61726, 20931: 64790, 20932: 69995, 20933: 805, 20934: 63099, 20935: 63882, 20936: 58543, 20937: 146, 20938: 1193, 20939: 35259, 20940: 72051, 20941: 82070, 20942: 67720, 20943: 48922, 20944: 64790, 20948: 63882, 20949: 57639, 20950: 72039, 20951: 64790, 20953: 63099, 20954: 48922, 20955: 1457, 20956: 63099, 20958: 1188, 20959: 87001, 20960: 64790, 20961: 1054, 20962: 51797, 20963: 1193, 20964: 83288, 20965: 57639, 20966: 1399, 20967: 85710, 20968: 59008, 20969: 70500, 20970: 65877, 20971: 52945, 20973: 1116, 20974: 57639, 20975: 63270, 20977: 57070, 20978: 57972, 20979: 1288, 20980: 64727, 20981: 57309, 20982: 72039, 20983: 1502, 20985: 65877, 20986: 1399, 20987: 1399, 20988: 1502, 20990: 1116, 20992: 70500, 20993: 72039, 20995: 63756, 20997: 87001, 20998: 63882, 20999: 87001, 21000: 82070, 21001: 48266, 21002: 1357, 21003: 83288, 21005: 65877, 21006: 57290, 21007: 1288, 21008: 686, 21009: 63882, 21011: 84328, 21012: 87001, 21013: 57417, 21014: 57972, 21015: 85700, 21016: 64790, 21017: 70500, 21018: 35245, 21019: 91053, 21020: 1347, 21021: 44206, 21022: 52945, 21023: 63270, 21028: 85700, 21030: 86055, 21032: 57417, 21033: 85710, 21034: 2048, 21035: 226, 21036: 67720, 21037: 68650, 21038: 395, 21039: 67720, 21041: 1193, 21043: 75379, 21045: 1300, 21047: 52945, 21050: 83288, 21053: 1294, 21055: 82080, 21056: 57381, 21057: 0, 21058: 1161, 21059: 395, 21060: 395, 21061: 78645, 21062: 78645, 21063: 1543, 21064: 46494, 21065: 68173, 21066: 44206, 21067: 1259, 21068: 46494, 21069: 48922, 21070: 1107, 21072: 69990, 21073: 1167, 21074: 67720, 21075: 78645, 21077: 1540, 21084: 1617, 21085: 87984, 21086: 80140, 21087: 90998, 21091: 1357, 21092: 1457, 21093: 85646, 21096: 57649, 21097: 57649, 21098: 63099, 21099: 2114, 21100: 74355, 21101: 2114, 21102: 56939, 21103: 1107, 21104: 91053, 21105: 2076, 21106: 57649, 21107: 57972, 21108: 74355, 21109: 53429, 21110: 80140, 21112: 1540, 21113: 57649, 21115: 89226, 21116: 57649, 21117: 74355, 21118: 58096, 21119: 80140, 21120: 80140, 21121: 56939, 21123: 56939, 21124: 2076, 21125: 53429, 21126: 53429, 21127: 88653, 21128: 74355, 21129: 2114, 21130: 74355, 21132: 57649, 21133: 90998, 21134: 57649, 21135: 80140, 21136: 57649, 21138: 53429, 21139: 89226, 21140: 57649, 21141: 87984, 21142: 80140, 21143: 74355, 21144: 2114, 21145: 2346, 21146: 89226, 21147: 2076, 21148: 53429, 21149: 56939, 21150: 86157, 21151: 2076, 21153: 74355, 21154: 146, 21155: 86213, 21156: 86157, 21157: 1188, 21159: 89226, 21163: 1288, 21164: 86157, 21165: 87984, 21166: 86213, 21167: 87984, 21168: 87984, 21170: 2346, 21171: 56939, 21172: 56939, 21173: 86213, 21174: 2076, 21175: 1188, 21176: 86213, 21177: 56939, 21178: 57649, 21179: 86213, 21180: 90998, 21181: 2114, 21182: 0, 21184: 86157, 21185: 0, 21186: 2076, 21187: 0, 21188: 1223, 21189: 0, 21190: 1457, 21191: 184, 21192: 1223, 21193: 70500, 21194: 0, 21195: 1167, 21196: 70342, 21197: 74355, 21198: 2114, 21199: 86213, 21203: 2076, 21205: 53429, 21206: 86213, 21208: 87984, 21209: 89226, 21223: 1585, 21226: 1014, 21227: 69985, 21228: 46494, 21229: 395, 21230: 78645, 21231: 395, 21232: 1259, 21233: 683, 21234: 70342, 21235: 1259, 21236: 57381, 21237: 71117, 21238: 1543, 21239: 72051, 21240: 1107, 21241: 1347, 21244: 66626, 21249: 1012, 21262: 57070, 21265: 13699, 21271: 91053, 21279: 59008, 21280: 59008, 21288: 57290, 21290: 51797, 21298: 57639, 21303: 1347, 21304: 35259, 21305: 35259, 21306: 226, 21307: 64790, 21308: 1113, 21311: 1540, 21312: 1294, 21313: 35259, 21314: 88486, 21315: 57417, 21316: 1054, 21317: 1347, 21318: 57455, 21319: 51797, 21322: 690, 21324: 13828, 21325: 13828, 21326: 35259, 21327: 1347, 21328: 519, 21329: 78626, 21331: 72039, 21333: 57455, 21334: 57455, 21335: 226, 21336: 765, 21338: 1502, 21339: 1054, 21340: 1107, 21341: 1294, 21344: 1300, 21345: 72039, 21346: 91053, 21348: 63099, 21349: 0, 21351: 69990, 21354: 519, 21356: 90927, 21357: 75379, 21358: 184, 21363: 57257, 21366: 65941, 21369: 765, 21370: 63756, 21378: 68173, 21384: 44206, 21398: 78626, 21445: 74355, 21446: 62344, 21447: 1347, 21448: 67720, 21450: 1014, 21454: 68173, 21455: 683, 21460: 0, 21462: 82080, 21463: 75453, 21465: 0, 21468: 1391, 21470: 226, 21474: 686, 21475: 1012, 21477: 91896, 21478: 61726, 21479: 1107, 21480: 519, 21481: 1161, 21482: 1161, 21483: 70373, 21484: 69995, 21487: 51797, 21488: 65161, 21489: 91053, 21490: 1259, 21491: 1113, 21492: 1161, 21493: 50453, 21494: 342}",0.0,invalido
646624.4456909997,Cruzamento,1733628391.2403014,49,"{20331: 1294, 20332: 70342, 20333: 1482, 20334: 82085, 20335: 1294, 20336: 57257, 20337: 65341, 20338: 1182, 20339: 1084, 20340: 57309, 20341: 765, 20342: 2048, 20343: 69242, 20344: 849, 20345: 57257, 20346: 1412, 20347: 63099, 20348: 1084, 20349: 75453, 20350: 63099, 20351: 75453, 20352: 69242, 20353: 70342, 20354: 849, 20355: 1489, 20356: 1489, 20357: 849, 20358: 70342, 20359: 57257, 20360: 2048, 20361: 58096, 20362: 1412, 20363: 1489, 20364: 184, 20365: 1617, 20366: 70171, 20367: 57309, 20368: 90927, 20369: 1617, 20370: 48266, 20371: 70373, 20372: 49332, 20373: 1291, 20378: 1182, 20379: 69990, 20380: 70342, 20381: 57070, 20383: 1583, 20384: 686, 20385: 75421, 20386: 68182, 20387: 75421, 20388: 13699, 20389: 68182, 20392: 1291, 20393: 63099, 20394: 75453, 20395: 48266, 20396: 1543, 20397: 849, 20398: 75421, 20399: 70342, 20400: 58096, 20401: 57455, 20402: 1489, 20403: 1084, 20404: 57455, 20405: 1288, 20406: 519, 20407: 743, 20408: 71117, 20409: 1288, 20410: 57381, 20411: 449, 20412: 226, 20413: 58096, 20414: 1014, 20415: 46494, 20416: 805, 20417: 57290, 20418: 683, 20419: 1617, 20421: 65341, 20422: 82085, 20423: 1585, 20427: 68173, 20428: 78645, 20429: 48922, 20432: 44206, 20433: 1502, 20434: 57290, 20436: 182, 20437: 1188, 20438: 1502, 20439: 57381, 20440: 73383, 20441: 70342, 20442: 57381, 20443: 13828, 20444: 71117, 20445: 683, 20446: 1502, 20447: 71117, 20449: 50588, 20450: 913, 20451: 80479, 20452: 80479, 20453: 35245, 20454: 69995, 20455: 52945, 20456: 70342, 20457: 46793, 20458: 1012, 20459: 51797, 20460: 63756, 20461: 35245, 20462: 64790, 20463: 57257, 20465: 57070, 20466: 63756, 20467: 849, 20468: 743, 20469: 67720, 20471: 1014, 20472: 13828, 20473: 1188, 20475: 67720, 20476: 1259, 20481: 71117, 20482: 35245, 20484: 85646, 20485: 46793, 20486: 913, 20487: 743, 20488: 44206, 20489: 683, 20490: 519, 20491: 78645, 20492: 57381, 20493: 82080, 20494: 91896, 20495: 1585, 20496: 58096, 20497: 54448, 20499: 1054, 20501: 1347, 20503: 35259, 20504: 57070, 20505: 83288, 20506: 1012, 20507: 46494, 20508: 69995, 20509: 1012, 20510: 52945, 20511: 64727, 20512: 54448, 20513: 1291, 20514: 146, 20515: 52945, 20517: 35245, 20518: 226, 20519: 75379, 20520: 69995, 20521: 50588, 20522: 52945, 20523: 1543, 20524: 449, 20525: 728, 20527: 1617, 20528: 44206, 20530: 72051, 20531: 13828, 20532: 1259, 20533: 69990, 20534: 46793, 20535: 75958, 20536: 68173, 20537: 1617, 20538: 690, 20539: 69990, 20540: 1617, 20541: 71117, 20542: 1288, 20543: 449, 20544: 1014, 20545: 1585, 20546: 91896, 20547: 57070, 20549: 80479, 20550: 63270, 20552: 46494, 20553: 71117, 20554: 1288, 20555: 61726, 20556: 78631, 20557: 1391, 20558: 1502, 20559: 1399, 20560: 686, 20561: 46494, 20563: 65877, 20564: 1167, 20565: 85710, 20567: 69990, 20569: 51797, 20570: 743, 20571: 68173, 20572: 1347, 20573: 690, 20574: 67720, 20575: 449, 20576: 728, 20577: 48922, 20578: 1014, 20579: 1347, 20580: 35259, 20581: 75958, 20582: 48922, 20583: 743, 20584: 1347, 20585: 1543, 20587: 1161, 20588: 1012, 20589: 65161, 20590: 395, 20591: 449, 20592: 1188, 20593: 57290, 20594: 690, 20595: 522, 20596: 73383, 20597: 805, 20599: 1012, 20600: 63270, 20601: 63270, 20602: 35245, 20605: 226, 20606: 1161, 20607: 52945, 20608: 58096, 20609: 1173, 20610: 1084, 20611: 65877, 20612: 75453, 20613: 1457, 20614: 57309, 20615: 69995, 20616: 849, 20617: 1167, 20618: 1540, 20619: 765, 20620: 1457, 20621: 1167, 20622: 686, 20624: 1457, 20625: 65877, 20626: 686, 20628: 686, 20630: 66626, 20631: 519, 20633: 1107, 20634: 72051, 20635: 1084, 20636: 913, 20637: 1391, 20638: 146, 20639: 85669, 20640: 57639, 20641: 52945, 20642: 1391, 20643: 1193, 20645: 1391, 20646: 953, 20647: 686, 20648: 58096, 20650: 58096, 20651: 62344, 20652: 686, 20653: 1193, 20654: 85669, 20655: 1412, 20656: 184, 20659: 1585, 20661: 69995, 20662: 70373, 20663: 913, 20669: 522, 20670: 78631, 20671: 57639, 20672: 35259, 20673: 57972, 20675: 61726, 20676: 57972, 20677: 73235, 20678: 62344, 20680: 68173, 20681: 449, 20684: 1347, 20688: 1617, 20689: 69995, 20690: 52945, 20692: 57257, 20693: 85669, 20694: 66626, 20695: 1489, 20696: 1173, 20697: 1182, 20698: 58543, 20699: 63756, 20700: 50588, 20701: 913, 20702: 1167, 20703: 54448, 20704: 66626, 20705: 75379, 20706: 1182, 20707: 70342, 20708: 46494, 20709: 1161, 20710: 1161, 20711: 1543, 20712: 0, 20713: 75421, 20714: 52945, 20715: 690, 20716: 70342, 20717: 57639, 20719: 1585, 20720: 75453, 20721: 913, 20722: 805, 20723: 51797, 20724: 80479, 20725: 85669, 20726: 46793, 20727: 78631, 20729: 1617, 20730: 88486, 20731: 48922, 20732: 1054, 20734: 1288, 20735: 57309, 20736: 1014, 20737: 73383, 20739: 35259, 20740: 57455, 20741: 686, 20742: 1167, 20743: 1116, 20744: 68650, 20746: 69990, 20747: 91053, 20748: 58096, 20749: 69990, 20750: 686, 20751: 1399, 20752: 1502, 20754: 44206, 20757: 1161, 20758: 1012, 20759: 62344, 20761: 1482, 20762: 75453, 20763: 63099, 20764: 1084, 20765: 63099, 20766: 63099, 20768: 184, 20769: 395, 20770: 77145, 20773: 70500, 20774: 1154, 20775: 69990, 20777: 1391, 20778: 70500, 20779: 1399, 20781: 1457, 20782: 49332, 20784: 57290, 20785: 2048, 20786: 70500, 20789: 1347, 20790: 58543, 20791: 70342, 20792: 46793, 20793: 146, 20794: 49332, 20795: 59008, 20796: 1188, 20797: 75421, 20798: 13699, 20799: 70373, 20800: 1482, 20802: 69242, 20803: 85710, 20804: 57309, 20805: 69242, 20806: 1391, 20807: 72051, 20808: 82067, 20809: 1291, 20810: 63099, 20811: 57070, 20813: 48266, 20814: 1482, 20815: 85687, 20816: 57455, 20817: 85687, 20818: 1391, 20819: 1502, 20820: 1167, 20821: 1116, 20822: 85687, 20823: 46494, 20824: 57417, 20825: 75453, 20826: 75379, 20827: 46494, 20828: 184, 20829: 67720, 20831: 57290, 20832: 57639, 20833: 1291, 20834: 728, 20835: 1502, 20836: 1583, 20837: 57070, 20838: 57070, 20840: 2048, 20841: 1412, 20842: 1357, 20843: 226, 20844: 57455, 20845: 65877, 20846: 1300, 20850: 65877, 20852: 90927, 20853: 51797, 20854: 72051, 20856: 46793, 20858: 48266, 20859: 82070, 20860: 63882, 20861: 63882, 20862: 82070, 20863: 82070, 20864: 395, 20872: 953, 20873: 395, 20874: 0, 20875: 91053, 20876: 683, 20877: 83288, 20881: 75379, 20883: 75453, 20884: 57972, 20885: 59008, 20886: 64727, 20887: 1540, 20888: 82070, 20889: 683, 20890: 64727, 20891: 1391, 20892: 82070, 20894: 85669, 20895: 64790, 20897: 1540, 20900: 1457, 20901: 75379, 20902: 72039, 20904: 63099, 20905: 522, 20906: 765, 20907: 1188, 20909: 65877, 20910: 182, 20911: 849, 20913: 72051, 20916: 85669, 20917: 87001, 20918: 73383, 20919: 63882, 20921: 58543, 20922: 82070, 20923: 690, 20925: 1294, 20926: 85700, 20928: 1300, 20929: 51797, 20930: 61726, 20931: 51797, 20932: 1288, 20933: 57290, 20934: 63099, 20935: 82070, 20936: 91053, 20937: 1399, 20938: 1193, 20939: 1502, 20940: 1223, 20941: 72039, 20942: 1399, 20943: 69985, 20944: 1193, 20948: 83288, 20949: 1193, 20950: 87001, 20951: 1300, 20953: 64727, 20954: 68173, 20955: 1457, 20956: 57639, 20958: 57639, 20959: 65877, 20960: 54448, 20961: 1012, 20962: 1300, 20963: 69995, 20964: 72039, 20965: 91053, 20966: 64790, 20967: 1054, 20968: 44206, 20969: 85700, 20970: 57972, 20971: 63756, 20973: 85710, 20974: 59008, 20975: 1154, 20977: 85710, 20978: 63756, 20979: 0, 20980: 63756, 20981: 49332, 20982: 72039, 20983: 1054, 20985: 72039, 20986: 728, 20987: 64790, 20988: 1054, 20990: 85710, 20992: 68650, 20993: 72039, 20995: 1012, 20997: 83288, 20998: 82070, 20999: 87001, 21000: 63882, 21001: 70500, 21002: 57639, 21003: 57972, 21005: 83288, 21006: 72051, 21007: 2048, 21008: 69995, 21009: 65877, 21011: 72039, 21012: 87001, 21013: 57290, 21014: 65877, 21015: 91053, 21016: 72051, 21017: 64790, 21018: 1193, 21019: 184, 21020: 69985, 21021: 1543, 21022: 75379, 21023: 63270, 21028: 86055, 21030: 85700, 21032: 52945, 21033: 35245, 21034: 1154, 21035: 58543, 21036: 35259, 21037: 1223, 21038: 728, 21039: 63270, 21041: 85700, 21043: 67720, 21045: 1188, 21047: 86055, 21050: 83288, 21053: 1294, 21055: 82080, 21056: 1585, 21057: 1107, 21058: 1107, 21059: 395, 21060: 1107, 21061: 46494, 21062: 1502, 21063: 1014, 21064: 57381, 21065: 1543, 21066: 1188, 21067: 683, 21068: 73383, 21069: 46494, 21070: 69990, 21072: 1107, 21073: 1182, 21074: 67720, 21075: 78645, 21077: 1540, 21084: 1617, 21085: 2114, 21086: 89226, 21087: 87984, 21091: 1012, 21092: 78631, 21093: 63270, 21096: 2114, 21097: 53429, 21098: 65941, 21099: 2114, 21100: 2076, 21101: 57649, 21102: 80140, 21103: 1457, 21104: 51797, 21105: 88653, 21106: 2346, 21107: 62344, 21108: 2346, 21109: 2114, 21110: 90942, 21112: 75379, 21113: 88653, 21115: 2346, 21116: 80140, 21117: 57649, 21118: 88486, 21119: 2076, 21120: 2076, 21121: 74355, 21123: 57649, 21124: 2076, 21125: 53429, 21126: 57649, 21127: 74355, 21128: 57649, 21129: 2114, 21130: 74355, 21132: 53429, 21133: 87984, 21134: 57649, 21135: 88653, 21136: 74355, 21138: 53429, 21139: 88653, 21140: 53429, 21141: 80140, 21142: 2346, 21143: 57649, 21144: 2114, 21145: 88653, 21146: 89226, 21147: 53429, 21148: 2114, 21149: 2076, 21150: 86213, 21151: 87984, 21153: 2114, 21154: 44206, 21155: 86157, 21156: 80140, 21157: 1188, 21159: 89226, 21163: 146, 21164: 86157, 21165: 88653, 21166: 88653, 21167: 80140, 21168: 2114, 21170: 88653, 21171: 53429, 21172: 57649, 21173: 56939, 21174: 90998, 21175: 1223, 21176: 56939, 21177: 56939, 21178: 57649, 21179: 86213, 21180: 90998, 21181: 86213, 21182: 86157, 21184: 56939, 21185: 86213, 21186: 86213, 21187: 0, 21188: 0, 21189: 0, 21190: 78631, 21191: 184, 21192: 59008, 21193: 57639, 21194: 0, 21195: 395, 21196: 1489, 21197: 57649, 21198: 74355, 21199: 2076, 21203: 90998, 21205: 74355, 21206: 86213, 21208: 87984, 21209: 89226, 21223: 683, 21226: 683, 21227: 1585, 21228: 68173, 21229: 0, 21230: 69990, 21231: 519, 21232: 57381, 21233: 1259, 21234: 805, 21235: 690, 21236: 71117, 21237: 71117, 21238: 1288, 21239: 805, 21240: 82080, 21241: 395, 21244: 64727, 21249: 0, 21262: 1489, 21265: 68182, 21271: 65161, 21279: 91053, 21280: 57639, 21288: 63756, 21290: 59008, 21298: 72051, 21303: 1457, 21304: 46494, 21305: 1294, 21306: 1167, 21307: 728, 21308: 1294, 21311: 1347, 21312: 88486, 21313: 1054, 21314: 1540, 21315: 1347, 21316: 71117, 21317: 765, 21318: 395, 21319: 1294, 21322: 69985, 21324: 71117, 21325: 550, 21326: 57455, 21327: 519, 21328: 35259, 21329: 805, 21331: 57972, 21333: 51797, 21334: 57455, 21335: 1357, 21336: 765, 21338: 1054, 21339: 1457, 21340: 1294, 21341: 765, 21344: 1288, 21345: 0, 21346: 57309, 21348: 63099, 21349: 0, 21351: 1259, 21354: 78626, 21356: 57309, 21357: 64727, 21358: 226, 21363: 1412, 21366: 51797, 21369: 1347, 21370: 1357, 21378: 1014, 21384: 46494, 21398: 550, 21445: 53429, 21446: 57070, 21447: 1399, 21448: 69990, 21450: 78645, 21454: 48922, 21455: 1014, 21460: 1482, 21462: 1585, 21463: 75453, 21465: 0, 21468: 1391, 21470: 226, 21474: 686, 21475: 1012, 21477: 91896, 21478: 61726, 21479: 1107, 21480: 519, 21481: 1161, 21482: 1161, 21483: 70373, 21484: 69995, 21487: 51797, 21488: 65161, 21489: 91053, 21490: 1259, 21491: 1113, 21492: 1161, 21493: 50453, 21494: 342}",0.0,filho
644979.7000303332,Cruzamento,1733628391.2403014,49,"{20331: 57070, 20332: 1182, 20333: 57309, 20334: 65341, 20335: 1412, 20336: 1412, 20337: 1084, 20338: 1482, 20339: 1617, 20340: 49332, 20341: 1583, 20342: 69242, 20343: 69990, 20344: 1182, 20345: 70342, 20346: 1084, 20347: 1489, 20348: 48266, 20349: 1347, 20350: 69990, 20351: 1347, 20352: 57309, 20353: 57257, 20354: 46793, 20355: 1347, 20356: 849, 20357: 1583, 20358: 2048, 20359: 1291, 20360: 765, 20361: 75421, 20362: 1489, 20363: 1412, 20364: 70342, 20365: 70171, 20366: 70171, 20367: 77145, 20368: 65341, 20369: 75453, 20370: 48266, 20371: 1347, 20372: 46793, 20373: 1617, 20378: 65341, 20379: 75421, 20380: 1489, 20381: 1182, 20383: 57257, 20384: 63099, 20385: 57257, 20386: 13699, 20387: 70342, 20388: 1084, 20389: 75421, 20392: 849, 20393: 69242, 20394: 51797, 20395: 48266, 20396: 449, 20397: 1583, 20398: 765, 20399: 44206, 20400: 46793, 20401: 1412, 20402: 48266, 20403: 184, 20404: 743, 20405: 82080, 20406: 728, 20407: 395, 20408: 449, 20409: 35259, 20410: 690, 20411: 67720, 20412: 75379, 20413: 1482, 20414: 67720, 20415: 71117, 20416: 70342, 20417: 57381, 20418: 82080, 20419: 519, 20421: 1294, 20422: 1489, 20423: 1585, 20427: 44206, 20428: 57381, 20429: 449, 20432: 1543, 20433: 449, 20434: 46494, 20436: 805, 20437: 69242, 20438: 69990, 20439: 1259, 20440: 743, 20441: 46494, 20442: 69985, 20443: 690, 20444: 82080, 20445: 805, 20446: 67720, 20447: 78645, 20449: 1012, 20450: 69995, 20451: 80479, 20452: 57455, 20453: 57455, 20454: 52945, 20455: 913, 20456: 50588, 20457: 51797, 20458: 913, 20459: 1161, 20460: 1585, 20461: 63270, 20462: 69995, 20463: 49332, 20465: 65341, 20466: 1012, 20467: 1291, 20468: 1107, 20469: 1259, 20471: 57381, 20472: 57381, 20473: 743, 20475: 72051, 20476: 1617, 20481: 1107, 20482: 75379, 20484: 52945, 20485: 75379, 20486: 54448, 20487: 449, 20488: 1188, 20489: 69990, 20490: 70342, 20491: 67720, 20492: 805, 20493: 1107, 20494: 46494, 20495: 683, 20496: 75453, 20497: 50588, 20499: 65877, 20501: 44206, 20503: 57639, 20504: 69990, 20505: 62344, 20506: 85710, 20507: 1357, 20508: 1161, 20509: 50588, 20510: 913, 20511: 85646, 20512: 70342, 20513: 1291, 20514: 64790, 20515: 913, 20517: 69995, 20518: 69995, 20519: 63270, 20520: 52945, 20521: 65161, 20522: 1161, 20523: 1259, 20524: 68173, 20525: 519, 20527: 82080, 20528: 1502, 20530: 46494, 20531: 59008, 20532: 805, 20533: 75421, 20534: 65161, 20535: 48922, 20536: 44206, 20537: 69985, 20538: 69990, 20539: 449, 20540: 690, 20541: 1617, 20542: 75958, 20543: 48922, 20544: 728, 20545: 91896, 20546: 71117, 20547: 64790, 20549: 80479, 20550: 51797, 20552: 1288, 20553: 1502, 20554: 57290, 20555: 62344, 20556: 65877, 20557: 75379, 20558: 1107, 20559: 1391, 20560: 65877, 20561: 85710, 20563: 1167, 20564: 57070, 20565: 69990, 20567: 849, 20569: 52945, 20570: 91896, 20571: 1585, 20572: 1288, 20573: 35259, 20574: 48922, 20575: 44206, 20576: 75958, 20577: 69985, 20578: 1347, 20579: 71117, 20580: 68173, 20581: 1014, 20582: 35259, 20583: 1288, 20584: 71117, 20585: 2048, 20587: 1012, 20588: 63270, 20589: 52945, 20590: 82080, 20591: 57455, 20592: 683, 20593: 805, 20594: 72051, 20595: 59008, 20596: 1347, 20597: 1585, 20599: 64727, 20600: 49332, 20601: 75379, 20602: 35245, 20605: 35245, 20606: 50588, 20607: 913, 20608: 57417, 20609: 1585, 20610: 1482, 20611: 1107, 20612: 686, 20613: 57309, 20614: 1167, 20615: 75453, 20616: 953, 20617: 61726, 20618: 85669, 20619: 1182, 20620: 1054, 20621: 1457, 20622: 849, 20624: 226, 20625: 1457, 20626: 69995, 20628: 1540, 20630: 69995, 20631: 449, 20633: 69242, 20634: 73383, 20635: 1583, 20636: 54448, 20637: 1583, 20638: 226, 20639: 1391, 20640: 52945, 20641: 85669, 20642: 62344, 20643: 1391, 20645: 52945, 20646: 85669, 20647: 57639, 20648: 686, 20650: 686, 20651: 1193, 20652: 58096, 20653: 1391, 20654: 953, 20655: 1482, 20656: 1084, 20659: 70342, 20661: 64727, 20662: 57309, 20663: 1161, 20669: 69242, 20670: 65877, 20671: 1540, 20672: 57972, 20673: 57639, 20675: 78631, 20676: 78631, 20677: 61726, 20678: 75379, 20680: 69990, 20681: 1188, 20684: 1543, 20688: 805, 20689: 50588, 20690: 64727, 20692: 1182, 20693: 58096, 20694: 913, 20695: 75453, 20696: 75379, 20697: 184, 20698: 85669, 20699: 70342, 20700: 54448, 20701: 54448, 20702: 1288, 20703: 66626, 20704: 1173, 20705: 50588, 20706: 57309, 20707: 54448, 20708: 1399, 20709: 1161, 20710: 1161, 20711: 1014, 20712: 0, 20713: 57257, 20714: 52945, 20715: 57290, 20716: 913, 20717: 58543, 20719: 54448, 20720: 75453, 20721: 1012, 20722: 46494, 20723: 1489, 20724: 80479, 20725: 78631, 20726: 46793, 20727: 62344, 20729: 48266, 20730: 1113, 20731: 743, 20732: 765, 20734: 690, 20735: 65877, 20736: 522, 20737: 44206, 20739: 65877, 20740: 1188, 20741: 1357, 20742: 1116, 20743: 78631, 20744: 69995, 20746: 69990, 20747: 57309, 20748: 1107, 20749: 57639, 20750: 849, 20751: 1012, 20752: 190, 20754: 743, 20757: 1585, 20758: 54448, 20759: 57639, 20761: 70373, 20762: 1084, 20763: 63099, 20764: 1617, 20765: 1347, 20766: 70373, 20768: 0, 20769: 519, 20770: 77145, 20773: 1347, 20774: 57290, 20775: 58096, 20777: 1182, 20778: 2048, 20779: 70500, 20781: 57290, 20782: 67720, 20784: 57070, 20785: 57070, 20786: 1167, 20789: 728, 20790: 58543, 20791: 184, 20792: 82085, 20793: 70500, 20794: 49332, 20795: 69242, 20796: 68650, 20797: 2048, 20798: 70373, 20799: 69242, 20800: 1482, 20802: 57381, 20803: 68650, 20804: 68650, 20805: 13699, 20806: 58543, 20807: 57381, 20808: 85687, 20809: 58096, 20810: 46793, 20811: 48266, 20813: 49332, 20814: 49332, 20815: 82067, 20816: 57309, 20817: 82067, 20818: 58096, 20819: 1502, 20820: 85669, 20821: 78631, 20822: 1399, 20823: 1014, 20824: 226, 20825: 849, 20826: 85710, 20827: 62344, 20828: 63270, 20829: 1259, 20831: 1391, 20832: 1399, 20833: 1617, 20834: 86055, 20835: 62344, 20836: 849, 20837: 0, 20838: 1347, 20840: 1583, 20841: 57455, 20842: 83288, 20843: 57290, 20844: 1482, 20845: 57639, 20846: 1223, 20850: 87001, 20852: 57309, 20853: 1457, 20854: 1585, 20856: 686, 20858: 70373, 20859: 82070, 20860: 63882, 20861: 63882, 20862: 82070, 20863: 82070, 20864: 395, 20872: 953, 20873: 226, 20874: 0, 20875: 64727, 20876: 805, 20877: 63882, 20881: 64727, 20883: 70500, 20884: 82070, 20885: 1391, 20886: 67720, 20887: 1457, 20888: 82070, 20889: 1502, 20890: 91053, 20891: 1391, 20892: 72039, 20894: 765, 20895: 44206, 20897: 85669, 20900: 1167, 20901: 68650, 20902: 83288, 20904: 1188, 20905: 73383, 20906: 849, 20907: 1188, 20909: 65877, 20910: 72051, 20911: 1107, 20913: 73383, 20916: 1116, 20917: 84328, 20918: 69990, 20919: 84328, 20921: 63099, 20922: 82070, 20923: 57381, 20925: 1294, 20926: 65941, 20928: 1300, 20929: 51797, 20930: 0, 20931: 1223, 20932: 64790, 20933: 743, 20934: 1193, 20935: 63882, 20936: 65941, 20937: 67720, 20938: 1193, 20939: 395, 20940: 65161, 20941: 87001, 20942: 75379, 20943: 57290, 20944: 59008, 20948: 65877, 20949: 1193, 20950: 63882, 20951: 64790, 20953: 64727, 20954: 48922, 20955: 1116, 20956: 58096, 20958: 63756, 20959: 87001, 20960: 1399, 20961: 1502, 20962: 184, 20963: 146, 20964: 72039, 20965: 65941, 20966: 59008, 20967: 85710, 20968: 75453, 20969: 1300, 20970: 72039, 20971: 59008, 20973: 1054, 20974: 63756, 20975: 58096, 20977: 1399, 20978: 1502, 20979: 1193, 20980: 63756, 20981: 57070, 20982: 83288, 20983: 57972, 20985: 83288, 20986: 1167, 20987: 0, 20988: 63756, 20990: 57972, 20992: 57417, 20993: 83288, 20995: 85710, 20997: 72039, 20998: 63882, 20999: 57972, 21000: 82070, 21001: 78631, 21002: 1167, 21003: 57972, 21005: 83288, 21006: 57070, 21007: 1300, 21008: 69995, 21009: 57972, 21011: 87001, 21012: 84328, 21013: 57639, 21014: 65877, 21015: 91053, 21016: 146, 21017: 85700, 21018: 35245, 21019: 63756, 21020: 68173, 21021: 1188, 21022: 63270, 21023: 1457, 21028: 86055, 21030: 85700, 21032: 54448, 21033: 728, 21034: 57417, 21035: 1399, 21036: 91896, 21037: 2048, 21038: 1457, 21039: 1300, 21041: 72051, 21043: 146, 21045: 75453, 21047: 57290, 21050: 57639, 21053: 1294, 21055: 82080, 21056: 57381, 21057: 449, 21058: 63756, 21059: 1107, 21060: 1107, 21061: 78645, 21062: 1014, 21063: 46494, 21064: 1014, 21065: 1188, 21066: 1259, 21067: 683, 21068: 72051, 21069: 72051, 21070: 57290, 21072: 71117, 21073: 69995, 21074: 1617, 21075: 78645, 21077: 1540, 21084: 67720, 21085: 88653, 21086: 90942, 21087: 57649, 21091: 85710, 21092: 58096, 21093: 85646, 21096: 2346, 21097: 74355, 21098: 63756, 21099: 2114, 21100: 2076, 21101: 2346, 21102: 2114, 21103: 1116, 21104: 59008, 21105: 80140, 21106: 2114, 21107: 73235, 21108: 56939, 21109: 56939, 21110: 80140, 21112: 1391, 21113: 89226, 21115: 2114, 21116: 89226, 21117: 80140, 21118: 83288, 21119: 89226, 21120: 2076, 21121: 74355, 21123: 80140, 21124: 88653, 21125: 88653, 21126: 74355, 21127: 56939, 21128: 74355, 21129: 74355, 21130: 53429, 21132: 57649, 21133: 87984, 21134: 53429, 21135: 56939, 21136: 53429, 21138: 57649, 21139: 56939, 21140: 57649, 21141: 86157, 21142: 80140, 21143: 53429, 21144: 2114, 21145: 53429, 21146: 89226, 21147: 88653, 21148: 53429, 21149: 80140, 21150: 80140, 21151: 86213, 21153: 53429, 21154: 1223, 21155: 86157, 21156: 87984, 21157: 1288, 21159: 2346, 21163: 146, 21164: 86157, 21165: 80140, 21166: 90998, 21167: 87984, 21168: 90998, 21170: 90998, 21171: 86213, 21172: 57649, 21173: 2076, 21174: 2114, 21175: 0, 21176: 2076, 21177: 87984, 21178: 88653, 21179: 56939, 21180: 2346, 21181: 57649, 21182: 86157, 21184: 87984, 21185: 0, 21186: 2076, 21187: 0, 21188: 0, 21189: 0, 21190: 63270, 21191: 184, 21192: 1223, 21193: 70500, 21194: 0, 21195: 1167, 21196: 70342, 21197: 74355, 21198: 2114, 21199: 86213, 21203: 2076, 21205: 53429, 21206: 86213, 21208: 87984, 21209: 89226, 21223: 1585, 21226: 1014, 21227: 69985, 21228: 46494, 21229: 395, 21230: 78645, 21231: 395, 21232: 1259, 21233: 683, 21234: 70342, 21235: 1259, 21236: 57381, 21237: 71117, 21238: 1543, 21239: 72051, 21240: 1107, 21241: 1347, 21244: 66626, 21249: 1012, 21262: 57070, 21265: 13699, 21271: 75453, 21279: 91053, 21280: 57639, 21288: 1188, 21290: 65941, 21298: 52945, 21303: 57455, 21304: 226, 21305: 88486, 21306: 1457, 21307: 226, 21308: 765, 21311: 46494, 21312: 63756, 21313: 35259, 21314: 88486, 21315: 64790, 21316: 63756, 21317: 1113, 21318: 64790, 21319: 1347, 21322: 82080, 21324: 395, 21325: 78626, 21326: 13828, 21327: 395, 21328: 13828, 21329: 550, 21331: 65877, 21333: 51797, 21334: 57455, 21335: 1113, 21336: 85669, 21338: 226, 21339: 71117, 21340: 1457, 21341: 1294, 21344: 51797, 21345: 0, 21346: 70500, 21348: 1193, 21349: 0, 21351: 72051, 21354: 13828, 21356: 77145, 21357: 85646, 21358: 35245, 21363: 1347, 21366: 65941, 21369: 88486, 21370: 1054, 21378: 70342, 21384: 1188, 21398: 805, 21445: 2114, 21446: 58096, 21447: 1357, 21448: 35259, 21450: 69990, 21454: 48922, 21455: 1014, 21460: 1482, 21462: 1585, 21463: 75453, 21465: 0, 21468: 1391, 21470: 226, 21474: 686, 21475: 1012, 21477: 91896, 21478: 61726, 21479: 1107, 21480: 519, 21481: 1161, 21482: 1161, 21483: 70373, 21484: 69995, 21487: 51797, 21488: 65161, 21489: 91053, 21490: 1259, 21491: 1113, 21492: 1161, 21493: 50453, 21494: 342}",0.0,filho
642601.4292036655,Cruzamento,1733628394.3769584,50,"{20331: 57309, 20332: 65341, 20333: 82085, 20334: 57070, 20335: 1182, 20336: 1489, 20337: 1291, 20338: 1084, 20339: 184, 20340: 57309, 20341: 65341, 20342: 1182, 20343: 1489, 20344: 1489, 20345: 68182, 20346: 70373, 20347: 70342, 20348: 1084, 20349: 63099, 20350: 57309, 20351: 51797, 20352: 58096, 20353: 46793, 20354: 849, 20355: 48266, 20356: 1291, 20357: 58096, 20358: 1084, 20359: 46793, 20360: 69990, 20361: 1412, 20362: 765, 20363: 57455, 20364: 1291, 20365: 82085, 20366: 75453, 20367: 90927, 20368: 1617, 20369: 65341, 20370: 70342, 20371: 57070, 20372: 48266, 20373: 1412, 20378: 82085, 20379: 57455, 20380: 1391, 20381: 686, 20383: 13699, 20384: 686, 20385: 69990, 20386: 57257, 20387: 13699, 20388: 75421, 20389: 68182, 20392: 63099, 20393: 58096, 20394: 51797, 20395: 184, 20396: 1347, 20397: 65341, 20398: 2048, 20399: 805, 20400: 1084, 20401: 1482, 20402: 46793, 20403: 1482, 20404: 67720, 20405: 1107, 20406: 57381, 20407: 1502, 20408: 743, 20409: 743, 20410: 1347, 20411: 395, 20412: 1585, 20413: 1489, 20414: 449, 20415: 1188, 20416: 67720, 20417: 519, 20418: 46494, 20419: 71117, 20421: 1347, 20422: 1617, 20423: 1585, 20427: 72051, 20428: 48922, 20429: 44206, 20432: 683, 20433: 1502, 20434: 690, 20436: 1259, 20437: 57381, 20438: 48922, 20439: 683, 20440: 69985, 20441: 690, 20442: 69242, 20443: 46494, 20444: 522, 20445: 522, 20446: 69242, 20447: 69242, 20449: 69995, 20450: 57455, 20451: 1012, 20452: 54448, 20453: 1585, 20454: 50588, 20455: 52945, 20456: 50588, 20457: 63756, 20458: 65161, 20459: 1585, 20460: 1161, 20461: 80479, 20462: 57290, 20463: 1412, 20465: 69990, 20466: 1012, 20467: 57257, 20468: 67720, 20469: 743, 20471: 1014, 20472: 71117, 20473: 1107, 20475: 805, 20476: 690, 20481: 1107, 20482: 35245, 20484: 75379, 20485: 69995, 20486: 54448, 20487: 1502, 20488: 1188, 20489: 728, 20490: 71117, 20491: 57381, 20492: 44206, 20493: 1014, 20494: 91896, 20495: 72051, 20496: 849, 20497: 69995, 20499: 88486, 20501: 71117, 20503: 1357, 20504: 765, 20505: 1167, 20506: 1294, 20507: 65877, 20508: 54448, 20509: 46793, 20510: 52945, 20511: 75379, 20512: 52945, 20513: 1291, 20514: 69995, 20515: 70342, 20517: 63270, 20518: 913, 20519: 1012, 20520: 54448, 20521: 63270, 20522: 913, 20523: 519, 20524: 70342, 20525: 1259, 20527: 68173, 20528: 57381, 20530: 91896, 20531: 182, 20532: 71117, 20533: 75421, 20534: 35245, 20535: 71117, 20536: 44206, 20537: 75958, 20538: 35259, 20539: 70342, 20540: 67720, 20541: 1014, 20542: 48922, 20543: 59008, 20544: 1014, 20545: 449, 20546: 1585, 20547: 69995, 20549: 913, 20550: 1161, 20552: 1502, 20553: 728, 20554: 1188, 20555: 85710, 20556: 1182, 20557: 849, 20558: 1399, 20559: 1391, 20560: 1116, 20561: 57070, 20563: 78631, 20564: 44206, 20565: 1167, 20567: 1457, 20569: 63756, 20570: 59008, 20571: 743, 20572: 68173, 20573: 728, 20574: 70342, 20575: 1347, 20576: 44206, 20577: 690, 20578: 91896, 20579: 75958, 20580: 449, 20581: 69990, 20582: 35259, 20583: 69985, 20584: 91896, 20585: 75379, 20587: 63756, 20588: 85646, 20589: 913, 20590: 46494, 20591: 1259, 20592: 57290, 20593: 69985, 20594: 70342, 20595: 1502, 20596: 67720, 20597: 69985, 20599: 1585, 20600: 75379, 20601: 1161, 20602: 226, 20605: 35245, 20606: 64727, 20607: 1585, 20608: 1223, 20609: 64727, 20610: 1482, 20611: 65877, 20612: 69995, 20613: 1457, 20614: 69995, 20615: 686, 20616: 69990, 20617: 1540, 20618: 1116, 20619: 85710, 20620: 1107, 20621: 1107, 20622: 75453, 20624: 75453, 20625: 686, 20626: 953, 20628: 953, 20630: 66626, 20631: 1543, 20633: 46494, 20634: 690, 20635: 68182, 20636: 54448, 20637: 75421, 20638: 1288, 20639: 1391, 20640: 85669, 20641: 57639, 20642: 1193, 20643: 62344, 20645: 52945, 20646: 52945, 20647: 1193, 20648: 58096, 20650: 953, 20651: 85669, 20652: 1391, 20653: 57639, 20654: 686, 20655: 1583, 20656: 70342, 20659: 1173, 20661: 75379, 20662: 75453, 20663: 913, 20669: 69985, 20670: 35259, 20671: 57639, 20672: 65877, 20673: 73235, 20675: 61726, 20676: 75453, 20677: 1540, 20678: 78631, 20680: 1543, 20681: 728, 20684: 743, 20688: 82080, 20689: 1161, 20690: 66626, 20692: 57257, 20693: 58543, 20694: 913, 20695: 1489, 20696: 1161, 20697: 184, 20698: 62344, 20699: 50588, 20700: 1173, 20701: 63756, 20702: 1182, 20703: 54448, 20704: 63756, 20705: 64727, 20706: 69242, 20707: 63756, 20708: 1054, 20709: 1161, 20710: 1161, 20711: 68173, 20712: 0, 20713: 75421, 20714: 52945, 20715: 73383, 20716: 70342, 20717: 58543, 20719: 52945, 20720: 46793, 20721: 1012, 20722: 46494, 20723: 184, 20724: 46793, 20725: 78631, 20726: 80479, 20727: 1347, 20729: 1412, 20730: 57972, 20731: 1014, 20732: 83288, 20734: 57455, 20735: 62344, 20736: 73383, 20737: 59008, 20739: 75379, 20740: 1543, 20741: 85710, 20742: 75379, 20743: 686, 20744: 395, 20746: 1457, 20747: 49332, 20748: 1357, 20749: 63756, 20750: 1012, 20751: 85710, 20752: 46494, 20754: 1259, 20757: 1012, 20758: 35245, 20759: 58096, 20761: 63099, 20762: 75453, 20763: 1084, 20764: 1617, 20765: 1482, 20766: 75453, 20768: 0, 20769: 449, 20770: 77145, 20773: 63270, 20774: 1300, 20775: 57070, 20777: 57070, 20778: 146, 20779: 1347, 20781: 1543, 20782: 1223, 20784: 146, 20785: 146, 20786: 1154, 20789: 690, 20790: 58543, 20791: 1583, 20792: 49332, 20793: 728, 20794: 48266, 20795: 44206, 20796: 78631, 20797: 69242, 20798: 75421, 20799: 2048, 20800: 13699, 20802: 13828, 20803: 1288, 20804: 1154, 20805: 13699, 20806: 1391, 20807: 522, 20808: 85687, 20809: 1347, 20810: 46793, 20811: 70342, 20813: 70373, 20814: 2048, 20815: 85687, 20816: 184, 20817: 85687, 20818: 1347, 20819: 1502, 20820: 62344, 20821: 62344, 20822: 849, 20823: 805, 20824: 57309, 20825: 78631, 20826: 184, 20827: 69990, 20828: 70500, 20829: 1347, 20831: 57290, 20832: 1182, 20833: 1294, 20834: 72051, 20835: 1399, 20836: 58096, 20837: 70373, 20838: 1502, 20840: 49332, 20841: 1182, 20842: 58096, 20843: 1223, 20844: 82085, 20845: 85669, 20846: 1300, 20850: 72039, 20852: 1391, 20853: 1167, 20854: 82080, 20856: 46793, 20858: 70373, 20859: 82070, 20860: 82070, 20861: 63882, 20862: 63882, 20863: 82070, 20864: 395, 20872: 953, 20873: 35245, 20874: 0, 20875: 91053, 20876: 13828, 20877: 57972, 20881: 57417, 20883: 57639, 20884: 83288, 20885: 57417, 20886: 78631, 20887: 71117, 20888: 63882, 20889: 57381, 20890: 59008, 20891: 70500, 20892: 82070, 20894: 69990, 20895: 63270, 20897: 226, 20900: 953, 20901: 1223, 20902: 72039, 20904: 1300, 20905: 44206, 20906: 75453, 20907: 65941, 20909: 65877, 20910: 70342, 20911: 69995, 20913: 73383, 20916: 57309, 20917: 63882, 20918: 57290, 20919: 87001, 20921: 72051, 20922: 84328, 20923: 690, 20925: 1294, 20926: 1188, 20928: 48266, 20929: 51797, 20930: 61726, 20931: 51797, 20932: 59008, 20933: 72051, 20934: 63099, 20935: 84328, 20936: 57639, 20937: 54448, 20938: 63099, 20939: 1107, 20940: 1347, 20941: 63882, 20942: 63756, 20943: 728, 20944: 1391, 20948: 57972, 20949: 64727, 20950: 72039, 20951: 1223, 20953: 59008, 20954: 1585, 20955: 1116, 20956: 1399, 20958: 65161, 20959: 57972, 20960: 146, 20961: 1502, 20962: 1223, 20963: 69995, 20964: 83288, 20965: 57639, 20966: 63099, 20967: 1054, 20968: 64727, 20969: 91053, 20970: 83288, 20971: 1193, 20973: 1054, 20974: 146, 20975: 1188, 20977: 78631, 20978: 57972, 20979: 64790, 20980: 64727, 20981: 67720, 20982: 83288, 20983: 1502, 20985: 87001, 20986: 91053, 20987: 59008, 20988: 85710, 20990: 63756, 20992: 64790, 20993: 87001, 20995: 1012, 20997: 83288, 20998: 82070, 20999: 83288, 21000: 63882, 21001: 1188, 21002: 1167, 21003: 57972, 21005: 72039, 21006: 57417, 21007: 54448, 21008: 953, 21009: 57972, 21011: 72039, 21012: 63882, 21013: 2048, 21014: 87001, 21015: 184, 21016: 65941, 21017: 58543, 21018: 85700, 21019: 75453, 21020: 1617, 21021: 63756, 21022: 2048, 21023: 1167, 21028: 86055, 21030: 85700, 21032: 1543, 21033: 146, 21034: 1167, 21035: 54448, 21036: 449, 21037: 1154, 21038: 85710, 21039: 226, 21041: 52945, 21043: 57417, 21045: 57639, 21047: 86055, 21050: 1182, 21053: 1294, 21055: 1585, 21056: 57381, 21057: 1107, 21058: 58096, 21059: 395, 21060: 1107, 21061: 72051, 21062: 683, 21063: 449, 21064: 1107, 21065: 44206, 21066: 57381, 21067: 1014, 21068: 72051, 21069: 72051, 21070: 57290, 21072: 57381, 21073: 849, 21074: 35259, 21075: 48922, 21077: 1540, 21084: 82080, 21085: 56939, 21086: 90942, 21087: 56939, 21091: 190, 21092: 1399, 21093: 2048, 21096: 2114, 21097: 2114, 21098: 51797, 21099: 87984, 21100: 74355, 21101: 80140, 21102: 56939, 21103: 1116, 21104: 1193, 21105: 88653, 21106: 74355, 21107: 61726, 21108: 53429, 21109: 2114, 21110: 89226, 21112: 75453, 21113: 2346, 21115: 89226, 21116: 53429, 21117: 74355, 21118: 35259, 21119: 74355, 21120: 2076, 21121: 88653, 21123: 80140, 21124: 88653, 21125: 2114, 21126: 2114, 21127: 74355, 21128: 53429, 21129: 57649, 21130: 74355, 21132: 53429, 21133: 90998, 21134: 53429, 21135: 89226, 21136: 2114, 21138: 57649, 21139: 88653, 21140: 74355, 21141: 56939, 21142: 89226, 21143: 53429, 21144: 2114, 21145: 2346, 21146: 89226, 21147: 88653, 21148: 53429, 21149: 86213, 21150: 80140, 21151: 87984, 21153: 80140, 21154: 146, 21155: 86213, 21156: 56939, 21157: 1188, 21159: 2076, 21163: 1223, 21164: 2076, 21165: 90998, 21166: 2346, 21167: 56939, 21168: 88653, 21170: 80140, 21171: 2076, 21172: 87984, 21173: 2076, 21174: 90998, 21175: 57417, 21176: 57649, 21177: 86157, 21178: 86213, 21179: 80140, 21180: 2346, 21181: 86213, 21182: 86157, 21184: 86157, 21185: 80140, 21186: 86213, 21187: 0, 21188: 0, 21189: 0, 21190: 91053, 21191: 184, 21192: 65941, 21193: 146, 21194: 0, 21195: 1300, 21196: 58096, 21197: 53429, 21198: 2114, 21199: 2076, 21203: 80140, 21205: 80140, 21206: 90998, 21208: 87984, 21209: 80140, 21223: 44206, 21226: 69990, 21227: 75958, 21228: 449, 21229: 519, 21230: 1014, 21231: 449, 21232: 78645, 21233: 69242, 21234: 78645, 21235: 78645, 21236: 1288, 21237: 1107, 21238: 1288, 21239: 1014, 21240: 1617, 21241: 395, 21244: 1173, 21249: 1012, 21262: 1489, 21265: 1412, 21271: 70500, 21279: 57417, 21280: 1391, 21288: 57070, 21290: 63270, 21298: 63270, 21303: 57455, 21304: 226, 21305: 1167, 21306: 1347, 21307: 1347, 21308: 1294, 21311: 1294, 21312: 46494, 21313: 765, 21314: 1113, 21315: 226, 21316: 1054, 21317: 46494, 21318: 64790, 21319: 765, 21322: 522, 21324: 1347, 21325: 78626, 21326: 805, 21327: 46494, 21328: 78626, 21329: 805, 21331: 65877, 21333: 51797, 21334: 57455, 21335: 71117, 21336: 1457, 21338: 1457, 21339: 1113, 21340: 63756, 21341: 51797, 21344: 1300, 21345: 65877, 21346: 1391, 21348: 63099, 21349: 0, 21351: 1259, 21354: 395, 21356: 77145, 21357: 85646, 21358: 226, 21363: 1294, 21366: 1223, 21369: 226, 21370: 1357, 21378: 1543, 21384: 69242, 21398: 550, 21445: 57649, 21446: 57639, 21447: 46494, 21448: 728, 21450: 69242, 21454: 57290, 21455: 449, 21460: 13699, 21462: 1502, 21463: 65877, 21465: 0, 21468: 1167, 21470: 1502, 21474: 1161, 21475: 63756, 21477: 75958, 21478: 1357, 21479: 46494, 21480: 805, 21481: 1116, 21482: 78631, 21483: 0, 21484: 69995, 21487: 63756, 21488: 51797, 21489: 85700, 21490: 1259, 21491: 245, 21492: 62344, 21493: 342, 21494: 50453}",0.0,filho
642474.3893383322,Cruzamento,1733628397.51709,51,"{20331: 1084, 20332: 46793, 20333: 1489, 20334: 1412, 20335: 1294, 20336: 82085, 20337: 65341, 20338: 48266, 20339: 46793, 20340: 1412, 20341: 1294, 20342: 1182, 20343: 70342, 20344: 849, 20345: 63099, 20346: 1084, 20347: 1489, 20348: 48266, 20349: 1347, 20350: 69990, 20351: 1347, 20352: 57309, 20353: 57257, 20354: 46793, 20355: 1347, 20356: 849, 20357: 1583, 20358: 2048, 20359: 1291, 20360: 765, 20361: 75421, 20362: 1489, 20363: 1412, 20364: 70342, 20365: 70171, 20366: 70171, 20367: 77145, 20368: 65341, 20369: 75453, 20370: 48266, 20371: 1347, 20372: 46793, 20373: 1617, 20378: 65341, 20379: 75421, 20380: 1489, 20381: 1182, 20383: 57257, 20384: 63099, 20385: 57257, 20386: 13699, 20387: 70342, 20388: 1084, 20389: 75421, 20392: 849, 20393: 69242, 20394: 51797, 20395: 48266, 20396: 449, 20397: 1583, 20398: 765, 20399: 44206, 20400: 46793, 20401: 1412, 20402: 48266, 20403: 184, 20404: 743, 20405: 82080, 20406: 728, 20407: 395, 20408: 449, 20409: 35259, 20410: 690, 20411: 67720, 20412: 75379, 20413: 1482, 20414: 67720, 20415: 71117, 20416: 70342, 20417: 57381, 20418: 82080, 20419: 519, 20421: 1294, 20422: 1489, 20423: 1585, 20427: 44206, 20428: 57381, 20429: 449, 20432: 1543, 20433: 449, 20434: 46494, 20436: 805, 20437: 69242, 20438: 69990, 20439: 1259, 20440: 743, 20441: 46494, 20442: 69985, 20443: 690, 20444: 82080, 20445: 805, 20446: 67720, 20447: 78645, 20449: 1012, 20450: 69995, 20451: 80479, 20452: 57455, 20453: 57455, 20454: 52945, 20455: 913, 20456: 50588, 20457: 51797, 20458: 913, 20459: 1161, 20460: 1585, 20461: 63270, 20462: 69995, 20463: 49332, 20465: 65341, 20466: 1012, 20467: 1291, 20468: 1107, 20469: 1259, 20471: 57381, 20472: 57381, 20473: 743, 20475: 72051, 20476: 1617, 20481: 1107, 20482: 75379, 20484: 52945, 20485: 75379, 20486: 54448, 20487: 449, 20488: 1188, 20489: 69990, 20490: 70342, 20491: 67720, 20492: 805, 20493: 1107, 20494: 46494, 20495: 683, 20496: 75453, 20497: 50588, 20499: 65877, 20501: 44206, 20503: 57639, 20504: 69990, 20505: 62344, 20506: 85710, 20507: 1357, 20508: 1161, 20509: 50588, 20510: 913, 20511: 85646, 20512: 70342, 20513: 1291, 20514: 64790, 20515: 913, 20517: 69995, 20518: 69995, 20519: 63270, 20520: 52945, 20521: 65161, 20522: 1161, 20523: 1259, 20524: 68173, 20525: 519, 20527: 82080, 20528: 1502, 20530: 46494, 20531: 59008, 20532: 805, 20533: 75421, 20534: 65161, 20535: 48922, 20536: 44206, 20537: 69985, 20538: 69990, 20539: 449, 20540: 690, 20541: 1617, 20542: 75958, 20543: 48922, 20544: 728, 20545: 91896, 20546: 71117, 20547: 64790, 20549: 80479, 20550: 51797, 20552: 1288, 20553: 1502, 20554: 57290, 20555: 62344, 20556: 65877, 20557: 75379, 20558: 1107, 20559: 1391, 20560: 65877, 20561: 85710, 20563: 1167, 20564: 57070, 20565: 69990, 20567: 849, 20569: 52945, 20570: 91896, 20571: 1585, 20572: 1288, 20573: 35259, 20574: 48922, 20575: 44206, 20576: 75958, 20577: 69985, 20578: 1347, 20579: 71117, 20580: 68173, 20581: 1014, 20582: 35259, 20583: 1288, 20584: 71117, 20585: 2048, 20587: 1012, 20588: 63270, 20589: 52945, 20590: 82080, 20591: 57455, 20592: 683, 20593: 805, 20594: 72051, 20595: 59008, 20596: 1347, 20597: 1585, 20599: 64727, 20600: 49332, 20601: 75379, 20602: 35245, 20605: 35245, 20606: 50588, 20607: 913, 20608: 57417, 20609: 1585, 20610: 1482, 20611: 1107, 20612: 686, 20613: 57309, 20614: 1167, 20615: 75453, 20616: 953, 20617: 61726, 20618: 85669, 20619: 1182, 20620: 1054, 20621: 1457, 20622: 849, 20624: 226, 20625: 1457, 20626: 69995, 20628: 1540, 20630: 69995, 20631: 449, 20633: 69242, 20634: 73383, 20635: 1583, 20636: 54448, 20637: 1583, 20638: 226, 20639: 1391, 20640: 52945, 20641: 85669, 20642: 62344, 20643: 1391, 20645: 52945, 20646: 85669, 20647: 57639, 20648: 686, 20650: 686, 20651: 1193, 20652: 58096, 20653: 1391, 20654: 953, 20655: 1482, 20656: 1084, 20659: 70342, 20661: 64727, 20662: 57309, 20663: 1161, 20669: 69242, 20670: 65877, 20671: 1540, 20672: 57972, 20673: 57639, 20675: 78631, 20676: 78631, 20677: 61726, 20678: 75379, 20680: 69990, 20681: 1188, 20684: 1543, 20688: 805, 20689: 50588, 20690: 64727, 20692: 1182, 20693: 58096, 20694: 913, 20695: 75453, 20696: 75379, 20697: 184, 20698: 85669, 20699: 70342, 20700: 54448, 20701: 54448, 20702: 1288, 20703: 66626, 20704: 1173, 20705: 50588, 20706: 57309, 20707: 54448, 20708: 1399, 20709: 1161, 20710: 1161, 20711: 1014, 20712: 0, 20713: 57257, 20714: 52945, 20715: 57290, 20716: 913, 20717: 58543, 20719: 54448, 20720: 75453, 20721: 1012, 20722: 46494, 20723: 1489, 20724: 80479, 20725: 78631, 20726: 46793, 20727: 62344, 20729: 48266, 20730: 1113, 20731: 743, 20732: 765, 20734: 690, 20735: 65877, 20736: 522, 20737: 44206, 20739: 65877, 20740: 1188, 20741: 1357, 20742: 1116, 20743: 78631, 20744: 69995, 20746: 69990, 20747: 57309, 20748: 1107, 20749: 57639, 20750: 849, 20751: 1012, 20752: 190, 20754: 743, 20757: 1585, 20758: 54448, 20759: 57639, 20761: 70373, 20762: 1084, 20763: 63099, 20764: 1617, 20765: 1347, 20766: 70373, 20768: 0, 20769: 519, 20770: 77145, 20773: 1347, 20774: 57290, 20775: 58096, 20777: 1182, 20778: 2048, 20779: 70500, 20781: 57290, 20782: 67720, 20784: 57070, 20785: 57070, 20786: 1167, 20789: 728, 20790: 58543, 20791: 184, 20792: 82085, 20793: 70500, 20794: 49332, 20795: 69242, 20796: 68650, 20797: 2048, 20798: 70373, 20799: 69242, 20800: 1482, 20802: 57381, 20803: 68650, 20804: 68650, 20805: 13699, 20806: 58543, 20807: 57381, 20808: 85687, 20809: 58096, 20810: 46793, 20811: 48266, 20813: 49332, 20814: 49332, 20815: 82067, 20816: 57309, 20817: 82067, 20818: 58096, 20819: 1502, 20820: 85669, 20821: 78631, 20822: 1399, 20823: 1014, 20824: 226, 20825: 849, 20826: 85710, 20827: 62344, 20828: 63270, 20829: 1259, 20831: 1391, 20832: 1399, 20833: 1617, 20834: 86055, 20835: 62344, 20836: 849, 20837: 0, 20838: 1347, 20840: 1583, 20841: 57455, 20842: 83288, 20843: 57290, 20844: 1482, 20845: 57639, 20846: 1223, 20850: 87001, 20852: 57309, 20853: 1457, 20854: 1585, 20856: 686, 20858: 70373, 20859: 82070, 20860: 63882, 20861: 63882, 20862: 82070, 20863: 82070, 20864: 395, 20872: 953, 20873: 226, 20874: 0, 20875: 64727, 20876: 805, 20877: 63882, 20881: 64727, 20883: 70500, 20884: 82070, 20885: 1391, 20886: 67720, 20887: 1457, 20888: 82070, 20889: 1502, 20890: 91053, 20891: 1391, 20892: 72039, 20894: 765, 20895: 44206, 20897: 85669, 20900: 1167, 20901: 68650, 20902: 83288, 20904: 1188, 20905: 73383, 20906: 849, 20907: 1188, 20909: 65877, 20910: 72051, 20911: 1107, 20913: 73383, 20916: 1116, 20917: 84328, 20918: 69990, 20919: 84328, 20921: 63099, 20922: 82070, 20923: 57381, 20925: 1294, 20926: 65941, 20928: 1300, 20929: 51797, 20930: 0, 20931: 1223, 20932: 64790, 20933: 743, 20934: 1193, 20935: 63882, 20936: 65941, 20937: 67720, 20938: 1193, 20939: 395, 20940: 65161, 20941: 87001, 20942: 75379, 20943: 57290, 20944: 59008, 20948: 65877, 20949: 1193, 20950: 63882, 20951: 64790, 20953: 64727, 20954: 48922, 20955: 1116, 20956: 58096, 20958: 63756, 20959: 87001, 20960: 1399, 20961: 1502, 20962: 184, 20963: 146, 20964: 72039, 20965: 65941, 20966: 59008, 20967: 85710, 20968: 75453, 20969: 1300, 20970: 72039, 20971: 59008, 20973: 1054, 20974: 63756, 20975: 58096, 20977: 1399, 20978: 1502, 20979: 1193, 20980: 63756, 20981: 57070, 20982: 83288, 20983: 57972, 20985: 83288, 20986: 1167, 20987: 0, 20988: 63756, 20990: 57972, 20992: 57417, 20993: 83288, 20995: 85710, 20997: 72039, 20998: 63882, 20999: 57972, 21000: 82070, 21001: 78631, 21002: 1167, 21003: 57972, 21005: 83288, 21006: 57070, 21007: 1300, 21008: 69995, 21009: 57972, 21011: 87001, 21012: 84328, 21013: 57639, 21014: 65877, 21015: 91053, 21016: 146, 21017: 85700, 21018: 35245, 21019: 63756, 21020: 68173, 21021: 1188, 21022: 63270, 21023: 1457, 21028: 86055, 21030: 85700, 21032: 54448, 21033: 728, 21034: 57417, 21035: 1399, 21036: 91896, 21037: 2048, 21038: 1457, 21039: 1300, 21041: 72051, 21043: 146, 21045: 75453, 21047: 57290, 21050: 57639, 21053: 1294, 21055: 82080, 21056: 57381, 21057: 449, 21058: 63756, 21059: 1107, 21060: 1107, 21061: 78645, 21062: 1014, 21063: 46494, 21064: 1014, 21065: 1188, 21066: 1259, 21067: 683, 21068: 72051, 21069: 72051, 21070: 57290, 21072: 71117, 21073: 69995, 21074: 1617, 21075: 78645, 21077: 1540, 21084: 67720, 21085: 2114, 21086: 89226, 21087: 87984, 21091: 1012, 21092: 78631, 21093: 63270, 21096: 2114, 21097: 53429, 21098: 65941, 21099: 2114, 21100: 2076, 21101: 57649, 21102: 80140, 21103: 1457, 21104: 51797, 21105: 88653, 21106: 2346, 21107: 62344, 21108: 2346, 21109: 2114, 21110: 90942, 21112: 75379, 21113: 88653, 21115: 2346, 21116: 80140, 21117: 57649, 21118: 88486, 21119: 2076, 21120: 2076, 21121: 74355, 21123: 57649, 21124: 2076, 21125: 53429, 21126: 57649, 21127: 74355, 21128: 57649, 21129: 2114, 21130: 74355, 21132: 53429, 21133: 87984, 21134: 57649, 21135: 88653, 21136: 74355, 21138: 53429, 21139: 88653, 21140: 53429, 21141: 80140, 21142: 2346, 21143: 57649, 21144: 2114, 21145: 88653, 21146: 89226, 21147: 53429, 21148: 2114, 21149: 2076, 21150: 86213, 21151: 87984, 21153: 2114, 21154: 44206, 21155: 86157, 21156: 80140, 21157: 1188, 21159: 89226, 21163: 146, 21164: 86157, 21165: 88653, 21166: 88653, 21167: 80140, 21168: 2114, 21170: 88653, 21171: 53429, 21172: 57649, 21173: 56939, 21174: 90998, 21175: 1223, 21176: 56939, 21177: 56939, 21178: 57649, 21179: 86213, 21180: 90998, 21181: 86213, 21182: 86157, 21184: 56939, 21185: 86213, 21186: 86213, 21187: 0, 21188: 0, 21189: 0, 21190: 78631, 21191: 184, 21192: 59008, 21193: 57639, 21194: 0, 21195: 395, 21196: 1489, 21197: 57649, 21198: 74355, 21199: 2076, 21203: 90998, 21205: 74355, 21206: 86213, 21208: 87984, 21209: 89226, 21223: 683, 21226: 683, 21227: 1585, 21228: 68173, 21229: 0, 21230: 69990, 21231: 519, 21232: 57381, 21233: 1259, 21234: 805, 21235: 690, 21236: 71117, 21237: 71117, 21238: 1288, 21239: 805, 21240: 82080, 21241: 395, 21244: 64727, 21249: 0, 21262: 1489, 21265: 68182, 21271: 65161, 21279: 91053, 21280: 57639, 21288: 63756, 21290: 59008, 21298: 72051, 21303: 1457, 21304: 46494, 21305: 1294, 21306: 1167, 21307: 728, 21308: 1294, 21311: 1347, 21312: 88486, 21313: 1054, 21314: 1540, 21315: 1347, 21316: 71117, 21317: 765, 21318: 395, 21319: 1294, 21322: 69985, 21324: 71117, 21325: 550, 21326: 57455, 21327: 519, 21328: 35259, 21329: 805, 21331: 57972, 21333: 51797, 21334: 57455, 21335: 1357, 21336: 765, 21338: 1054, 21339: 1457, 21340: 1294, 21341: 765, 21344: 1288, 21345: 0, 21346: 57309, 21348: 63099, 21349: 0, 21351: 1259, 21354: 78626, 21356: 77145, 21357: 85646, 21358: 35245, 21363: 1347, 21366: 65941, 21369: 88486, 21370: 1054, 21378: 70342, 21384: 1188, 21398: 805, 21445: 2114, 21446: 58096, 21447: 1357, 21448: 35259, 21450: 69990, 21454: 48922, 21455: 1014, 21460: 1482, 21462: 1585, 21463: 75453, 21465: 0, 21468: 1391, 21470: 226, 21474: 686, 21475: 1012, 21477: 91896, 21478: 61726, 21479: 1107, 21480: 519, 21481: 1161, 21482: 1161, 21483: 70373, 21484: 69995, 21487: 51797, 21488: 65161, 21489: 91053, 21490: 1259, 21491: 1113, 21492: 1161, 21493: 50453, 21494: 342}",0.0,filho
649017.8750906673,Cruzamento,1733628397.51709,51,"{20331: 1294, 20332: 70342, 20333: 1482, 20334: 82085, 20335: 1294, 20336: 57257, 20337: 65341, 20338: 1182, 20339: 1084, 20340: 57309, 20341: 765, 20342: 2048, 20343: 69242, 20344: 849, 20345: 57257, 20346: 1412, 20347: 63099, 20348: 1084, 20349: 75453, 20350: 63099, 20351: 75453, 20352: 69242, 20353: 70342, 20354: 849, 20355: 1489, 20356: 1489, 20357: 849, 20358: 70342, 20359: 57257, 20360: 2048, 20361: 58096, 20362: 1412, 20363: 1489, 20364: 184, 20365: 1617, 20366: 70171, 20367: 57309, 20368: 90927, 20369: 1617, 20370: 48266, 20371: 70373, 20372: 49332, 20373: 1291, 20378: 1182, 20379: 69990, 20380: 70342, 20381: 57070, 20383: 1583, 20384: 686, 20385: 75421, 20386: 68182, 20387: 75421, 20388: 13699, 20389: 68182, 20392: 1291, 20393: 63099, 20394: 75453, 20395: 48266, 20396: 1543, 20397: 849, 20398: 75421, 20399: 70342, 20400: 58096, 20401: 57455, 20402: 1489, 20403: 1084, 20404: 57455, 20405: 1288, 20406: 519, 20407: 743, 20408: 71117, 20409: 1288, 20410: 57381, 20411: 449, 20412: 226, 20413: 58096, 20414: 1014, 20415: 46494, 20416: 805, 20417: 57290, 20418: 683, 20419: 1617, 20421: 65341, 20422: 82085, 20423: 1585, 20427: 68173, 20428: 78645, 20429: 48922, 20432: 44206, 20433: 1502, 20434: 57290, 20436: 182, 20437: 1188, 20438: 1502, 20439: 57381, 20440: 73383, 20441: 70342, 20442: 57381, 20443: 13828, 20444: 71117, 20445: 683, 20446: 1502, 20447: 71117, 20449: 50588, 20450: 913, 20451: 80479, 20452: 80479, 20453: 35245, 20454: 69995, 20455: 52945, 20456: 70342, 20457: 46793, 20458: 1012, 20459: 51797, 20460: 63756, 20461: 35245, 20462: 64790, 20463: 57257, 20465: 57070, 20466: 63756, 20467: 849, 20468: 743, 20469: 67720, 20471: 1014, 20472: 13828, 20473: 1188, 20475: 67720, 20476: 1259, 20481: 71117, 20482: 35245, 20484: 85646, 20485: 46793, 20486: 913, 20487: 743, 20488: 44206, 20489: 683, 20490: 519, 20491: 78645, 20492: 57381, 20493: 82080, 20494: 91896, 20495: 1585, 20496: 58096, 20497: 54448, 20499: 1054, 20501: 1347, 20503: 35259, 20504: 57070, 20505: 83288, 20506: 1012, 20507: 46494, 20508: 69995, 20509: 1012, 20510: 52945, 20511: 64727, 20512: 54448, 20513: 1291, 20514: 146, 20515: 52945, 20517: 35245, 20518: 226, 20519: 75379, 20520: 69995, 20521: 50588, 20522: 52945, 20523: 1543, 20524: 449, 20525: 728, 20527: 1617, 20528: 44206, 20530: 72051, 20531: 13828, 20532: 1259, 20533: 69990, 20534: 46793, 20535: 75958, 20536: 68173, 20537: 1617, 20538: 690, 20539: 69990, 20540: 1617, 20541: 71117, 20542: 1288, 20543: 449, 20544: 1014, 20545: 1585, 20546: 91896, 20547: 57070, 20549: 80479, 20550: 63270, 20552: 46494, 20553: 71117, 20554: 1288, 20555: 61726, 20556: 78631, 20557: 1391, 20558: 1502, 20559: 1399, 20560: 686, 20561: 46494, 20563: 65877, 20564: 1167, 20565: 85710, 20567: 69990, 20569: 51797, 20570: 743, 20571: 68173, 20572: 1347, 20573: 690, 20574: 67720, 20575: 449, 20576: 728, 20577: 48922, 20578: 1014, 20579: 1347, 20580: 35259, 20581: 75958, 20582: 48922, 20583: 743, 20584: 1347, 20585: 1543, 20587: 1161, 20588: 1012, 20589: 65161, 20590: 395, 20591: 449, 20592: 1188, 20593: 57290, 20594: 690, 20595: 522, 20596: 73383, 20597: 805, 20599: 1012, 20600: 63270, 20601: 63270, 20602: 35245, 20605: 226, 20606: 1161, 20607: 52945, 20608: 58096, 20609: 1173, 20610: 1084, 20611: 65877, 20612: 75453, 20613: 1457, 20614: 57309, 20615: 69995, 20616: 849, 20617: 1167, 20618: 1540, 20619: 765, 20620: 1457, 20621: 1167, 20622: 686, 20624: 1457, 20625: 65877, 20626: 686, 20628: 686, 20630: 66626, 20631: 519, 20633: 1107, 20634: 72051, 20635: 1084, 20636: 913, 20637: 1391, 20638: 146, 20639: 85669, 20640: 57639, 20641: 52945, 20642: 1391, 20643: 1193, 20645: 1391, 20646: 953, 20647: 686, 20648: 58096, 20650: 58096, 20651: 62344, 20652: 686, 20653: 1193, 20654: 85669, 20655: 1412, 20656: 184, 20659: 1585, 20661: 69995, 20662: 70373, 20663: 913, 20669: 522, 20670: 78631, 20671: 57639, 20672: 35259, 20673: 57972, 20675: 61726, 20676: 57972, 20677: 73235, 20678: 62344, 20680: 68173, 20681: 449, 20684: 1347, 20688: 1617, 20689: 69995, 20690: 52945, 20692: 57257, 20693: 85669, 20694: 66626, 20695: 1489, 20696: 1173, 20697: 1182, 20698: 58543, 20699: 63756, 20700: 50588, 20701: 913, 20702: 1167, 20703: 54448, 20704: 66626, 20705: 75379, 20706: 1182, 20707: 70342, 20708: 46494, 20709: 1161, 20710: 1161, 20711: 1543, 20712: 0, 20713: 75421, 20714: 52945, 20715: 690, 20716: 70342, 20717: 57639, 20719: 1585, 20720: 75453, 20721: 913, 20722: 805, 20723: 51797, 20724: 80479, 20725: 85669, 20726: 46793, 20727: 78631, 20729: 1617, 20730: 88486, 20731: 48922, 20732: 1054, 20734: 1288, 20735: 57309, 20736: 1014, 20737: 73383, 20739: 35259, 20740: 57455, 20741: 686, 20742: 1167, 20743: 1116, 20744: 68650, 20746: 69990, 20747: 91053, 20748: 58096, 20749: 69990, 20750: 686, 20751: 1399, 20752: 1502, 20754: 44206, 20757: 1161, 20758: 1012, 20759: 62344, 20761: 1482, 20762: 75453, 20763: 63099, 20764: 1084, 20765: 63099, 20766: 63099, 20768: 184, 20769: 395, 20770: 77145, 20773: 70500, 20774: 1154, 20775: 69990, 20777: 1391, 20778: 70500, 20779: 1399, 20781: 1457, 20782: 49332, 20784: 57290, 20785: 2048, 20786: 70500, 20789: 1347, 20790: 58543, 20791: 70342, 20792: 46793, 20793: 146, 20794: 49332, 20795: 59008, 20796: 1188, 20797: 75421, 20798: 13699, 20799: 70373, 20800: 1482, 20802: 69242, 20803: 85710, 20804: 57309, 20805: 69242, 20806: 1391, 20807: 72051, 20808: 82067, 20809: 1291, 20810: 63099, 20811: 57070, 20813: 48266, 20814: 1482, 20815: 85687, 20816: 57455, 20817: 85687, 20818: 1391, 20819: 1502, 20820: 1167, 20821: 1116, 20822: 85687, 20823: 46494, 20824: 57417, 20825: 75453, 20826: 75379, 20827: 46494, 20828: 184, 20829: 67720, 20831: 57290, 20832: 57639, 20833: 1291, 20834: 728, 20835: 1502, 20836: 1583, 20837: 57070, 20838: 57070, 20840: 2048, 20841: 1412, 20842: 1357, 20843: 226, 20844: 57455, 20845: 65877, 20846: 1300, 20850: 65877, 20852: 90927, 20853: 51797, 20854: 72051, 20856: 46793, 20858: 48266, 20859: 82070, 20860: 63882, 20861: 63882, 20862: 82070, 20863: 82070, 20864: 395, 20872: 953, 20873: 395, 20874: 0, 20875: 91053, 20876: 683, 20877: 83288, 20881: 75379, 20883: 75453, 20884: 57972, 20885: 59008, 20886: 64727, 20887: 1540, 20888: 82070, 20889: 683, 20890: 64727, 20891: 1391, 20892: 82070, 20894: 85669, 20895: 64790, 20897: 1540, 20900: 1457, 20901: 75379, 20902: 72039, 20904: 63099, 20905: 522, 20906: 765, 20907: 1188, 20909: 65877, 20910: 182, 20911: 849, 20913: 72051, 20916: 85669, 20917: 87001, 20918: 73383, 20919: 63882, 20921: 58543, 20922: 82070, 20923: 690, 20925: 1294, 20926: 85700, 20928: 1300, 20929: 51797, 20930: 61726, 20931: 51797, 20932: 1288, 20933: 57290, 20934: 63099, 20935: 82070, 20936: 91053, 20937: 1399, 20938: 1193, 20939: 1502, 20940: 1223, 20941: 72039, 20942: 1399, 20943: 69985, 20944: 1193, 20948: 83288, 20949: 1193, 20950: 87001, 20951: 1300, 20953: 64727, 20954: 68173, 20955: 1457, 20956: 57639, 20958: 57639, 20959: 65877, 20960: 54448, 20961: 1012, 20962: 1300, 20963: 69995, 20964: 72039, 20965: 91053, 20966: 64790, 20967: 1054, 20968: 44206, 20969: 85700, 20970: 57972, 20971: 63756, 20973: 85710, 20974: 59008, 20975: 1154, 20977: 85710, 20978: 63756, 20979: 0, 20980: 63756, 20981: 49332, 20982: 72039, 20983: 1054, 20985: 72039, 20986: 728, 20987: 64790, 20988: 1054, 20990: 85710, 20992: 68650, 20993: 72039, 20995: 1012, 20997: 83288, 20998: 82070, 20999: 87001, 21000: 63882, 21001: 70500, 21002: 57639, 21003: 57972, 21005: 83288, 21006: 72051, 21007: 2048, 21008: 69995, 21009: 65877, 21011: 72039, 21012: 87001, 21013: 57290, 21014: 65877, 21015: 91053, 21016: 72051, 21017: 64790, 21018: 1193, 21019: 184, 21020: 69985, 21021: 1543, 21022: 75379, 21023: 63270, 21028: 86055, 21030: 85700, 21032: 52945, 21033: 35245, 21034: 1154, 21035: 58543, 21036: 35259, 21037: 1223, 21038: 728, 21039: 63270, 21041: 85700, 21043: 67720, 21045: 1188, 21047: 86055, 21050: 83288, 21053: 1294, 21055: 82080, 21056: 1585, 21057: 1107, 21058: 1107, 21059: 395, 21060: 1107, 21061: 46494, 21062: 1502, 21063: 1014, 21064: 57381, 21065: 1543, 21066: 1188, 21067: 683, 21068: 73383, 21069: 46494, 21070: 69990, 21072: 1107, 21073: 1182, 21074: 67720, 21075: 78645, 21077: 1540, 21084: 1617, 21085: 88653, 21086: 90942, 21087: 57649, 21091: 85710, 21092: 58096, 21093: 85646, 21096: 2346, 21097: 74355, 21098: 63756, 21099: 2114, 21100: 2076, 21101: 2346, 21102: 2114, 21103: 1116, 21104: 59008, 21105: 80140, 21106: 2114, 21107: 73235, 21108: 56939, 21109: 56939, 21110: 80140, 21112: 1391, 21113: 89226, 21115: 2114, 21116: 89226, 21117: 80140, 21118: 83288, 21119: 89226, 21120: 2076, 21121: 74355, 21123: 80140, 21124: 88653, 21125: 88653, 21126: 74355, 21127: 56939, 21128: 74355, 21129: 74355, 21130: 53429, 21132: 57649, 21133: 87984, 21134: 53429, 21135: 56939, 21136: 53429, 21138: 57649, 21139: 56939, 21140: 57649, 21141: 86157, 21142: 80140, 21143: 53429, 21144: 2114, 21145: 53429, 21146: 89226, 21147: 88653, 21148: 53429, 21149: 80140, 21150: 80140, 21151: 86213, 21153: 53429, 21154: 1223, 21155: 86157, 21156: 87984, 21157: 1288, 21159: 2346, 21163: 146, 21164: 86157, 21165: 80140, 21166: 90998, 21167: 87984, 21168: 90998, 21170: 90998, 21171: 86213, 21172: 57649, 21173: 2076, 21174: 2114, 21175: 0, 21176: 2076, 21177: 87984, 21178: 88653, 21179: 56939, 21180: 2346, 21181: 57649, 21182: 86157, 21184: 87984, 21185: 0, 21186: 2076, 21187: 0, 21188: 0, 21189: 0, 21190: 63270, 21191: 184, 21192: 1223, 21193: 70500, 21194: 0, 21195: 1167, 21196: 70342, 21197: 74355, 21198: 2114, 21199: 86213, 21203: 2076, 21205: 53429, 21206: 86213, 21208: 87984, 21209: 89226, 21223: 1585, 21226: 1014, 21227: 69985, 21228: 46494, 21229: 395, 21230: 78645, 21231: 395, 21232: 1259, 21233: 683, 21234: 70342, 21235: 1259, 21236: 57381, 21237: 71117, 21238: 1543, 21239: 72051, 21240: 1107, 21241: 1347, 21244: 66626, 21249: 1012, 21262: 57070, 21265: 13699, 21271: 91053, 21279: 59008, 21280: 59008, 21288: 57290, 21290: 51797, 21298: 57639, 21303: 1347, 21304: 35259, 21305: 35259, 21306: 226, 21307: 64790, 21308: 1113, 21311: 1540, 21312: 1294, 21313: 35259, 21314: 88486, 21315: 57417, 21316: 1054, 21317: 1347, 21318: 57455, 21319: 51797, 21322: 690, 21324: 13828, 21325: 13828, 21326: 35259, 21327: 1347, 21328: 519, 21329: 78626, 21331: 72039, 21333: 57455, 21334: 57455, 21335: 226, 21336: 765, 21338: 1502, 21339: 1054, 21340: 1107, 21341: 1294, 21344: 1300, 21345: 72039, 21346: 91053, 21348: 63099, 21349: 0, 21351: 69990, 21354: 519, 21356: 90927, 21357: 75379, 21358: 184, 21363: 57257, 21366: 65941, 21369: 765, 21370: 63756, 21378: 68173, 21384: 44206, 21398: 78626, 21445: 74355, 21446: 62344, 21447: 1347, 21448: 67720, 21450: 1014, 21454: 68173, 21455: 683, 21460: 0, 21462: 82080, 21463: 75453, 21465: 0, 21468: 1391, 21470: 226, 21474: 686, 21475: 1012, 21477: 91896, 21478: 61726, 21479: 1107, 21480: 519, 21481: 1161, 21482: 1161, 21483: 70373, 21484: 69995, 21487: 51797, 21488: 65161, 21489: 91053, 21490: 1259, 21491: 1113, 21492: 1161, 21493: 50453, 21494: 342}",0.0,filho
644836.3126369992,Cruzamento,1733628401.4927213,52,"{20331: 1294, 20332: 70342, 20333: 1482, 20334: 82085, 20335: 1294, 20336: 57257, 20337: 65341, 20338: 1182, 20339: 1084, 20340: 57309, 20341: 765, 20342: 2048, 20343: 69242, 20344: 849, 20345: 63099, 20346: 1583, 20347: 1084, 20348: 69242, 20349: 1291, 20350: 1291, 20351: 46793, 20352: 46793, 20353: 1084, 20354: 75421, 20355: 51797, 20356: 1412, 20357: 1291, 20358: 2048, 20359: 765, 20360: 2048, 20361: 58096, 20362: 1412, 20363: 1489, 20364: 184, 20365: 1617, 20366: 70171, 20367: 57309, 20368: 90927, 20369: 1617, 20370: 48266, 20371: 70373, 20372: 49332, 20373: 1291, 20378: 1182, 20379: 69990, 20380: 70342, 20381: 57070, 20383: 1583, 20384: 686, 20385: 75421, 20386: 68182, 20387: 75421, 20388: 13699, 20389: 68182, 20392: 1291, 20393: 63099, 20394: 75453, 20395: 48266, 20396: 1543, 20397: 849, 20398: 75421, 20399: 70342, 20400: 58096, 20401: 57455, 20402: 1489, 20403: 1084, 20404: 57455, 20405: 1288, 20406: 519, 20407: 743, 20408: 71117, 20409: 1288, 20410: 57381, 20411: 449, 20412: 226, 20413: 58096, 20414: 1014, 20415: 46494, 20416: 805, 20417: 57290, 20418: 683, 20419: 1617, 20421: 65341, 20422: 82085, 20423: 1585, 20427: 68173, 20428: 78645, 20429: 48922, 20432: 44206, 20433: 1502, 20434: 57290, 20436: 182, 20437: 1188, 20438: 1502, 20439: 57381, 20440: 73383, 20441: 70342, 20442: 57381, 20443: 13828, 20444: 71117, 20445: 683, 20446: 1502, 20447: 71117, 20449: 50588, 20450: 913, 20451: 80479, 20452: 80479, 20453: 35245, 20454: 69995, 20455: 52945, 20456: 70342, 20457: 46793, 20458: 1012, 20459: 51797, 20460: 63756, 20461: 35245, 20462: 64790, 20463: 57257, 20465: 57070, 20466: 63756, 20467: 849, 20468: 743, 20469: 67720, 20471: 1014, 20472: 13828, 20473: 1188, 20475: 67720, 20476: 1259, 20481: 71117, 20482: 35245, 20484: 85646, 20485: 46793, 20486: 913, 20487: 743, 20488: 44206, 20489: 683, 20490: 519, 20491: 78645, 20492: 57381, 20493: 82080, 20494: 91896, 20495: 1585, 20496: 58096, 20497: 54448, 20499: 1054, 20501: 1347, 20503: 35259, 20504: 57070, 20505: 83288, 20506: 1012, 20507: 46494, 20508: 69995, 20509: 1012, 20510: 52945, 20511: 64727, 20512: 54448, 20513: 1291, 20514: 146, 20515: 52945, 20517: 35245, 20518: 226, 20519: 75379, 20520: 69995, 20521: 50588, 20522: 52945, 20523: 1543, 20524: 449, 20525: 728, 20527: 1617, 20528: 44206, 20530: 72051, 20531: 13828, 20532: 1259, 20533: 69990, 20534: 46793, 20535: 75958, 20536: 68173, 20537: 1617, 20538: 690, 20539: 69990, 20540: 1617, 20541: 71117, 20542: 1288, 20543: 449, 20544: 1014, 20545: 1585, 20546: 91896, 20547: 57070, 20549: 80479, 20550: 63270, 20552: 46494, 20553: 71117, 20554: 1288, 20555: 61726, 20556: 78631, 20557: 1391, 20558: 1502, 20559: 1399, 20560: 686, 20561: 46494, 20563: 65877, 20564: 1167, 20565: 85710, 20567: 69990, 20569: 51797, 20570: 743, 20571: 68173, 20572: 1347, 20573: 690, 20574: 67720, 20575: 449, 20576: 728, 20577: 48922, 20578: 1014, 20579: 1347, 20580: 35259, 20581: 75958, 20582: 48922, 20583: 743, 20584: 1347, 20585: 1543, 20587: 1161, 20588: 1012, 20589: 65161, 20590: 395, 20591: 449, 20592: 1188, 20593: 57290, 20594: 690, 20595: 522, 20596: 73383, 20597: 805, 20599: 1012, 20600: 63270, 20601: 63270, 20602: 35245, 20605: 226, 20606: 1161, 20607: 52945, 20608: 58096, 20609: 1173, 20610: 1084, 20611: 65877, 20612: 75453, 20613: 1457, 20614: 57309, 20615: 69995, 20616: 849, 20617: 1167, 20618: 1540, 20619: 765, 20620: 1457, 20621: 1167, 20622: 686, 20624: 1457, 20625: 65877, 20626: 686, 20628: 686, 20630: 66626, 20631: 519, 20633: 1107, 20634: 72051, 20635: 1084, 20636: 913, 20637: 1391, 20638: 146, 20639: 85669, 20640: 57639, 20641: 52945, 20642: 1391, 20643: 1193, 20645: 1391, 20646: 953, 20647: 686, 20648: 58096, 20650: 58096, 20651: 62344, 20652: 686, 20653: 1193, 20654: 85669, 20655: 1412, 20656: 184, 20659: 1585, 20661: 69995, 20662: 70373, 20663: 913, 20669: 522, 20670: 78631, 20671: 57639, 20672: 35259, 20673: 57972, 20675: 61726, 20676: 57972, 20677: 73235, 20678: 62344, 20680: 68173, 20681: 449, 20684: 1347, 20688: 1617, 20689: 69995, 20690: 52945, 20692: 57257, 20693: 85669, 20694: 66626, 20695: 1489, 20696: 1173, 20697: 1182, 20698: 58543, 20699: 63756, 20700: 50588, 20701: 913, 20702: 1167, 20703: 54448, 20704: 66626, 20705: 75379, 20706: 1182, 20707: 70342, 20708: 46494, 20709: 1161, 20710: 1161, 20711: 1543, 20712: 0, 20713: 75421, 20714: 52945, 20715: 690, 20716: 70342, 20717: 57639, 20719: 1585, 20720: 75453, 20721: 913, 20722: 805, 20723: 51797, 20724: 80479, 20725: 85669, 20726: 46793, 20727: 78631, 20729: 1617, 20730: 88486, 20731: 48922, 20732: 1054, 20734: 1288, 20735: 57309, 20736: 1014, 20737: 73383, 20739: 35259, 20740: 57455, 20741: 686, 20742: 1167, 20743: 1116, 20744: 68650, 20746: 69990, 20747: 91053, 20748: 58096, 20749: 69990, 20750: 686, 20751: 1399, 20752: 1502, 20754: 44206, 20757: 1161, 20758: 1012, 20759: 62344, 20761: 1482, 20762: 75453, 20763: 63099, 20764: 1084, 20765: 63099, 20766: 63099, 20768: 184, 20769: 395, 20770: 77145, 20773: 70500, 20774: 1154, 20775: 69990, 20777: 1391, 20778: 70500, 20779: 1399, 20781: 1457, 20782: 49332, 20784: 57290, 20785: 2048, 20786: 2048, 20789: 1014, 20790: 1540, 20791: 1412, 20792: 65341, 20793: 1300, 20794: 70342, 20795: 73383, 20796: 1223, 20797: 1084, 20798: 70373, 20799: 13699, 20800: 2048, 20802: 82080, 20803: 75379, 20804: 395, 20805: 70373, 20806: 52945, 20807: 805, 20808: 82067, 20809: 1291, 20810: 46793, 20811: 49332, 20813: 48266, 20814: 1489, 20815: 82067, 20816: 82085, 20817: 82067, 20818: 85669, 20819: 67720, 20820: 78631, 20821: 1167, 20822: 62344, 20823: 1014, 20824: 57070, 20825: 69990, 20826: 67720, 20827: 190, 20828: 1154, 20829: 44206, 20831: 1391, 20832: 190, 20833: 184, 20834: 58543, 20835: 44206, 20836: 1182, 20837: 0, 20838: 78631, 20840: 57257, 20841: 765, 20842: 190, 20843: 1543, 20844: 82085, 20845: 190, 20846: 1167, 20850: 72039, 20852: 1391, 20853: 85710, 20854: 1014, 20856: 0, 20858: 48266, 20859: 82070, 20860: 63882, 20861: 63882, 20862: 82070, 20863: 82070, 20864: 395, 20872: 953, 20873: 35245, 20874: 184, 20875: 70500, 20876: 59008, 20877: 82070, 20881: 57417, 20883: 75379, 20884: 65877, 20885: 85646, 20886: 78631, 20887: 61726, 20888: 65877, 20889: 805, 20890: 57639, 20891: 64727, 20892: 65877, 20894: 1457, 20895: 1300, 20897: 71117, 20900: 61726, 20901: 75379, 20902: 72039, 20904: 184, 20905: 44206, 20906: 57309, 20907: 64790, 20909: 0, 20910: 67720, 20911: 69990, 20913: 522, 20916: 1457, 20917: 82070, 20918: 73383, 20919: 72039, 20921: 72051, 20922: 84328, 20923: 68173, 20925: 1294, 20926: 1188, 20928: 48266, 20929: 51797, 20930: 61726, 20931: 51797, 20932: 59008, 20933: 72051, 20934: 63099, 20935: 84328, 20936: 57639, 20937: 54448, 20938: 63099, 20939: 1107, 20940: 1347, 20941: 63882, 20942: 63756, 20943: 728, 20944: 1391, 20948: 57972, 20949: 64727, 20950: 72039, 20951: 1223, 20953: 59008, 20954: 1585, 20955: 1116, 20956: 1399, 20958: 65161, 20959: 57972, 20960: 146, 20961: 1502, 20962: 1223, 20963: 69995, 20964: 83288, 20965: 57639, 20966: 63099, 20967: 1054, 20968: 64727, 20969: 91053, 20970: 83288, 20971: 1193, 20973: 1054, 20974: 146, 20975: 1188, 20977: 78631, 20978: 57972, 20979: 64790, 20980: 64727, 20981: 67720, 20982: 83288, 20983: 1502, 20985: 87001, 20986: 91053, 20987: 59008, 20988: 85710, 20990: 63756, 20992: 64790, 20993: 87001, 20995: 1012, 20997: 83288, 20998: 82070, 20999: 83288, 21000: 63882, 21001: 1188, 21002: 1167, 21003: 57972, 21005: 72039, 21006: 57417, 21007: 54448, 21008: 953, 21009: 57972, 21011: 72039, 21012: 63882, 21013: 2048, 21014: 87001, 21015: 184, 21016: 65941, 21017: 58543, 21018: 85700, 21019: 75453, 21020: 1617, 21021: 63756, 21022: 2048, 21023: 1167, 21028: 86055, 21030: 85700, 21032: 1543, 21033: 146, 21034: 1167, 21035: 54448, 21036: 449, 21037: 1154, 21038: 85710, 21039: 226, 21041: 52945, 21043: 57417, 21045: 57639, 21047: 86055, 21050: 1182, 21053: 1294, 21055: 1585, 21056: 57381, 21057: 1107, 21058: 58096, 21059: 395, 21060: 1107, 21061: 72051, 21062: 683, 21063: 449, 21064: 1107, 21065: 44206, 21066: 57381, 21067: 1014, 21068: 72051, 21069: 72051, 21070: 57290, 21072: 57381, 21073: 849, 21074: 35259, 21075: 48922, 21077: 1540, 21084: 82080, 21085: 56939, 21086: 90942, 21087: 56939, 21091: 190, 21092: 1399, 21093: 2048, 21096: 2114, 21097: 2114, 21098: 51797, 21099: 87984, 21100: 74355, 21101: 80140, 21102: 56939, 21103: 1116, 21104: 1193, 21105: 88653, 21106: 74355, 21107: 61726, 21108: 53429, 21109: 2114, 21110: 89226, 21112: 75453, 21113: 2346, 21115: 89226, 21116: 53429, 21117: 74355, 21118: 35259, 21119: 74355, 21120: 2076, 21121: 88653, 21123: 80140, 21124: 88653, 21125: 2114, 21126: 2114, 21127: 74355, 21128: 53429, 21129: 57649, 21130: 74355, 21132: 53429, 21133: 90998, 21134: 53429, 21135: 89226, 21136: 2114, 21138: 57649, 21139: 88653, 21140: 74355, 21141: 56939, 21142: 89226, 21143: 53429, 21144: 2114, 21145: 2346, 21146: 89226, 21147: 88653, 21148: 53429, 21149: 86213, 21150: 80140, 21151: 87984, 21153: 80140, 21154: 146, 21155: 86213, 21156: 56939, 21157: 1188, 21159: 2076, 21163: 1223, 21164: 2076, 21165: 90998, 21166: 2346, 21167: 56939, 21168: 88653, 21170: 80140, 21171: 2076, 21172: 87984, 21173: 2076, 21174: 90998, 21175: 57417, 21176: 57649, 21177: 86157, 21178: 86213, 21179: 80140, 21180: 2346, 21181: 86213, 21182: 86157, 21184: 86157, 21185: 80140, 21186: 86213, 21187: 0, 21188: 0, 21189: 0, 21190: 91053, 21191: 184, 21192: 65941, 21193: 146, 21194: 0, 21195: 1300, 21196: 58096, 21197: 53429, 21198: 2114, 21199: 2076, 21203: 86213, 21205: 2346, 21206: 90998, 21208: 87984, 21209: 89226, 21223: 743, 21226: 683, 21227: 449, 21228: 57290, 21229: 519, 21230: 57290, 21231: 1107, 21232: 57381, 21233: 82080, 21234: 82080, 21235: 522, 21236: 82080, 21237: 57290, 21238: 71117, 21239: 0, 21240: 805, 21241: 46494, 21244: 1173, 21249: 80479, 21262: 1391, 21265: 75421, 21271: 75453, 21279: 91053, 21280: 57639, 21288: 1188, 21290: 65941, 21298: 52945, 21303: 57455, 21304: 226, 21305: 88486, 21306: 1457, 21307: 226, 21308: 765, 21311: 46494, 21312: 63756, 21313: 35259, 21314: 88486, 21315: 64790, 21316: 63756, 21317: 1113, 21318: 64790, 21319: 1347, 21322: 82080, 21324: 395, 21325: 78626, 21326: 13828, 21327: 395, 21328: 13828, 21329: 550, 21331: 65877, 21333: 51797, 21334: 57455, 21335: 1113, 21336: 85669, 21338: 226, 21339: 71117, 21340: 1457, 21341: 1294, 21344: 51797, 21345: 0, 21346: 70500, 21348: 1193, 21349: 0, 21351: 72051, 21354: 13828, 21356: 57309, 21357: 64727, 21358: 226, 21363: 1412, 21366: 51797, 21369: 1347, 21370: 1357, 21378: 1014, 21384: 46494, 21398: 550, 21445: 53429, 21446: 57070, 21447: 1399, 21448: 69990, 21450: 78645, 21454: 48922, 21455: 1014, 21460: 1482, 21462: 1585, 21463: 75453, 21465: 0, 21468: 1391, 21470: 226, 21474: 686, 21475: 1012, 21477: 91896, 21478: 61726, 21479: 1107, 21480: 519, 21481: 1161, 21482: 1161, 21483: 70373, 21484: 69995, 21487: 51797, 21488: 65161, 21489: 91053, 21490: 1259, 21491: 1113, 21492: 1161, 21493: 50453, 21494: 342}",0.0,filho
646269.5920706666,Cruzamento,1733628404.593537,53,"{20331: 57070, 20332: 1182, 20333: 57309, 20334: 65341, 20335: 1412, 20336: 1412, 20337: 1084, 20338: 1482, 20339: 1617, 20340: 49332, 20341: 1583, 20342: 69242, 20343: 69990, 20344: 1182, 20345: 70342, 20346: 1084, 20347: 1489, 20348: 48266, 20349: 1347, 20350: 69990, 20351: 1347, 20352: 57309, 20353: 57257, 20354: 46793, 20355: 1347, 20356: 849, 20357: 1583, 20358: 2048, 20359: 1291, 20360: 765, 20361: 75421, 20362: 1489, 20363: 1412, 20364: 70342, 20365: 70171, 20366: 70171, 20367: 77145, 20368: 65341, 20369: 75453, 20370: 48266, 20371: 1347, 20372: 46793, 20373: 1617, 20378: 65341, 20379: 75421, 20380: 1489, 20381: 1182, 20383: 57257, 20384: 63099, 20385: 57257, 20386: 13699, 20387: 70342, 20388: 1084, 20389: 75421, 20392: 849, 20393: 69242, 20394: 51797, 20395: 48266, 20396: 449, 20397: 1583, 20398: 765, 20399: 44206, 20400: 46793, 20401: 1412, 20402: 48266, 20403: 184, 20404: 743, 20405: 82080, 20406: 728, 20407: 395, 20408: 449, 20409: 35259, 20410: 690, 20411: 67720, 20412: 75379, 20413: 1482, 20414: 67720, 20415: 71117, 20416: 70342, 20417: 57381, 20418: 82080, 20419: 519, 20421: 1294, 20422: 1489, 20423: 1585, 20427: 44206, 20428: 57381, 20429: 449, 20432: 1543, 20433: 449, 20434: 46494, 20436: 805, 20437: 69242, 20438: 69990, 20439: 1259, 20440: 743, 20441: 46494, 20442: 69985, 20443: 690, 20444: 82080, 20445: 805, 20446: 67720, 20447: 78645, 20449: 1012, 20450: 69995, 20451: 80479, 20452: 57455, 20453: 57455, 20454: 52945, 20455: 913, 20456: 50588, 20457: 51797, 20458: 913, 20459: 1161, 20460: 1585, 20461: 63270, 20462: 69995, 20463: 49332, 20465: 65341, 20466: 1012, 20467: 1291, 20468: 1107, 20469: 1259, 20471: 57381, 20472: 57381, 20473: 743, 20475: 72051, 20476: 1617, 20481: 1107, 20482: 75379, 20484: 52945, 20485: 75379, 20486: 54448, 20487: 449, 20488: 1188, 20489: 69990, 20490: 70342, 20491: 67720, 20492: 805, 20493: 1107, 20494: 46494, 20495: 683, 20496: 75453, 20497: 50588, 20499: 65877, 20501: 44206, 20503: 57639, 20504: 69990, 20505: 62344, 20506: 85710, 20507: 1357, 20508: 1161, 20509: 50588, 20510: 913, 20511: 85646, 20512: 70342, 20513: 1291, 20514: 64790, 20515: 913, 20517: 69995, 20518: 69995, 20519: 63270, 20520: 52945, 20521: 65161, 20522: 1161, 20523: 1259, 20524: 68173, 20525: 519, 20527: 82080, 20528: 1502, 20530: 46494, 20531: 59008, 20532: 805, 20533: 75421, 20534: 65161, 20535: 48922, 20536: 44206, 20537: 69985, 20538: 69990, 20539: 449, 20540: 690, 20541: 1617, 20542: 75958, 20543: 48922, 20544: 728, 20545: 91896, 20546: 71117, 20547: 64790, 20549: 80479, 20550: 51797, 20552: 1288, 20553: 1502, 20554: 57290, 20555: 62344, 20556: 65877, 20557: 75379, 20558: 1107, 20559: 1391, 20560: 65877, 20561: 85710, 20563: 1167, 20564: 57070, 20565: 69990, 20567: 849, 20569: 52945, 20570: 91896, 20571: 1585, 20572: 1288, 20573: 35259, 20574: 48922, 20575: 44206, 20576: 75958, 20577: 69985, 20578: 1347, 20579: 71117, 20580: 68173, 20581: 1014, 20582: 35259, 20583: 1288, 20584: 71117, 20585: 2048, 20587: 1012, 20588: 63270, 20589: 52945, 20590: 82080, 20591: 57455, 20592: 683, 20593: 805, 20594: 72051, 20595: 59008, 20596: 1347, 20597: 1585, 20599: 64727, 20600: 49332, 20601: 75379, 20602: 35245, 20605: 35245, 20606: 50588, 20607: 913, 20608: 57417, 20609: 1585, 20610: 1482, 20611: 1107, 20612: 686, 20613: 57309, 20614: 1167, 20615: 75453, 20616: 953, 20617: 61726, 20618: 85669, 20619: 1182, 20620: 1054, 20621: 1457, 20622: 849, 20624: 226, 20625: 1457, 20626: 69995, 20628: 1540, 20630: 69995, 20631: 449, 20633: 69242, 20634: 73383, 20635: 1583, 20636: 54448, 20637: 1583, 20638: 226, 20639: 1391, 20640: 52945, 20641: 85669, 20642: 62344, 20643: 1391, 20645: 52945, 20646: 85669, 20647: 57639, 20648: 686, 20650: 686, 20651: 1193, 20652: 58096, 20653: 1391, 20654: 953, 20655: 1482, 20656: 1084, 20659: 70342, 20661: 64727, 20662: 57309, 20663: 1161, 20669: 69242, 20670: 65877, 20671: 1540, 20672: 57972, 20673: 57639, 20675: 78631, 20676: 78631, 20677: 61726, 20678: 75379, 20680: 69990, 20681: 1188, 20684: 1543, 20688: 805, 20689: 50588, 20690: 64727, 20692: 1182, 20693: 58096, 20694: 913, 20695: 75453, 20696: 75379, 20697: 184, 20698: 85669, 20699: 70342, 20700: 54448, 20701: 54448, 20702: 1288, 20703: 66626, 20704: 1173, 20705: 50588, 20706: 57309, 20707: 54448, 20708: 1399, 20709: 1161, 20710: 1161, 20711: 1014, 20712: 0, 20713: 57257, 20714: 52945, 20715: 57290, 20716: 913, 20717: 58543, 20719: 54448, 20720: 75453, 20721: 1012, 20722: 46494, 20723: 1489, 20724: 80479, 20725: 78631, 20726: 46793, 20727: 62344, 20729: 48266, 20730: 1113, 20731: 743, 20732: 765, 20734: 690, 20735: 65877, 20736: 522, 20737: 44206, 20739: 65877, 20740: 1188, 20741: 1357, 20742: 1116, 20743: 78631, 20744: 69995, 20746: 69990, 20747: 57309, 20748: 1107, 20749: 57639, 20750: 849, 20751: 1012, 20752: 190, 20754: 743, 20757: 1585, 20758: 54448, 20759: 57639, 20761: 70373, 20762: 1084, 20763: 63099, 20764: 1617, 20765: 1347, 20766: 70373, 20768: 0, 20769: 519, 20770: 77145, 20773: 1347, 20774: 57290, 20775: 58096, 20777: 1182, 20778: 2048, 20779: 70500, 20781: 57290, 20782: 67720, 20784: 57070, 20785: 57070, 20786: 1167, 20789: 728, 20790: 58543, 20791: 184, 20792: 82085, 20793: 70500, 20794: 49332, 20795: 69242, 20796: 68650, 20797: 2048, 20798: 70373, 20799: 69242, 20800: 1482, 20802: 57381, 20803: 68650, 20804: 68650, 20805: 13699, 20806: 58543, 20807: 57381, 20808: 85687, 20809: 58096, 20810: 46793, 20811: 48266, 20813: 49332, 20814: 49332, 20815: 82067, 20816: 57309, 20817: 82067, 20818: 58096, 20819: 1502, 20820: 85669, 20821: 78631, 20822: 1399, 20823: 1014, 20824: 226, 20825: 849, 20826: 85710, 20827: 62344, 20828: 63270, 20829: 1259, 20831: 1391, 20832: 1399, 20833: 1617, 20834: 86055, 20835: 62344, 20836: 849, 20837: 0, 20838: 1347, 20840: 1583, 20841: 57455, 20842: 83288, 20843: 57290, 20844: 1482, 20845: 57639, 20846: 1223, 20850: 87001, 20852: 57309, 20853: 1457, 20854: 1585, 20856: 686, 20858: 70373, 20859: 82070, 20860: 63882, 20861: 63882, 20862: 82070, 20863: 82070, 20864: 395, 20872: 953, 20873: 226, 20874: 0, 20875: 64727, 20876: 805, 20877: 63882, 20881: 64727, 20883: 70500, 20884: 82070, 20885: 1391, 20886: 67720, 20887: 1457, 20888: 82070, 20889: 1502, 20890: 91053, 20891: 1391, 20892: 72039, 20894: 765, 20895: 44206, 20897: 85669, 20900: 1167, 20901: 68650, 20902: 83288, 20904: 1188, 20905: 73383, 20906: 849, 20907: 1188, 20909: 65877, 20910: 72051, 20911: 1107, 20913: 73383, 20916: 1116, 20917: 84328, 20918: 69990, 20919: 84328, 20921: 63099, 20922: 82070, 20923: 57381, 20925: 1294, 20926: 65941, 20928: 1300, 20929: 51797, 20930: 0, 20931: 1223, 20932: 64790, 20933: 743, 20934: 1193, 20935: 63882, 20936: 65941, 20937: 67720, 20938: 1193, 20939: 395, 20940: 65161, 20941: 87001, 20942: 75379, 20943: 57290, 20944: 59008, 20948: 65877, 20949: 1193, 20950: 63882, 20951: 64790, 20953: 64727, 20954: 48922, 20955: 1116, 20956: 58096, 20958: 63756, 20959: 87001, 20960: 1399, 20961: 1502, 20962: 184, 20963: 146, 20964: 72039, 20965: 65941, 20966: 59008, 20967: 85710, 20968: 75453, 20969: 1300, 20970: 72039, 20971: 59008, 20973: 1054, 20974: 59008, 20975: 1154, 20977: 85710, 20978: 63756, 20979: 0, 20980: 63756, 20981: 49332, 20982: 72039, 20983: 1054, 20985: 72039, 20986: 728, 20987: 64790, 20988: 1054, 20990: 85710, 20992: 68650, 20993: 72039, 20995: 1012, 20997: 83288, 20998: 82070, 20999: 87001, 21000: 63882, 21001: 70500, 21002: 57639, 21003: 57972, 21005: 83288, 21006: 72051, 21007: 2048, 21008: 69995, 21009: 65877, 21011: 72039, 21012: 87001, 21013: 57290, 21014: 65877, 21015: 91053, 21016: 72051, 21017: 64790, 21018: 1193, 21019: 184, 21020: 69985, 21021: 1543, 21022: 75379, 21023: 63270, 21028: 86055, 21030: 85700, 21032: 52945, 21033: 35245, 21034: 1154, 21035: 58543, 21036: 35259, 21037: 1223, 21038: 728, 21039: 63270, 21041: 85700, 21043: 67720, 21045: 1188, 21047: 86055, 21050: 83288, 21053: 1294, 21055: 82080, 21056: 1585, 21057: 1107, 21058: 1107, 21059: 395, 21060: 1107, 21061: 46494, 21062: 1502, 21063: 1014, 21064: 57381, 21065: 1543, 21066: 1188, 21067: 683, 21068: 73383, 21069: 46494, 21070: 69990, 21072: 1107, 21073: 1182, 21074: 67720, 21075: 78645, 21077: 1540, 21084: 1617, 21085: 2114, 21086: 89226, 21087: 87984, 21091: 1012, 21092: 78631, 21093: 63270, 21096: 2114, 21097: 53429, 21098: 65941, 21099: 2114, 21100: 2076, 21101: 57649, 21102: 80140, 21103: 1457, 21104: 51797, 21105: 88653, 21106: 2346, 21107: 62344, 21108: 2346, 21109: 2114, 21110: 90942, 21112: 75379, 21113: 88653, 21115: 2346, 21116: 80140, 21117: 57649, 21118: 88486, 21119: 2076, 21120: 2076, 21121: 74355, 21123: 57649, 21124: 2076, 21125: 53429, 21126: 57649, 21127: 56939, 21128: 74355, 21129: 74355, 21130: 53429, 21132: 57649, 21133: 87984, 21134: 53429, 21135: 56939, 21136: 53429, 21138: 57649, 21139: 56939, 21140: 57649, 21141: 86157, 21142: 80140, 21143: 53429, 21144: 2114, 21145: 53429, 21146: 89226, 21147: 88653, 21148: 53429, 21149: 80140, 21150: 80140, 21151: 86213, 21153: 53429, 21154: 1223, 21155: 86157, 21156: 87984, 21157: 1288, 21159: 2346, 21163: 146, 21164: 86157, 21165: 80140, 21166: 90998, 21167: 87984, 21168: 90998, 21170: 90998, 21171: 86213, 21172: 57649, 21173: 2076, 21174: 2114, 21175: 0, 21176: 2076, 21177: 87984, 21178: 88653, 21179: 56939, 21180: 2346, 21181: 57649, 21182: 86157, 21184: 87984, 21185: 0, 21186: 2076, 21187: 0, 21188: 0, 21189: 0, 21190: 63270, 21191: 184, 21192: 1223, 21193: 70500, 21194: 0, 21195: 1167, 21196: 70342, 21197: 74355, 21198: 2114, 21199: 86213, 21203: 2076, 21205: 53429, 21206: 86213, 21208: 87984, 21209: 89226, 21223: 1585, 21226: 1014, 21227: 69985, 21228: 46494, 21229: 395, 21230: 78645, 21231: 395, 21232: 1259, 21233: 683, 21234: 70342, 21235: 1259, 21236: 57381, 21237: 71117, 21238: 1543, 21239: 72051, 21240: 1107, 21241: 1347, 21244: 66626, 21249: 1012, 21262: 57070, 21265: 13699, 21271: 91053, 21279: 59008, 21280: 59008, 21288: 57290, 21290: 51797, 21298: 57639, 21303: 1347, 21304: 35259, 21305: 35259, 21306: 226, 21307: 64790, 21308: 1113, 21311: 1540, 21312: 1294, 21313: 35259, 21314: 88486, 21315: 57417, 21316: 1054, 21317: 1347, 21318: 57455, 21319: 51797, 21322: 690, 21324: 13828, 21325: 13828, 21326: 35259, 21327: 1347, 21328: 519, 21329: 78626, 21331: 72039, 21333: 57455, 21334: 57455, 21335: 226, 21336: 765, 21338: 1502, 21339: 1054, 21340: 1107, 21341: 1294, 21344: 1300, 21345: 72039, 21346: 91053, 21348: 63099, 21349: 0, 21351: 69990, 21354: 519, 21356: 90927, 21357: 75379, 21358: 184, 21363: 57257, 21366: 65941, 21369: 765, 21370: 63756, 21378: 68173, 21384: 44206, 21398: 78626, 21445: 74355, 21446: 62344, 21447: 1347, 21448: 67720, 21450: 1014, 21454: 68173, 21455: 683, 21460: 0, 21462: 82080, 21463: 75453, 21465: 0, 21468: 1391, 21470: 226, 21474: 686, 21475: 1012, 21477: 91896, 21478: 61726, 21479: 1107, 21480: 519, 21481: 1161, 21482: 1161, 21483: 70373, 21484: 69995, 21487: 51797, 21488: 65161, 21489: 91053, 21490: 1259, 21491: 1113, 21492: 1161, 21493: 50453, 21494: 342}",0.0,duplicado
649017.8750906673,Cruzamento,1733628404.593537,53,"{20331: 1294, 20332: 70342, 20333: 1482, 20334: 82085, 20335: 1294, 20336: 57257, 20337: 65341, 20338: 1182, 20339: 1084, 20340: 57309, 20341: 765, 20342: 2048, 20343: 69242, 20344: 849, 20345: 57257, 20346: 1412, 20347: 63099, 20348: 1084, 20349: 75453, 20350: 63099, 20351: 75453, 20352: 69242, 20353: 70342, 20354: 849, 20355: 1489, 20356: 1489, 20357: 849, 20358: 70342, 20359: 57257, 20360: 2048, 20361: 58096, 20362: 1412, 20363: 1489, 20364: 184, 20365: 1617, 20366: 70171, 20367: 57309, 20368: 90927, 20369: 1617, 20370: 48266, 20371: 70373, 20372: 49332, 20373: 1291, 20378: 1182, 20379: 69990, 20380: 70342, 20381: 57070, 20383: 1583, 20384: 686, 20385: 75421, 20386: 68182, 20387: 75421, 20388: 13699, 20389: 68182, 20392: 1291, 20393: 63099, 20394: 75453, 20395: 48266, 20396: 1543, 20397: 849, 20398: 75421, 20399: 70342, 20400: 58096, 20401: 57455, 20402: 1489, 20403: 1084, 20404: 57455, 20405: 1288, 20406: 519, 20407: 743, 20408: 71117, 20409: 1288, 20410: 57381, 20411: 449, 20412: 226, 20413: 58096, 20414: 1014, 20415: 46494, 20416: 805, 20417: 57290, 20418: 683, 20419: 1617, 20421: 65341, 20422: 82085, 20423: 1585, 20427: 68173, 20428: 78645, 20429: 48922, 20432: 44206, 20433: 1502, 20434: 57290, 20436: 182, 20437: 1188, 20438: 1502, 20439: 57381, 20440: 73383, 20441: 70342, 20442: 57381, 20443: 13828, 20444: 71117, 20445: 683, 20446: 1502, 20447: 71117, 20449: 50588, 20450: 913, 20451: 80479, 20452: 80479, 20453: 35245, 20454: 69995, 20455: 52945, 20456: 70342, 20457: 46793, 20458: 1012, 20459: 51797, 20460: 63756, 20461: 35245, 20462: 64790, 20463: 57257, 20465: 57070, 20466: 63756, 20467: 849, 20468: 743, 20469: 67720, 20471: 1014, 20472: 13828, 20473: 1188, 20475: 67720, 20476: 1259, 20481: 71117, 20482: 35245, 20484: 85646, 20485: 46793, 20486: 913, 20487: 743, 20488: 44206, 20489: 683, 20490: 519, 20491: 78645, 20492: 57381, 20493: 82080, 20494: 91896, 20495: 1585, 20496: 58096, 20497: 54448, 20499: 1054, 20501: 1347, 20503: 35259, 20504: 57070, 20505: 83288, 20506: 1012, 20507: 46494, 20508: 69995, 20509: 1012, 20510: 52945, 20511: 64727, 20512: 54448, 20513: 1291, 20514: 146, 20515: 52945, 20517: 35245, 20518: 226, 20519: 75379, 20520: 69995, 20521: 50588, 20522: 52945, 20523: 1543, 20524: 449, 20525: 728, 20527: 1617, 20528: 44206, 20530: 72051, 20531: 13828, 20532: 1259, 20533: 69990, 20534: 46793, 20535: 75958, 20536: 68173, 20537: 1617, 20538: 690, 20539: 69990, 20540: 1617, 20541: 71117, 20542: 1288, 20543: 449, 20544: 1014, 20545: 1585, 20546: 91896, 20547: 57070, 20549: 80479, 20550: 63270, 20552: 46494, 20553: 71117, 20554: 1288, 20555: 61726, 20556: 78631, 20557: 1391, 20558: 1502, 20559: 1399, 20560: 686, 20561: 46494, 20563: 65877, 20564: 1167, 20565: 85710, 20567: 69990, 20569: 51797, 20570: 743, 20571: 68173, 20572: 1347, 20573: 690, 20574: 67720, 20575: 449, 20576: 728, 20577: 48922, 20578: 1014, 20579: 1347, 20580: 35259, 20581: 75958, 20582: 48922, 20583: 743, 20584: 1347, 20585: 1543, 20587: 1161, 20588: 1012, 20589: 65161, 20590: 395, 20591: 449, 20592: 1188, 20593: 57290, 20594: 690, 20595: 522, 20596: 73383, 20597: 805, 20599: 1012, 20600: 63270, 20601: 63270, 20602: 35245, 20605: 226, 20606: 1161, 20607: 52945, 20608: 58096, 20609: 1173, 20610: 1084, 20611: 65877, 20612: 75453, 20613: 1457, 20614: 57309, 20615: 69995, 20616: 849, 20617: 1167, 20618: 1540, 20619: 765, 20620: 1457, 20621: 1167, 20622: 686, 20624: 1457, 20625: 65877, 20626: 686, 20628: 686, 20630: 66626, 20631: 519, 20633: 1107, 20634: 72051, 20635: 1084, 20636: 913, 20637: 1391, 20638: 146, 20639: 85669, 20640: 57639, 20641: 52945, 20642: 1391, 20643: 1193, 20645: 1391, 20646: 953, 20647: 686, 20648: 58096, 20650: 58096, 20651: 62344, 20652: 686, 20653: 1193, 20654: 85669, 20655: 1412, 20656: 184, 20659: 1585, 20661: 69995, 20662: 70373, 20663: 913, 20669: 522, 20670: 78631, 20671: 57639, 20672: 35259, 20673: 57972, 20675: 61726, 20676: 57972, 20677: 73235, 20678: 62344, 20680: 68173, 20681: 449, 20684: 1347, 20688: 1617, 20689: 69995, 20690: 52945, 20692: 57257, 20693: 85669, 20694: 66626, 20695: 1489, 20696: 1173, 20697: 1182, 20698: 58543, 20699: 63756, 20700: 50588, 20701: 913, 20702: 1167, 20703: 54448, 20704: 66626, 20705: 75379, 20706: 1182, 20707: 70342, 20708: 46494, 20709: 1161, 20710: 1161, 20711: 1543, 20712: 0, 20713: 75421, 20714: 52945, 20715: 690, 20716: 70342, 20717: 57639, 20719: 1585, 20720: 75453, 20721: 913, 20722: 805, 20723: 51797, 20724: 80479, 20725: 85669, 20726: 46793, 20727: 78631, 20729: 1617, 20730: 88486, 20731: 48922, 20732: 1054, 20734: 1288, 20735: 57309, 20736: 1014, 20737: 73383, 20739: 35259, 20740: 57455, 20741: 686, 20742: 1167, 20743: 1116, 20744: 68650, 20746: 69990, 20747: 91053, 20748: 58096, 20749: 69990, 20750: 686, 20751: 1399, 20752: 1502, 20754: 44206, 20757: 1161, 20758: 1012, 20759: 62344, 20761: 1482, 20762: 75453, 20763: 63099, 20764: 1084, 20765: 63099, 20766: 63099, 20768: 184, 20769: 395, 20770: 77145, 20773: 70500, 20774: 1154, 20775: 69990, 20777: 1391, 20778: 70500, 20779: 1399, 20781: 1457, 20782: 49332, 20784: 57290, 20785: 2048, 20786: 70500, 20789: 1347, 20790: 58543, 20791: 70342, 20792: 46793, 20793: 146, 20794: 49332, 20795: 59008, 20796: 1188, 20797: 75421, 20798: 13699, 20799: 70373, 20800: 1482, 20802: 69242, 20803: 85710, 20804: 57309, 20805: 69242, 20806: 1391, 20807: 72051, 20808: 82067, 20809: 1291, 20810: 63099, 20811: 57070, 20813: 48266, 20814: 1482, 20815: 85687, 20816: 57455, 20817: 85687, 20818: 1391, 20819: 1502, 20820: 1167, 20821: 1116, 20822: 85687, 20823: 46494, 20824: 57417, 20825: 75453, 20826: 75379, 20827: 46494, 20828: 184, 20829: 67720, 20831: 57290, 20832: 57639, 20833: 1291, 20834: 728, 20835: 1502, 20836: 1583, 20837: 57070, 20838: 57070, 20840: 2048, 20841: 1412, 20842: 1357, 20843: 226, 20844: 57455, 20845: 65877, 20846: 1300, 20850: 65877, 20852: 90927, 20853: 51797, 20854: 72051, 20856: 46793, 20858: 48266, 20859: 82070, 20860: 63882, 20861: 63882, 20862: 82070, 20863: 82070, 20864: 395, 20872: 953, 20873: 395, 20874: 0, 20875: 91053, 20876: 683, 20877: 83288, 20881: 75379, 20883: 75453, 20884: 57972, 20885: 59008, 20886: 64727, 20887: 1540, 20888: 82070, 20889: 683, 20890: 64727, 20891: 1391, 20892: 82070, 20894: 85669, 20895: 64790, 20897: 1540, 20900: 1457, 20901: 75379, 20902: 72039, 20904: 63099, 20905: 522, 20906: 765, 20907: 1188, 20909: 65877, 20910: 182, 20911: 849, 20913: 72051, 20916: 85669, 20917: 87001, 20918: 73383, 20919: 63882, 20921: 58543, 20922: 82070, 20923: 690, 20925: 1294, 20926: 85700, 20928: 1300, 20929: 51797, 20930: 61726, 20931: 51797, 20932: 1288, 20933: 57290, 20934: 63099, 20935: 82070, 20936: 91053, 20937: 1399, 20938: 1193, 20939: 1502, 20940: 1223, 20941: 72039, 20942: 1399, 20943: 69985, 20944: 1193, 20948: 83288, 20949: 1193, 20950: 87001, 20951: 1300, 20953: 64727, 20954: 68173, 20955: 1457, 20956: 57639, 20958: 57639, 20959: 65877, 20960: 54448, 20961: 1012, 20962: 1300, 20963: 69995, 20964: 72039, 20965: 91053, 20966: 64790, 20967: 1054, 20968: 44206, 20969: 85700, 20970: 57972, 20971: 63756, 20973: 85710, 20974: 59008, 20975: 1154, 20977: 85710, 20978: 63756, 20979: 0, 20980: 63756, 20981: 49332, 20982: 72039, 20983: 1054, 20985: 72039, 20986: 728, 20987: 64790, 20988: 1054, 20990: 85710, 20992: 68650, 20993: 72039, 20995: 1012, 20997: 83288, 20998: 82070, 20999: 87001, 21000: 63882, 21001: 70500, 21002: 57639, 21003: 57972, 21005: 83288, 21006: 72051, 21007: 2048, 21008: 69995, 21009: 65877, 21011: 72039, 21012: 87001, 21013: 57290, 21014: 65877, 21015: 91053, 21016: 72051, 21017: 64790, 21018: 1193, 21019: 184, 21020: 69985, 21021: 1543, 21022: 75379, 21023: 63270, 21028: 86055, 21030: 85700, 21032: 52945, 21033: 35245, 21034: 1154, 21035: 58543, 21036: 35259, 21037: 1223, 21038: 728, 21039: 63270, 21041: 85700, 21043: 67720, 21045: 1188, 21047: 86055, 21050: 83288, 21053: 1294, 21055: 82080, 21056: 1585, 21057: 1107, 21058: 1107, 21059: 395, 21060: 1107, 21061: 46494, 21062: 1502, 21063: 1014, 21064: 57381, 21065: 1543, 21066: 1188, 21067: 683, 21068: 73383, 21069: 46494, 21070: 69990, 21072: 1107, 21073: 1182, 21074: 67720, 21075: 78645, 21077: 1540, 21084: 1617, 21085: 88653, 21086: 90942, 21087: 57649, 21091: 85710, 21092: 58096, 21093: 85646, 21096: 2346, 21097: 74355, 21098: 63756, 21099: 2114, 21100: 2076, 21101: 2346, 21102: 2114, 21103: 1116, 21104: 59008, 21105: 80140, 21106: 2114, 21107: 73235, 21108: 56939, 21109: 56939, 21110: 80140, 21112: 1391, 21113: 89226, 21115: 2114, 21116: 89226, 21117: 80140, 21118: 83288, 21119: 89226, 21120: 2076, 21121: 74355, 21123: 80140, 21124: 88653, 21125: 88653, 21126: 74355, 21127: 56939, 21128: 74355, 21129: 74355, 21130: 53429, 21132: 57649, 21133: 87984, 21134: 53429, 21135: 56939, 21136: 53429, 21138: 57649, 21139: 56939, 21140: 57649, 21141: 86157, 21142: 80140, 21143: 53429, 21144: 2114, 21145: 53429, 21146: 89226, 21147: 88653, 21148: 53429, 21149: 80140, 21150: 80140, 21151: 86213, 21153: 53429, 21154: 1223, 21155: 86157, 21156: 87984, 21157: 1288, 21159: 2346, 21163: 146, 21164: 86157, 21165: 80140, 21166: 90998, 21167: 87984, 21168: 90998, 21170: 90998, 21171: 86213, 21172: 57649, 21173: 2076, 21174: 2114, 21175: 0, 21176: 2076, 21177: 87984, 21178: 88653, 21179: 56939, 21180: 2346, 21181: 57649, 21182: 86157, 21184: 87984, 21185: 0, 21186: 2076, 21187: 0, 21188: 0, 21189: 0, 21190: 63270, 21191: 184, 21192: 1223, 21193: 70500, 21194: 0, 21195: 1167, 21196: 70342, 21197: 74355, 21198: 2114, 21199: 86213, 21203: 2076, 21205: 53429, 21206: 86213, 21208: 87984, 21209: 89226, 21223: 1585, 21226: 1014, 21227: 69985, 21228: 46494, 21229: 395, 21230: 78645, 21231: 395, 21232: 1259, 21233: 683, 21234: 70342, 21235: 1259, 21236: 57381, 21237: 71117, 21238: 1543, 21239: 72051, 21240: 1107, 21241: 1347, 21244: 66626, 21249: 1012, 21262: 57070, 21265: 13699, 21271: 91053, 21279: 59008, 21280: 59008, 21288: 57290, 21290: 51797, 21298: 57639, 21303: 1347, 21304: 35259, 21305: 35259, 21306: 226, 21307: 64790, 21308: 1113, 21311: 1540, 21312: 1294, 21313: 35259, 21314: 88486, 21315: 57417, 21316: 1054, 21317: 1347, 21318: 57455, 21319: 51797, 21322: 690, 21324: 13828, 21325: 13828, 21326: 35259, 21327: 1347, 21328: 519, 21329: 78626, 21331: 72039, 21333: 57455, 21334: 57455, 21335: 226, 21336: 765, 21338: 1502, 21339: 1054, 21340: 1107, 21341: 1294, 21344: 1300, 21345: 72039, 21346: 91053, 21348: 63099, 21349: 0, 21351: 69990, 21354: 519, 21356: 90927, 21357: 75379, 21358: 184, 21363: 57257, 21366: 65941, 21369: 765, 21370: 63756, 21378: 68173, 21384: 44206, 21398: 78626, 21445: 74355, 21446: 62344, 21447: 1347, 21448: 67720, 21450: 1014, 21454: 68173, 21455: 683, 21460: 0, 21462: 82080, 21463: 75453, 21465: 0, 21468: 1391, 21470: 226, 21474: 686, 21475: 1012, 21477: 91896, 21478: 61726, 21479: 1107, 21480: 519, 21481: 1161, 21482: 1161, 21483: 70373, 21484: 69995, 21487: 51797, 21488: 65161, 21489: 91053, 21490: 1259, 21491: 1113, 21492: 1161, 21493: 50453, 21494: 342}",0.0,duplicado
645498.7626956668,Cruzamento,1733628406.815388,54,"{20331: 57070, 20332: 1182, 20333: 57309, 20334: 65341, 20335: 1412, 20336: 1412, 20337: 1084, 20338: 1482, 20339: 1617, 20340: 49332, 20341: 1583, 20342: 69242, 20343: 69990, 20344: 1182, 20345: 70342, 20346: 1084, 20347: 1489, 20348: 48266, 20349: 1347, 20350: 69990, 20351: 1347, 20352: 57309, 20353: 57257, 20354: 46793, 20355: 1347, 20356: 849, 20357: 1583, 20358: 2048, 20359: 1291, 20360: 765, 20361: 75421, 20362: 1489, 20363: 1412, 20364: 70342, 20365: 70171, 20366: 70171, 20367: 77145, 20368: 65341, 20369: 75453, 20370: 48266, 20371: 1347, 20372: 46793, 20373: 1617, 20378: 65341, 20379: 75421, 20380: 1489, 20381: 1182, 20383: 57257, 20384: 63099, 20385: 57257, 20386: 13699, 20387: 70342, 20388: 1084, 20389: 75421, 20392: 849, 20393: 69242, 20394: 51797, 20395: 48266, 20396: 449, 20397: 1583, 20398: 765, 20399: 44206, 20400: 46793, 20401: 1412, 20402: 48266, 20403: 184, 20404: 743, 20405: 82080, 20406: 728, 20407: 395, 20408: 449, 20409: 35259, 20410: 690, 20411: 67720, 20412: 75379, 20413: 1482, 20414: 67720, 20415: 71117, 20416: 70342, 20417: 57381, 20418: 82080, 20419: 519, 20421: 1294, 20422: 1489, 20423: 1585, 20427: 44206, 20428: 57381, 20429: 449, 20432: 1543, 20433: 449, 20434: 46494, 20436: 805, 20437: 69242, 20438: 69990, 20439: 1259, 20440: 743, 20441: 46494, 20442: 69985, 20443: 690, 20444: 82080, 20445: 805, 20446: 67720, 20447: 78645, 20449: 1012, 20450: 69995, 20451: 80479, 20452: 57455, 20453: 57455, 20454: 52945, 20455: 913, 20456: 50588, 20457: 51797, 20458: 913, 20459: 1161, 20460: 1585, 20461: 63270, 20462: 69995, 20463: 49332, 20465: 65341, 20466: 1012, 20467: 1291, 20468: 1107, 20469: 1259, 20471: 57381, 20472: 57381, 20473: 743, 20475: 72051, 20476: 1617, 20481: 1107, 20482: 75379, 20484: 52945, 20485: 75379, 20486: 54448, 20487: 449, 20488: 1188, 20489: 69990, 20490: 70342, 20491: 67720, 20492: 805, 20493: 1107, 20494: 46494, 20495: 683, 20496: 75453, 20497: 50588, 20499: 65877, 20501: 44206, 20503: 57639, 20504: 69990, 20505: 62344, 20506: 85710, 20507: 1357, 20508: 1161, 20509: 50588, 20510: 913, 20511: 85646, 20512: 70342, 20513: 1291, 20514: 64790, 20515: 913, 20517: 69995, 20518: 69995, 20519: 63270, 20520: 52945, 20521: 65161, 20522: 1161, 20523: 1259, 20524: 68173, 20525: 519, 20527: 82080, 20528: 1502, 20530: 46494, 20531: 59008, 20532: 805, 20533: 75421, 20534: 65161, 20535: 48922, 20536: 44206, 20537: 69985, 20538: 69990, 20539: 449, 20540: 690, 20541: 1617, 20542: 75958, 20543: 48922, 20544: 728, 20545: 91896, 20546: 71117, 20547: 64790, 20549: 80479, 20550: 51797, 20552: 1288, 20553: 1502, 20554: 57290, 20555: 62344, 20556: 65877, 20557: 75379, 20558: 1107, 20559: 1391, 20560: 65877, 20561: 85710, 20563: 1167, 20564: 57070, 20565: 69990, 20567: 849, 20569: 52945, 20570: 91896, 20571: 1585, 20572: 1288, 20573: 35259, 20574: 48922, 20575: 44206, 20576: 75958, 20577: 69985, 20578: 1347, 20579: 71117, 20580: 68173, 20581: 1014, 20582: 35259, 20583: 1288, 20584: 71117, 20585: 2048, 20587: 1012, 20588: 63270, 20589: 52945, 20590: 82080, 20591: 57455, 20592: 683, 20593: 805, 20594: 72051, 20595: 59008, 20596: 1347, 20597: 1585, 20599: 64727, 20600: 49332, 20601: 75379, 20602: 35245, 20605: 35245, 20606: 50588, 20607: 913, 20608: 57417, 20609: 1585, 20610: 1482, 20611: 1107, 20612: 686, 20613: 57309, 20614: 1167, 20615: 75453, 20616: 953, 20617: 61726, 20618: 85669, 20619: 1182, 20620: 1054, 20621: 1457, 20622: 849, 20624: 226, 20625: 1457, 20626: 69995, 20628: 1540, 20630: 69995, 20631: 449, 20633: 69242, 20634: 73383, 20635: 1583, 20636: 54448, 20637: 1583, 20638: 226, 20639: 1391, 20640: 52945, 20641: 85669, 20642: 62344, 20643: 1391, 20645: 52945, 20646: 85669, 20647: 57639, 20648: 686, 20650: 686, 20651: 1193, 20652: 58096, 20653: 1391, 20654: 953, 20655: 1482, 20656: 1084, 20659: 70342, 20661: 64727, 20662: 57309, 20663: 1161, 20669: 69242, 20670: 65877, 20671: 1540, 20672: 57972, 20673: 57639, 20675: 78631, 20676: 78631, 20677: 61726, 20678: 75379, 20680: 69990, 20681: 1188, 20684: 1543, 20688: 805, 20689: 50588, 20690: 64727, 20692: 1182, 20693: 58096, 20694: 913, 20695: 75453, 20696: 75379, 20697: 184, 20698: 85669, 20699: 70342, 20700: 54448, 20701: 54448, 20702: 1288, 20703: 66626, 20704: 1173, 20705: 50588, 20706: 57309, 20707: 54448, 20708: 1399, 20709: 1161, 20710: 1161, 20711: 1014, 20712: 0, 20713: 57257, 20714: 52945, 20715: 57290, 20716: 913, 20717: 58543, 20719: 54448, 20720: 75453, 20721: 1012, 20722: 46494, 20723: 1489, 20724: 80479, 20725: 78631, 20726: 46793, 20727: 62344, 20729: 48266, 20730: 1113, 20731: 743, 20732: 765, 20734: 690, 20735: 65877, 20736: 522, 20737: 44206, 20739: 65877, 20740: 1188, 20741: 1357, 20742: 1116, 20743: 78631, 20744: 69995, 20746: 69990, 20747: 57309, 20748: 1107, 20749: 57639, 20750: 849, 20751: 1012, 20752: 190, 20754: 743, 20757: 1585, 20758: 54448, 20759: 57639, 20761: 70373, 20762: 1084, 20763: 63099, 20764: 1617, 20765: 1347, 20766: 70373, 20768: 0, 20769: 519, 20770: 77145, 20773: 1347, 20774: 57290, 20775: 58096, 20777: 1182, 20778: 2048, 20779: 70500, 20781: 57290, 20782: 67720, 20784: 57070, 20785: 57070, 20786: 1167, 20789: 728, 20790: 58543, 20791: 184, 20792: 82085, 20793: 70500, 20794: 49332, 20795: 69242, 20796: 68650, 20797: 2048, 20798: 70373, 20799: 69242, 20800: 1482, 20802: 57381, 20803: 68650, 20804: 68650, 20805: 13699, 20806: 58543, 20807: 57381, 20808: 85687, 20809: 58096, 20810: 46793, 20811: 48266, 20813: 49332, 20814: 49332, 20815: 82067, 20816: 57309, 20817: 82067, 20818: 58096, 20819: 1502, 20820: 85669, 20821: 78631, 20822: 1399, 20823: 1014, 20824: 226, 20825: 849, 20826: 85710, 20827: 62344, 20828: 63270, 20829: 1259, 20831: 1391, 20832: 1399, 20833: 1617, 20834: 86055, 20835: 62344, 20836: 849, 20837: 0, 20838: 1347, 20840: 1583, 20841: 57455, 20842: 83288, 20843: 57290, 20844: 1482, 20845: 57639, 20846: 1223, 20850: 87001, 20852: 57309, 20853: 1457, 20854: 1585, 20856: 686, 20858: 70373, 20859: 82070, 20860: 63882, 20861: 63882, 20862: 82070, 20863: 82070, 20864: 395, 20872: 953, 20873: 226, 20874: 0, 20875: 64727, 20876: 805, 20877: 63882, 20881: 64727, 20883: 70500, 20884: 82070, 20885: 1391, 20886: 67720, 20887: 1457, 20888: 82070, 20889: 1502, 20890: 91053, 20891: 1391, 20892: 72039, 20894: 765, 20895: 44206, 20897: 85669, 20900: 1167, 20901: 68650, 20902: 83288, 20904: 1188, 20905: 73383, 20906: 849, 20907: 1188, 20909: 65877, 20910: 72051, 20911: 1107, 20913: 73383, 20916: 1116, 20917: 84328, 20918: 69990, 20919: 84328, 20921: 63099, 20922: 82070, 20923: 57381, 20925: 1294, 20926: 65941, 20928: 1300, 20929: 51797, 20930: 0, 20931: 1223, 20932: 64790, 20933: 743, 20934: 1193, 20935: 63882, 20936: 65941, 20937: 67720, 20938: 1193, 20939: 395, 20940: 65161, 20941: 87001, 20942: 75379, 20943: 57290, 20944: 59008, 20948: 65877, 20949: 1193, 20950: 63882, 20951: 64790, 20953: 64727, 20954: 48922, 20955: 1116, 20956: 58096, 20958: 63756, 20959: 87001, 20960: 1399, 20961: 1502, 20962: 184, 20963: 146, 20964: 72039, 20965: 65941, 20966: 59008, 20967: 85710, 20968: 75453, 20969: 1300, 20970: 72039, 20971: 59008, 20973: 1054, 20974: 63756, 20975: 58096, 20977: 1399, 20978: 1502, 20979: 1193, 20980: 63756, 20981: 57070, 20982: 83288, 20983: 57972, 20985: 83288, 20986: 1167, 20987: 0, 20988: 63756, 20990: 57972, 20992: 57417, 20993: 83288, 20995: 85710, 20997: 72039, 20998: 63882, 20999: 57972, 21000: 82070, 21001: 78631, 21002: 1167, 21003: 57972, 21005: 83288, 21006: 57070, 21007: 1300, 21008: 69995, 21009: 57972, 21011: 87001, 21012: 84328, 21013: 57639, 21014: 65877, 21015: 91053, 21016: 146, 21017: 85700, 21018: 35245, 21019: 63756, 21020: 68173, 21021: 1188, 21022: 63270, 21023: 1457, 21028: 86055, 21030: 85700, 21032: 54448, 21033: 728, 21034: 57417, 21035: 1399, 21036: 91896, 21037: 2048, 21038: 1457, 21039: 1300, 21041: 72051, 21043: 146, 21045: 75453, 21047: 57290, 21050: 57639, 21053: 1294, 21055: 82080, 21056: 57381, 21057: 449, 21058: 63756, 21059: 1107, 21060: 1107, 21061: 78645, 21062: 1014, 21063: 46494, 21064: 1014, 21065: 1188, 21066: 1259, 21067: 683, 21068: 72051, 21069: 72051, 21070: 57290, 21072: 71117, 21073: 69995, 21074: 1617, 21075: 78645, 21077: 1540, 21084: 67720, 21085: 88653, 21086: 90942, 21087: 57649, 21091: 85710, 21092: 58096, 21093: 85646, 21096: 2346, 21097: 74355, 21098: 63756, 21099: 2114, 21100: 2076, 21101: 2346, 21102: 2114, 21103: 1116, 21104: 59008, 21105: 80140, 21106: 2114, 21107: 73235, 21108: 56939, 21109: 56939, 21110: 80140, 21112: 1391, 21113: 89226, 21115: 2114, 21116: 89226, 21117: 80140, 21118: 83288, 21119: 89226, 21120: 2076, 21121: 74355, 21123: 80140, 21124: 88653, 21125: 88653, 21126: 74355, 21127: 56939, 21128: 74355, 21129: 74355, 21130: 53429, 21132: 57649, 21133: 87984, 21134: 53429, 21135: 56939, 21136: 53429, 21138: 57649, 21139: 56939, 21140: 57649, 21141: 86157, 21142: 80140, 21143: 53429, 21144: 2114, 21145: 53429, 21146: 89226, 21147: 88653, 21148: 53429, 21149: 80140, 21150: 80140, 21151: 86213, 21153: 53429, 21154: 1223, 21155: 86157, 21156: 87984, 21157: 1288, 21159: 2346, 21163: 146, 21164: 86157, 21165: 80140, 21166: 90998, 21167: 87984, 21168: 90998, 21170: 90998, 21171: 86213, 21172: 57649, 21173: 2076, 21174: 2114, 21175: 0, 21176: 2076, 21177: 87984, 21178: 88653, 21179: 56939, 21180: 2346, 21181: 57649, 21182: 86157, 21184: 87984, 21185: 0, 21186: 2076, 21187: 0, 21188: 0, 21189: 0, 21190: 63270, 21191: 184, 21192: 1223, 21193: 70500, 21194: 0, 21195: 1167, 21196: 70342, 21197: 74355, 21198: 2114, 21199: 86213, 21203: 2076, 21205: 53429, 21206: 86213, 21208: 87984, 21209: 89226, 21223: 1585, 21226: 1014, 21227: 69985, 21228: 46494, 21229: 395, 21230: 78645, 21231: 395, 21232: 1259, 21233: 683, 21234: 70342, 21235: 1259, 21236: 57381, 21237: 71117, 21238: 1543, 21239: 72051, 21240: 1107, 21241: 1347, 21244: 66626, 21249: 1012, 21262: 57070, 21265: 13699, 21271: 91053, 21279: 59008, 21280: 59008, 21288: 57290, 21290: 51797, 21298: 57639, 21303: 1347, 21304: 35259, 21305: 35259, 21306: 226, 21307: 64790, 21308: 1113, 21311: 1540, 21312: 1294, 21313: 35259, 21314: 88486, 21315: 57417, 21316: 1054, 21317: 1347, 21318: 57455, 21319: 51797, 21322: 690, 21324: 13828, 21325: 13828, 21326: 35259, 21327: 1347, 21328: 519, 21329: 78626, 21331: 72039, 21333: 57455, 21334: 57455, 21335: 226, 21336: 765, 21338: 1502, 21339: 1054, 21340: 1107, 21341: 1294, 21344: 1300, 21345: 72039, 21346: 91053, 21348: 63099, 21349: 0, 21351: 69990, 21354: 519, 21356: 90927, 21357: 75379, 21358: 184, 21363: 57257, 21366: 65941, 21369: 765, 21370: 63756, 21378: 68173, 21384: 44206, 21398: 78626, 21445: 74355, 21446: 62344, 21447: 1347, 21448: 67720, 21450: 1014, 21454: 68173, 21455: 683, 21460: 0, 21462: 82080, 21463: 61726, 21465: 0, 21468: 85669, 21470: 63756, 21474: 46494, 21475: 1012, 21477: 91896, 21478: 69990, 21479: 71117, 21480: 805, 21481: 85687, 21482: 1391, 21483: 0, 21484: 1167, 21487: 65941, 21488: 65161, 21489: 65161, 21490: 0, 21491: 1113, 21492: 1116, 21493: 50453, 21494: 342}",0.0,duplicado
649516.2325879998,Cruzamento,1733628406.815388,54,"{20331: 57070, 20332: 1182, 20333: 57309, 20334: 65341, 20335: 1412, 20336: 1412, 20337: 1084, 20338: 1482, 20339: 1617, 20340: 49332, 20341: 1583, 20342: 69242, 20343: 69990, 20344: 1182, 20345: 70342, 20346: 1084, 20347: 1489, 20348: 48266, 20349: 1347, 20350: 69990, 20351: 1347, 20352: 57309, 20353: 57257, 20354: 46793, 20355: 1347, 20356: 849, 20357: 1583, 20358: 2048, 20359: 1291, 20360: 765, 20361: 75421, 20362: 1489, 20363: 1412, 20364: 70342, 20365: 70171, 20366: 70171, 20367: 77145, 20368: 65341, 20369: 75453, 20370: 48266, 20371: 1347, 20372: 46793, 20373: 1617, 20378: 65341, 20379: 75421, 20380: 1489, 20381: 1182, 20383: 57257, 20384: 63099, 20385: 57257, 20386: 13699, 20387: 70342, 20388: 1084, 20389: 75421, 20392: 849, 20393: 69242, 20394: 51797, 20395: 48266, 20396: 449, 20397: 1583, 20398: 765, 20399: 44206, 20400: 46793, 20401: 1412, 20402: 48266, 20403: 184, 20404: 743, 20405: 82080, 20406: 728, 20407: 395, 20408: 449, 20409: 35259, 20410: 690, 20411: 67720, 20412: 75379, 20413: 1482, 20414: 67720, 20415: 71117, 20416: 70342, 20417: 57381, 20418: 82080, 20419: 519, 20421: 1294, 20422: 1489, 20423: 1585, 20427: 44206, 20428: 57381, 20429: 449, 20432: 1543, 20433: 449, 20434: 46494, 20436: 805, 20437: 69242, 20438: 69990, 20439: 1259, 20440: 743, 20441: 46494, 20442: 69985, 20443: 690, 20444: 82080, 20445: 805, 20446: 67720, 20447: 78645, 20449: 1012, 20450: 69995, 20451: 80479, 20452: 57455, 20453: 57455, 20454: 52945, 20455: 913, 20456: 50588, 20457: 51797, 20458: 913, 20459: 1161, 20460: 1585, 20461: 63270, 20462: 69995, 20463: 49332, 20465: 65341, 20466: 1012, 20467: 1291, 20468: 1107, 20469: 1259, 20471: 57381, 20472: 57381, 20473: 743, 20475: 72051, 20476: 1617, 20481: 1107, 20482: 75379, 20484: 52945, 20485: 75379, 20486: 54448, 20487: 449, 20488: 1188, 20489: 69990, 20490: 70342, 20491: 67720, 20492: 805, 20493: 1107, 20494: 46494, 20495: 683, 20496: 75453, 20497: 50588, 20499: 65877, 20501: 44206, 20503: 57639, 20504: 69990, 20505: 62344, 20506: 85710, 20507: 1357, 20508: 1161, 20509: 50588, 20510: 913, 20511: 85646, 20512: 70342, 20513: 1291, 20514: 64790, 20515: 913, 20517: 69995, 20518: 69995, 20519: 63270, 20520: 52945, 20521: 65161, 20522: 1161, 20523: 1259, 20524: 68173, 20525: 519, 20527: 82080, 20528: 1502, 20530: 46494, 20531: 59008, 20532: 805, 20533: 75421, 20534: 65161, 20535: 48922, 20536: 44206, 20537: 69985, 20538: 69990, 20539: 449, 20540: 690, 20541: 1617, 20542: 75958, 20543: 48922, 20544: 728, 20545: 91896, 20546: 71117, 20547: 64790, 20549: 80479, 20550: 51797, 20552: 1288, 20553: 1502, 20554: 57290, 20555: 62344, 20556: 65877, 20557: 75379, 20558: 1107, 20559: 1391, 20560: 65877, 20561: 85710, 20563: 1167, 20564: 57070, 20565: 69990, 20567: 849, 20569: 52945, 20570: 91896, 20571: 1585, 20572: 1288, 20573: 35259, 20574: 48922, 20575: 44206, 20576: 75958, 20577: 69985, 20578: 1347, 20579: 71117, 20580: 68173, 20581: 1014, 20582: 35259, 20583: 1288, 20584: 71117, 20585: 2048, 20587: 1012, 20588: 63270, 20589: 52945, 20590: 82080, 20591: 57455, 20592: 683, 20593: 805, 20594: 72051, 20595: 59008, 20596: 1347, 20597: 1585, 20599: 64727, 20600: 49332, 20601: 75379, 20602: 35245, 20605: 35245, 20606: 50588, 20607: 913, 20608: 57417, 20609: 1585, 20610: 1482, 20611: 1107, 20612: 686, 20613: 57309, 20614: 1167, 20615: 75453, 20616: 953, 20617: 61726, 20618: 85669, 20619: 1182, 20620: 1054, 20621: 1457, 20622: 849, 20624: 226, 20625: 1457, 20626: 69995, 20628: 1540, 20630: 69995, 20631: 449, 20633: 69242, 20634: 73383, 20635: 1583, 20636: 54448, 20637: 1583, 20638: 226, 20639: 1391, 20640: 52945, 20641: 85669, 20642: 62344, 20643: 1391, 20645: 52945, 20646: 85669, 20647: 57639, 20648: 686, 20650: 686, 20651: 1193, 20652: 58096, 20653: 1391, 20654: 953, 20655: 1482, 20656: 1084, 20659: 70342, 20661: 64727, 20662: 57309, 20663: 1161, 20669: 69242, 20670: 65877, 20671: 1540, 20672: 57972, 20673: 57639, 20675: 78631, 20676: 78631, 20677: 61726, 20678: 75379, 20680: 69990, 20681: 1188, 20684: 1543, 20688: 805, 20689: 50588, 20690: 64727, 20692: 1182, 20693: 58096, 20694: 913, 20695: 75453, 20696: 75379, 20697: 184, 20698: 85669, 20699: 70342, 20700: 54448, 20701: 54448, 20702: 1288, 20703: 66626, 20704: 1173, 20705: 50588, 20706: 57309, 20707: 54448, 20708: 1399, 20709: 1161, 20710: 1161, 20711: 1014, 20712: 0, 20713: 57257, 20714: 52945, 20715: 57290, 20716: 913, 20717: 58543, 20719: 54448, 20720: 75453, 20721: 1012, 20722: 46494, 20723: 1489, 20724: 80479, 20725: 78631, 20726: 46793, 20727: 62344, 20729: 48266, 20730: 1113, 20731: 743, 20732: 765, 20734: 690, 20735: 65877, 20736: 522, 20737: 44206, 20739: 65877, 20740: 1188, 20741: 1357, 20742: 1116, 20743: 78631, 20744: 69995, 20746: 69990, 20747: 57309, 20748: 1107, 20749: 57639, 20750: 849, 20751: 1012, 20752: 190, 20754: 743, 20757: 1585, 20758: 54448, 20759: 57639, 20761: 70373, 20762: 1084, 20763: 63099, 20764: 1617, 20765: 1347, 20766: 70373, 20768: 0, 20769: 519, 20770: 77145, 20773: 1347, 20774: 57290, 20775: 58096, 20777: 1182, 20778: 2048, 20779: 70500, 20781: 57290, 20782: 67720, 20784: 57070, 20785: 57070, 20786: 1167, 20789: 728, 20790: 58543, 20791: 184, 20792: 82085, 20793: 70500, 20794: 49332, 20795: 69242, 20796: 68650, 20797: 2048, 20798: 70373, 20799: 69242, 20800: 1482, 20802: 57381, 20803: 68650, 20804: 68650, 20805: 13699, 20806: 58543, 20807: 57381, 20808: 85687, 20809: 58096, 20810: 46793, 20811: 48266, 20813: 49332, 20814: 49332, 20815: 82067, 20816: 57309, 20817: 82067, 20818: 58096, 20819: 1502, 20820: 85669, 20821: 78631, 20822: 1399, 20823: 1014, 20824: 226, 20825: 849, 20826: 85710, 20827: 62344, 20828: 63270, 20829: 1259, 20831: 1391, 20832: 1399, 20833: 1617, 20834: 86055, 20835: 62344, 20836: 849, 20837: 0, 20838: 1347, 20840: 1583, 20841: 57455, 20842: 83288, 20843: 57290, 20844: 1482, 20845: 57639, 20846: 1223, 20850: 87001, 20852: 57309, 20853: 1457, 20854: 1585, 20856: 686, 20858: 70373, 20859: 82070, 20860: 63882, 20861: 63882, 20862: 82070, 20863: 82070, 20864: 395, 20872: 953, 20873: 226, 20874: 0, 20875: 64727, 20876: 805, 20877: 63882, 20881: 64727, 20883: 70500, 20884: 82070, 20885: 1391, 20886: 67720, 20887: 1457, 20888: 82070, 20889: 1502, 20890: 91053, 20891: 1391, 20892: 72039, 20894: 765, 20895: 44206, 20897: 85669, 20900: 1167, 20901: 68650, 20902: 83288, 20904: 1188, 20905: 73383, 20906: 849, 20907: 1188, 20909: 65877, 20910: 72051, 20911: 1107, 20913: 73383, 20916: 1116, 20917: 84328, 20918: 69990, 20919: 84328, 20921: 63099, 20922: 82070, 20923: 57381, 20925: 1294, 20926: 65941, 20928: 1300, 20929: 51797, 20930: 0, 20931: 1223, 20932: 64790, 20933: 743, 20934: 1193, 20935: 63882, 20936: 65941, 20937: 67720, 20938: 1193, 20939: 395, 20940: 65161, 20941: 87001, 20942: 75379, 20943: 57290, 20944: 59008, 20948: 65877, 20949: 1193, 20950: 63882, 20951: 64790, 20953: 64727, 20954: 48922, 20955: 1116, 20956: 58096, 20958: 63756, 20959: 87001, 20960: 1399, 20961: 1502, 20962: 184, 20963: 146, 20964: 72039, 20965: 65941, 20966: 59008, 20967: 85710, 20968: 75453, 20969: 1300, 20970: 72039, 20971: 59008, 20973: 1054, 20974: 63756, 20975: 58096, 20977: 1399, 20978: 1502, 20979: 1193, 20980: 63756, 20981: 57070, 20982: 83288, 20983: 57972, 20985: 83288, 20986: 1167, 20987: 0, 20988: 63756, 20990: 57972, 20992: 57417, 20993: 83288, 20995: 85710, 20997: 72039, 20998: 63882, 20999: 57972, 21000: 82070, 21001: 78631, 21002: 1167, 21003: 57972, 21005: 83288, 21006: 57070, 21007: 1300, 21008: 69995, 21009: 57972, 21011: 87001, 21012: 84328, 21013: 57639, 21014: 65877, 21015: 91053, 21016: 146, 21017: 85700, 21018: 35245, 21019: 63756, 21020: 68173, 21021: 1188, 21022: 63270, 21023: 1457, 21028: 86055, 21030: 85700, 21032: 54448, 21033: 728, 21034: 57417, 21035: 1399, 21036: 91896, 21037: 2048, 21038: 1457, 21039: 1300, 21041: 72051, 21043: 146, 21045: 75453, 21047: 57290, 21050: 57639, 21053: 1294, 21055: 82080, 21056: 57381, 21057: 449, 21058: 63756, 21059: 1107, 21060: 1107, 21061: 78645, 21062: 1014, 21063: 46494, 21064: 1014, 21065: 1188, 21066: 1259, 21067: 683, 21068: 72051, 21069: 72051, 21070: 57290, 21072: 71117, 21073: 69995, 21074: 1617, 21075: 78645, 21077: 1540, 21084: 67720, 21085: 88653, 21086: 90942, 21087: 57649, 21091: 85710, 21092: 58096, 21093: 85646, 21096: 2346, 21097: 74355, 21098: 63756, 21099: 2114, 21100: 2076, 21101: 2346, 21102: 2114, 21103: 1116, 21104: 59008, 21105: 80140, 21106: 2114, 21107: 73235, 21108: 56939, 21109: 56939, 21110: 80140, 21112: 1391, 21113: 89226, 21115: 2114, 21116: 89226, 21117: 80140, 21118: 83288, 21119: 89226, 21120: 2076, 21121: 74355, 21123: 80140, 21124: 88653, 21125: 88653, 21126: 74355, 21127: 56939, 21128: 74355, 21129: 74355, 21130: 53429, 21132: 57649, 21133: 87984, 21134: 53429, 21135: 56939, 21136: 53429, 21138: 57649, 21139: 56939, 21140: 57649, 21141: 86157, 21142: 80140, 21143: 53429, 21144: 2114, 21145: 53429, 21146: 89226, 21147: 88653, 21148: 53429, 21149: 80140, 21150: 80140, 21151: 86213, 21153: 53429, 21154: 1223, 21155: 86157, 21156: 87984, 21157: 1288, 21159: 2346, 21163: 146, 21164: 86157, 21165: 80140, 21166: 90998, 21167: 87984, 21168: 90998, 21170: 90998, 21171: 86213, 21172: 57649, 21173: 2076, 21174: 2114, 21175: 0, 21176: 2076, 21177: 87984, 21178: 88653, 21179: 56939, 21180: 2346, 21181: 57649, 21182: 86157, 21184: 87984, 21185: 0, 21186: 2076, 21187: 0, 21188: 0, 21189: 0, 21190: 63270, 21191: 184, 21192: 1223, 21193: 70500, 21194: 0, 21195: 1167, 21196: 70342, 21197: 74355, 21198: 2114, 21199: 86213, 21203: 2076, 21205: 53429, 21206: 86213, 21208: 87984, 21209: 89226, 21223: 1585, 21226: 1014, 21227: 69985, 21228: 46494, 21229: 395, 21230: 78645, 21231: 395, 21232: 1259, 21233: 683, 21234: 70342, 21235: 1259, 21236: 57381, 21237: 71117, 21238: 1543, 21239: 72051, 21240: 1107, 21241: 1347, 21244: 66626, 21249: 1012, 21262: 57070, 21265: 13699, 21271: 91053, 21279: 59008, 21280: 59008, 21288: 57290, 21290: 51797, 21298: 57639, 21303: 1347, 21304: 35259, 21305: 35259, 21306: 226, 21307: 64790, 21308: 1113, 21311: 1540, 21312: 1294, 21313: 35259, 21314: 88486, 21315: 57417, 21316: 1054, 21317: 1347, 21318: 57455, 21319: 51797, 21322: 690, 21324: 13828, 21325: 13828, 21326: 35259, 21327: 1347, 21328: 519, 21329: 78626, 21331: 72039, 21333: 57455, 21334: 57455, 21335: 226, 21336: 765, 21338: 1502, 21339: 1054, 21340: 1107, 21341: 1294, 21344: 1300, 21345: 72039, 21346: 91053, 21348: 63099, 21349: 0, 21351: 69990, 21354: 519, 21356: 90927, 21357: 75379, 21358: 184, 21363: 57257, 21366: 65941, 21369: 765, 21370: 63756, 21378: 68173, 21384: 44206, 21398: 78626, 21445: 74355, 21446: 62344, 21447: 1347, 21448: 67720, 21450: 1014, 21454: 68173, 21455: 683, 21460: 0, 21462: 82080, 21463: 75453, 21465: 0, 21468: 1391, 21470: 226, 21474: 686, 21475: 1012, 21477: 91896, 21478: 61726, 21479: 1107, 21480: 519, 21481: 1161, 21482: 1161, 21483: 70373, 21484: 69995, 21487: 51797, 21488: 65161, 21489: 91053, 21490: 1259, 21491: 1113, 21492: 1161, 21493: 50453, 21494: 342}",0.0,duplicado
645344.9189810004,Cruzamento,1733628409.090231,55,"{20331: 1294, 20332: 70342, 20333: 1482, 20334: 82085, 20335: 1294, 20336: 57257, 20337: 65341, 20338: 1182, 20339: 1084, 20340: 57309, 20341: 765, 20342: 2048, 20343: 69242, 20344: 849, 20345: 63099, 20346: 1583, 20347: 1084, 20348: 69242, 20349: 1291, 20350: 1291, 20351: 46793, 20352: 46793, 20353: 1084, 20354: 75421, 20355: 51797, 20356: 1412, 20357: 1291, 20358: 2048, 20359: 765, 20360: 2048, 20361: 58096, 20362: 1412, 20363: 1489, 20364: 184, 20365: 1617, 20366: 70171, 20367: 57309, 20368: 90927, 20369: 1617, 20370: 48266, 20371: 70373, 20372: 49332, 20373: 1291, 20378: 1182, 20379: 69990, 20380: 70342, 20381: 57070, 20383: 1583, 20384: 686, 20385: 75421, 20386: 68182, 20387: 75421, 20388: 13699, 20389: 68182, 20392: 1291, 20393: 63099, 20394: 75453, 20395: 48266, 20396: 1543, 20397: 849, 20398: 75421, 20399: 70342, 20400: 58096, 20401: 57455, 20402: 1489, 20403: 1084, 20404: 57455, 20405: 1288, 20406: 519, 20407: 743, 20408: 71117, 20409: 1288, 20410: 57381, 20411: 449, 20412: 226, 20413: 58096, 20414: 1014, 20415: 46494, 20416: 805, 20417: 57290, 20418: 683, 20419: 1617, 20421: 65341, 20422: 82085, 20423: 1585, 20427: 68173, 20428: 78645, 20429: 48922, 20432: 44206, 20433: 1502, 20434: 57290, 20436: 182, 20437: 1188, 20438: 1502, 20439: 57381, 20440: 73383, 20441: 70342, 20442: 57381, 20443: 13828, 20444: 71117, 20445: 683, 20446: 1502, 20447: 71117, 20449: 50588, 20450: 913, 20451: 80479, 20452: 80479, 20453: 35245, 20454: 69995, 20455: 52945, 20456: 70342, 20457: 46793, 20458: 1012, 20459: 51797, 20460: 63756, 20461: 35245, 20462: 64790, 20463: 57257, 20465: 57070, 20466: 63756, 20467: 849, 20468: 743, 20469: 67720, 20471: 1014, 20472: 13828, 20473: 1188, 20475: 67720, 20476: 1259, 20481: 71117, 20482: 35245, 20484: 85646, 20485: 46793, 20486: 913, 20487: 743, 20488: 44206, 20489: 683, 20490: 519, 20491: 78645, 20492: 57381, 20493: 82080, 20494: 91896, 20495: 1585, 20496: 58096, 20497: 54448, 20499: 1054, 20501: 1347, 20503: 35259, 20504: 57070, 20505: 83288, 20506: 1012, 20507: 46494, 20508: 69995, 20509: 1012, 20510: 52945, 20511: 64727, 20512: 54448, 20513: 1291, 20514: 146, 20515: 52945, 20517: 35245, 20518: 226, 20519: 75379, 20520: 69995, 20521: 50588, 20522: 52945, 20523: 1543, 20524: 449, 20525: 728, 20527: 1617, 20528: 44206, 20530: 72051, 20531: 13828, 20532: 1259, 20533: 69990, 20534: 46793, 20535: 75958, 20536: 68173, 20537: 1617, 20538: 690, 20539: 69990, 20540: 1617, 20541: 71117, 20542: 1288, 20543: 449, 20544: 1014, 20545: 1585, 20546: 91896, 20547: 57070, 20549: 80479, 20550: 63270, 20552: 46494, 20553: 71117, 20554: 1288, 20555: 61726, 20556: 78631, 20557: 1391, 20558: 1502, 20559: 1399, 20560: 686, 20561: 46494, 20563: 65877, 20564: 1167, 20565: 85710, 20567: 69990, 20569: 51797, 20570: 743, 20571: 68173, 20572: 1347, 20573: 690, 20574: 67720, 20575: 449, 20576: 728, 20577: 48922, 20578: 1014, 20579: 1347, 20580: 35259, 20581: 75958, 20582: 48922, 20583: 743, 20584: 1347, 20585: 1543, 20587: 1161, 20588: 1012, 20589: 65161, 20590: 395, 20591: 449, 20592: 1188, 20593: 57290, 20594: 690, 20595: 522, 20596: 73383, 20597: 805, 20599: 1012, 20600: 63270, 20601: 63270, 20602: 35245, 20605: 226, 20606: 1161, 20607: 52945, 20608: 58096, 20609: 1173, 20610: 1084, 20611: 65877, 20612: 75453, 20613: 1457, 20614: 57309, 20615: 69995, 20616: 849, 20617: 1167, 20618: 1540, 20619: 765, 20620: 1457, 20621: 1167, 20622: 686, 20624: 1457, 20625: 65877, 20626: 686, 20628: 686, 20630: 66626, 20631: 519, 20633: 1107, 20634: 72051, 20635: 1084, 20636: 913, 20637: 1391, 20638: 146, 20639: 85669, 20640: 57639, 20641: 52945, 20642: 1391, 20643: 1193, 20645: 1391, 20646: 953, 20647: 686, 20648: 58096, 20650: 58096, 20651: 62344, 20652: 686, 20653: 1193, 20654: 85669, 20655: 1412, 20656: 184, 20659: 1585, 20661: 69995, 20662: 70373, 20663: 913, 20669: 522, 20670: 78631, 20671: 57639, 20672: 35259, 20673: 57972, 20675: 61726, 20676: 57972, 20677: 73235, 20678: 62344, 20680: 68173, 20681: 449, 20684: 1347, 20688: 1617, 20689: 69995, 20690: 52945, 20692: 57257, 20693: 85669, 20694: 66626, 20695: 1489, 20696: 1173, 20697: 1182, 20698: 58543, 20699: 63756, 20700: 50588, 20701: 913, 20702: 1167, 20703: 54448, 20704: 66626, 20705: 75379, 20706: 1182, 20707: 70342, 20708: 46494, 20709: 1161, 20710: 1161, 20711: 1543, 20712: 0, 20713: 75421, 20714: 52945, 20715: 690, 20716: 70342, 20717: 57639, 20719: 1585, 20720: 75453, 20721: 913, 20722: 805, 20723: 51797, 20724: 80479, 20725: 85669, 20726: 46793, 20727: 78631, 20729: 1617, 20730: 88486, 20731: 48922, 20732: 1054, 20734: 1288, 20735: 57309, 20736: 1014, 20737: 73383, 20739: 35259, 20740: 57455, 20741: 686, 20742: 1167, 20743: 1116, 20744: 68650, 20746: 69990, 20747: 91053, 20748: 58096, 20749: 69990, 20750: 686, 20751: 1399, 20752: 1502, 20754: 44206, 20757: 1161, 20758: 1012, 20759: 62344, 20761: 1482, 20762: 75453, 20763: 63099, 20764: 1084, 20765: 63099, 20766: 63099, 20768: 184, 20769: 395, 20770: 77145, 20773: 70500, 20774: 1154, 20775: 69990, 20777: 1391, 20778: 70500, 20779: 1399, 20781: 1457, 20782: 49332, 20784: 57290, 20785: 146, 20786: 1154, 20789: 690, 20790: 58543, 20791: 1583, 20792: 49332, 20793: 728, 20794: 48266, 20795: 44206, 20796: 78631, 20797: 69242, 20798: 75421, 20799: 2048, 20800: 13699, 20802: 13828, 20803: 1288, 20804: 1154, 20805: 13699, 20806: 1391, 20807: 522, 20808: 85687, 20809: 1347, 20810: 46793, 20811: 70342, 20813: 70373, 20814: 2048, 20815: 85687, 20816: 184, 20817: 85687, 20818: 1347, 20819: 1502, 20820: 62344, 20821: 62344, 20822: 849, 20823: 805, 20824: 57309, 20825: 78631, 20826: 184, 20827: 69990, 20828: 70500, 20829: 1347, 20831: 57290, 20832: 1182, 20833: 1294, 20834: 72051, 20835: 1399, 20836: 58096, 20837: 70373, 20838: 1502, 20840: 49332, 20841: 1182, 20842: 58096, 20843: 1223, 20844: 82085, 20845: 85669, 20846: 1300, 20850: 72039, 20852: 1391, 20853: 1167, 20854: 82080, 20856: 46793, 20858: 70373, 20859: 82070, 20860: 82070, 20861: 63882, 20862: 63882, 20863: 82070, 20864: 395, 20872: 953, 20873: 35245, 20874: 0, 20875: 91053, 20876: 13828, 20877: 57972, 20881: 57417, 20883: 57639, 20884: 83288, 20885: 57417, 20886: 78631, 20887: 71117, 20888: 63882, 20889: 57381, 20890: 59008, 20891: 70500, 20892: 82070, 20894: 69990, 20895: 63270, 20897: 226, 20900: 953, 20901: 1223, 20902: 72039, 20904: 1300, 20905: 44206, 20906: 75453, 20907: 65941, 20909: 65877, 20910: 70342, 20911: 69995, 20913: 73383, 20916: 57309, 20917: 63882, 20918: 57290, 20919: 87001, 20921: 72051, 20922: 84328, 20923: 690, 20925: 1294, 20926: 65941, 20928: 72051, 20929: 85710, 20930: 61726, 20931: 64790, 20932: 69995, 20933: 805, 20934: 63099, 20935: 63882, 20936: 58543, 20937: 146, 20938: 1193, 20939: 35259, 20940: 72051, 20941: 82070, 20942: 67720, 20943: 48922, 20944: 64790, 20948: 63882, 20949: 57639, 20950: 72039, 20951: 64790, 20953: 63099, 20954: 48922, 20955: 1457, 20956: 63099, 20958: 1188, 20959: 87001, 20960: 64790, 20961: 1054, 20962: 51797, 20963: 1193, 20964: 83288, 20965: 57639, 20966: 1399, 20967: 85710, 20968: 59008, 20969: 70500, 20970: 65877, 20971: 52945, 20973: 1116, 20974: 57639, 20975: 63270, 20977: 57070, 20978: 57972, 20979: 1288, 20980: 64727, 20981: 57309, 20982: 72039, 20983: 1502, 20985: 65877, 20986: 1399, 20987: 1399, 20988: 1502, 20990: 1116, 20992: 70500, 20993: 72039, 20995: 63756, 20997: 87001, 20998: 63882, 20999: 87001, 21000: 82070, 21001: 48266, 21002: 1357, 21003: 83288, 21005: 65877, 21006: 57290, 21007: 1288, 21008: 686, 21009: 63882, 21011: 84328, 21012: 87001, 21013: 57417, 21014: 57972, 21015: 85700, 21016: 64790, 21017: 70500, 21018: 35245, 21019: 91053, 21020: 1347, 21021: 44206, 21022: 52945, 21023: 63270, 21028: 85700, 21030: 86055, 21032: 57417, 21033: 85710, 21034: 2048, 21035: 226, 21036: 67720, 21037: 68650, 21038: 395, 21039: 67720, 21041: 1193, 21043: 75379, 21045: 1300, 21047: 52945, 21050: 83288, 21053: 1294, 21055: 82080, 21056: 57381, 21057: 0, 21058: 1161, 21059: 395, 21060: 395, 21061: 78645, 21062: 78645, 21063: 1543, 21064: 46494, 21065: 68173, 21066: 44206, 21067: 1259, 21068: 46494, 21069: 48922, 21070: 1107, 21072: 69990, 21073: 1167, 21074: 67720, 21075: 78645, 21077: 1540, 21084: 1617, 21085: 87984, 21086: 80140, 21087: 90998, 21091: 1357, 21092: 1457, 21093: 85646, 21096: 57649, 21097: 57649, 21098: 63099, 21099: 2114, 21100: 74355, 21101: 2114, 21102: 56939, 21103: 1107, 21104: 91053, 21105: 2076, 21106: 57649, 21107: 57972, 21108: 74355, 21109: 53429, 21110: 80140, 21112: 1540, 21113: 57649, 21115: 89226, 21116: 57649, 21117: 74355, 21118: 58096, 21119: 80140, 21120: 80140, 21121: 56939, 21123: 56939, 21124: 2076, 21125: 53429, 21126: 53429, 21127: 88653, 21128: 74355, 21129: 2114, 21130: 74355, 21132: 57649, 21133: 90998, 21134: 57649, 21135: 80140, 21136: 57649, 21138: 53429, 21139: 89226, 21140: 57649, 21141: 87984, 21142: 80140, 21143: 74355, 21144: 2114, 21145: 2346, 21146: 89226, 21147: 2076, 21148: 53429, 21149: 56939, 21150: 86157, 21151: 2076, 21153: 74355, 21154: 146, 21155: 86213, 21156: 86157, 21157: 1188, 21159: 89226, 21163: 1288, 21164: 86157, 21165: 87984, 21166: 86213, 21167: 87984, 21168: 87984, 21170: 2346, 21171: 56939, 21172: 56939, 21173: 86213, 21174: 2076, 21175: 1188, 21176: 86213, 21177: 56939, 21178: 57649, 21179: 86213, 21180: 90998, 21181: 2114, 21182: 0, 21184: 86157, 21185: 0, 21186: 2076, 21187: 0, 21188: 1223, 21189: 0, 21190: 1457, 21191: 184, 21192: 65941, 21193: 1193, 21194: 0, 21195: 57290, 21196: 849, 21197: 53429, 21198: 74355, 21199: 2076, 21203: 86213, 21205: 2346, 21206: 90998, 21208: 87984, 21209: 89226, 21223: 743, 21226: 683, 21227: 449, 21228: 57290, 21229: 519, 21230: 57290, 21231: 1107, 21232: 57381, 21233: 82080, 21234: 82080, 21235: 522, 21236: 82080, 21237: 57290, 21238: 71117, 21239: 0, 21240: 805, 21241: 46494, 21244: 1173, 21249: 80479, 21262: 1391, 21265: 75421, 21271: 75453, 21279: 91053, 21280: 57639, 21288: 1188, 21290: 65941, 21298: 52945, 21303: 57455, 21304: 226, 21305: 88486, 21306: 1457, 21307: 226, 21308: 765, 21311: 46494, 21312: 63756, 21313: 35259, 21314: 88486, 21315: 64790, 21316: 63756, 21317: 1113, 21318: 64790, 21319: 1347, 21322: 82080, 21324: 395, 21325: 78626, 21326: 13828, 21327: 395, 21328: 13828, 21329: 550, 21331: 65877, 21333: 51797, 21334: 57455, 21335: 1113, 21336: 85669, 21338: 226, 21339: 71117, 21340: 1457, 21341: 1294, 21344: 51797, 21345: 0, 21346: 70500, 21348: 1193, 21349: 0, 21351: 72051, 21354: 13828, 21356: 57309, 21357: 64727, 21358: 226, 21363: 1412, 21366: 51797, 21369: 1347, 21370: 1357, 21378: 1014, 21384: 46494, 21398: 550, 21445: 53429, 21446: 57070, 21447: 1399, 21448: 69990, 21450: 78645, 21454: 48922, 21455: 1014, 21460: 1482, 21462: 1585, 21463: 75453, 21465: 0, 21468: 1391, 21470: 226, 21474: 686, 21475: 1012, 21477: 91896, 21478: 61726, 21479: 1107, 21480: 519, 21481: 1161, 21482: 1161, 21483: 70373, 21484: 69995, 21487: 51797, 21488: 65161, 21489: 91053, 21490: 1259, 21491: 1113, 21492: 1161, 21493: 50453, 21494: 342}",0.0,filho
647664.7163990001,Cruzamento,1733628412.2026987,56,"{20331: 1294, 20332: 70342, 20333: 1482, 20334: 82085, 20335: 1294, 20336: 57257, 20337: 65341, 20338: 1182, 20339: 1084, 20340: 57309, 20341: 765, 20342: 2048, 20343: 69242, 20344: 849, 20345: 63099, 20346: 1583, 20347: 1084, 20348: 69242, 20349: 1291, 20350: 1291, 20351: 46793, 20352: 46793, 20353: 1084, 20354: 75421, 20355: 51797, 20356: 1412, 20357: 1291, 20358: 2048, 20359: 765, 20360: 2048, 20361: 58096, 20362: 1412, 20363: 1489, 20364: 184, 20365: 1617, 20366: 70171, 20367: 57309, 20368: 90927, 20369: 1617, 20370: 48266, 20371: 70373, 20372: 49332, 20373: 1291, 20378: 1182, 20379: 69990, 20380: 70342, 20381: 57070, 20383: 1583, 20384: 686, 20385: 75421, 20386: 68182, 20387: 75421, 20388: 13699, 20389: 68182, 20392: 1291, 20393: 63099, 20394: 75453, 20395: 48266, 20396: 1543, 20397: 849, 20398: 75421, 20399: 70342, 20400: 58096, 20401: 57455, 20402: 1489, 20403: 1084, 20404: 57455, 20405: 1288, 20406: 519, 20407: 743, 20408: 71117, 20409: 1288, 20410: 57381, 20411: 449, 20412: 226, 20413: 58096, 20414: 1014, 20415: 46494, 20416: 805, 20417: 57290, 20418: 683, 20419: 1617, 20421: 65341, 20422: 82085, 20423: 1585, 20427: 68173, 20428: 78645, 20429: 48922, 20432: 44206, 20433: 1502, 20434: 57290, 20436: 182, 20437: 1188, 20438: 1502, 20439: 57381, 20440: 73383, 20441: 70342, 20442: 57381, 20443: 13828, 20444: 71117, 20445: 683, 20446: 1502, 20447: 71117, 20449: 50588, 20450: 913, 20451: 80479, 20452: 80479, 20453: 35245, 20454: 69995, 20455: 52945, 20456: 70342, 20457: 46793, 20458: 1012, 20459: 51797, 20460: 63756, 20461: 35245, 20462: 64790, 20463: 57257, 20465: 57070, 20466: 63756, 20467: 849, 20468: 743, 20469: 67720, 20471: 1014, 20472: 13828, 20473: 1188, 20475: 67720, 20476: 1259, 20481: 71117, 20482: 35245, 20484: 85646, 20485: 46793, 20486: 913, 20487: 743, 20488: 44206, 20489: 683, 20490: 519, 20491: 78645, 20492: 57381, 20493: 82080, 20494: 91896, 20495: 1585, 20496: 58096, 20497: 54448, 20499: 1054, 20501: 1347, 20503: 35259, 20504: 57070, 20505: 83288, 20506: 1012, 20507: 46494, 20508: 69995, 20509: 1012, 20510: 52945, 20511: 64727, 20512: 54448, 20513: 1291, 20514: 146, 20515: 52945, 20517: 35245, 20518: 226, 20519: 75379, 20520: 69995, 20521: 50588, 20522: 52945, 20523: 1543, 20524: 449, 20525: 728, 20527: 1617, 20528: 44206, 20530: 72051, 20531: 13828, 20532: 1259, 20533: 69990, 20534: 46793, 20535: 75958, 20536: 68173, 20537: 1617, 20538: 690, 20539: 69990, 20540: 1617, 20541: 71117, 20542: 1288, 20543: 449, 20544: 1014, 20545: 1585, 20546: 91896, 20547: 57070, 20549: 80479, 20550: 63270, 20552: 46494, 20553: 71117, 20554: 1288, 20555: 61726, 20556: 78631, 20557: 1391, 20558: 1502, 20559: 1399, 20560: 686, 20561: 46494, 20563: 65877, 20564: 1167, 20565: 85710, 20567: 69990, 20569: 51797, 20570: 743, 20571: 68173, 20572: 1347, 20573: 690, 20574: 67720, 20575: 449, 20576: 728, 20577: 48922, 20578: 1014, 20579: 1347, 20580: 35259, 20581: 75958, 20582: 48922, 20583: 743, 20584: 1347, 20585: 1543, 20587: 1161, 20588: 1012, 20589: 65161, 20590: 395, 20591: 449, 20592: 1188, 20593: 57290, 20594: 690, 20595: 522, 20596: 73383, 20597: 805, 20599: 1012, 20600: 63270, 20601: 63270, 20602: 35245, 20605: 226, 20606: 1161, 20607: 52945, 20608: 58096, 20609: 1173, 20610: 1084, 20611: 65877, 20612: 75453, 20613: 1457, 20614: 57309, 20615: 69995, 20616: 849, 20617: 1167, 20618: 1540, 20619: 765, 20620: 1457, 20621: 1167, 20622: 686, 20624: 1457, 20625: 65877, 20626: 686, 20628: 686, 20630: 66626, 20631: 519, 20633: 1107, 20634: 72051, 20635: 1084, 20636: 913, 20637: 1391, 20638: 146, 20639: 85669, 20640: 57639, 20641: 52945, 20642: 1391, 20643: 1193, 20645: 1391, 20646: 953, 20647: 686, 20648: 58096, 20650: 58096, 20651: 62344, 20652: 686, 20653: 1193, 20654: 85669, 20655: 1412, 20656: 184, 20659: 1585, 20661: 69995, 20662: 70373, 20663: 913, 20669: 522, 20670: 78631, 20671: 57639, 20672: 35259, 20673: 57972, 20675: 61726, 20676: 57972, 20677: 73235, 20678: 62344, 20680: 68173, 20681: 449, 20684: 1347, 20688: 1617, 20689: 69995, 20690: 52945, 20692: 57257, 20693: 85669, 20694: 66626, 20695: 1489, 20696: 1173, 20697: 1182, 20698: 58543, 20699: 63756, 20700: 50588, 20701: 913, 20702: 1167, 20703: 54448, 20704: 66626, 20705: 75379, 20706: 1182, 20707: 70342, 20708: 46494, 20709: 1161, 20710: 1161, 20711: 1543, 20712: 0, 20713: 75421, 20714: 52945, 20715: 690, 20716: 70342, 20717: 57639, 20719: 1585, 20720: 75453, 20721: 913, 20722: 805, 20723: 51797, 20724: 80479, 20725: 85669, 20726: 46793, 20727: 78631, 20729: 1617, 20730: 88486, 20731: 48922, 20732: 1054, 20734: 1288, 20735: 57309, 20736: 1014, 20737: 73383, 20739: 35259, 20740: 57455, 20741: 686, 20742: 1167, 20743: 1116, 20744: 68650, 20746: 69990, 20747: 91053, 20748: 58096, 20749: 69990, 20750: 686, 20751: 1399, 20752: 1502, 20754: 44206, 20757: 1161, 20758: 1012, 20759: 62344, 20761: 1482, 20762: 75453, 20763: 63099, 20764: 1084, 20765: 63099, 20766: 63099, 20768: 184, 20769: 395, 20770: 77145, 20773: 70500, 20774: 1154, 20775: 69990, 20777: 1391, 20778: 70500, 20779: 1399, 20781: 1457, 20782: 49332, 20784: 57290, 20785: 2048, 20786: 70500, 20789: 1347, 20790: 58543, 20791: 70342, 20792: 46793, 20793: 146, 20794: 49332, 20795: 59008, 20796: 1188, 20797: 75421, 20798: 13699, 20799: 70373, 20800: 1482, 20802: 69242, 20803: 85710, 20804: 57309, 20805: 69242, 20806: 1391, 20807: 72051, 20808: 82067, 20809: 1291, 20810: 63099, 20811: 57070, 20813: 48266, 20814: 1482, 20815: 85687, 20816: 57455, 20817: 85687, 20818: 1391, 20819: 1502, 20820: 1167, 20821: 1116, 20822: 85687, 20823: 46494, 20824: 57417, 20825: 75453, 20826: 75379, 20827: 46494, 20828: 184, 20829: 67720, 20831: 57290, 20832: 57639, 20833: 1291, 20834: 728, 20835: 1502, 20836: 1583, 20837: 57070, 20838: 57070, 20840: 2048, 20841: 1412, 20842: 1357, 20843: 226, 20844: 57455, 20845: 65877, 20846: 1300, 20850: 65877, 20852: 90927, 20853: 51797, 20854: 72051, 20856: 46793, 20858: 48266, 20859: 82070, 20860: 63882, 20861: 63882, 20862: 82070, 20863: 82070, 20864: 395, 20872: 953, 20873: 395, 20874: 0, 20875: 91053, 20876: 683, 20877: 83288, 20881: 75379, 20883: 75453, 20884: 57972, 20885: 59008, 20886: 64727, 20887: 1540, 20888: 82070, 20889: 683, 20890: 64727, 20891: 1391, 20892: 82070, 20894: 85669, 20895: 64790, 20897: 1540, 20900: 1457, 20901: 75379, 20902: 72039, 20904: 63099, 20905: 522, 20906: 765, 20907: 1188, 20909: 65877, 20910: 182, 20911: 849, 20913: 72051, 20916: 85669, 20917: 87001, 20918: 73383, 20919: 63882, 20921: 58543, 20922: 82070, 20923: 690, 20925: 1294, 20926: 85700, 20928: 1300, 20929: 51797, 20930: 61726, 20931: 51797, 20932: 1288, 20933: 57290, 20934: 63099, 20935: 82070, 20936: 91053, 20937: 1399, 20938: 1193, 20939: 1502, 20940: 1223, 20941: 72039, 20942: 1399, 20943: 69985, 20944: 1193, 20948: 83288, 20949: 1193, 20950: 87001, 20951: 1300, 20953: 64727, 20954: 68173, 20955: 1457, 20956: 57639, 20958: 57639, 20959: 65877, 20960: 54448, 20961: 1012, 20962: 1300, 20963: 69995, 20964: 72039, 20965: 91053, 20966: 64790, 20967: 1054, 20968: 44206, 20969: 85700, 20970: 57972, 20971: 63756, 20973: 85710, 20974: 59008, 20975: 1154, 20977: 85710, 20978: 63756, 20979: 0, 20980: 63756, 20981: 49332, 20982: 72039, 20983: 1054, 20985: 72039, 20986: 728, 20987: 64790, 20988: 1054, 20990: 85710, 20992: 68650, 20993: 72039, 20995: 1012, 20997: 83288, 20998: 82070, 20999: 87001, 21000: 63882, 21001: 70500, 21002: 57639, 21003: 57972, 21005: 83288, 21006: 72051, 21007: 2048, 21008: 69995, 21009: 65877, 21011: 72039, 21012: 87001, 21013: 57290, 21014: 65877, 21015: 91053, 21016: 72051, 21017: 64790, 21018: 1193, 21019: 184, 21020: 69985, 21021: 1543, 21022: 75379, 21023: 63270, 21028: 86055, 21030: 85700, 21032: 52945, 21033: 35245, 21034: 1154, 21035: 58543, 21036: 35259, 21037: 1223, 21038: 728, 21039: 63270, 21041: 85700, 21043: 67720, 21045: 1188, 21047: 86055, 21050: 83288, 21053: 1294, 21055: 82080, 21056: 1585, 21057: 1107, 21058: 1107, 21059: 395, 21060: 1107, 21061: 46494, 21062: 1502, 21063: 1014, 21064: 57381, 21065: 1543, 21066: 1188, 21067: 683, 21068: 73383, 21069: 46494, 21070: 69990, 21072: 1107, 21073: 1182, 21074: 67720, 21075: 78645, 21077: 1540, 21084: 1617, 21085: 2114, 21086: 89226, 21087: 87984, 21091: 1012, 21092: 78631, 21093: 63270, 21096: 2114, 21097: 53429, 21098: 65941, 21099: 2114, 21100: 2076, 21101: 57649, 21102: 80140, 21103: 1457, 21104: 51797, 21105: 88653, 21106: 2346, 21107: 62344, 21108: 2346, 21109: 2114, 21110: 90942, 21112: 75379, 21113: 88653, 21115: 2346, 21116: 80140, 21117: 57649, 21118: 88486, 21119: 2076, 21120: 2076, 21121: 74355, 21123: 57649, 21124: 2076, 21125: 53429, 21126: 57649, 21127: 74355, 21128: 57649, 21129: 2114, 21130: 74355, 21132: 53429, 21133: 87984, 21134: 57649, 21135: 88653, 21136: 74355, 21138: 53429, 21139: 88653, 21140: 53429, 21141: 80140, 21142: 2346, 21143: 57649, 21144: 2114, 21145: 88653, 21146: 89226, 21147: 88653, 21148: 53429, 21149: 80140, 21150: 80140, 21151: 86213, 21153: 53429, 21154: 1223, 21155: 86157, 21156: 87984, 21157: 1288, 21159: 2346, 21163: 146, 21164: 86157, 21165: 80140, 21166: 90998, 21167: 87984, 21168: 90998, 21170: 90998, 21171: 86213, 21172: 57649, 21173: 2076, 21174: 2114, 21175: 0, 21176: 2076, 21177: 87984, 21178: 88653, 21179: 56939, 21180: 2346, 21181: 57649, 21182: 86157, 21184: 87984, 21185: 0, 21186: 2076, 21187: 0, 21188: 0, 21189: 0, 21190: 63270, 21191: 184, 21192: 1223, 21193: 70500, 21194: 0, 21195: 1167, 21196: 70342, 21197: 74355, 21198: 2114, 21199: 86213, 21203: 2076, 21205: 53429, 21206: 86213, 21208: 87984, 21209: 89226, 21223: 1585, 21226: 1014, 21227: 69985, 21228: 46494, 21229: 395, 21230: 78645, 21231: 395, 21232: 1259, 21233: 683, 21234: 70342, 21235: 1259, 21236: 57381, 21237: 71117, 21238: 1543, 21239: 72051, 21240: 1107, 21241: 1347, 21244: 66626, 21249: 1012, 21262: 57070, 21265: 13699, 21271: 91053, 21279: 59008, 21280: 59008, 21288: 57290, 21290: 51797, 21298: 57639, 21303: 1347, 21304: 35259, 21305: 35259, 21306: 226, 21307: 64790, 21308: 1113, 21311: 1540, 21312: 1294, 21313: 35259, 21314: 88486, 21315: 57417, 21316: 1054, 21317: 1347, 21318: 57455, 21319: 51797, 21322: 690, 21324: 13828, 21325: 13828, 21326: 35259, 21327: 1347, 21328: 519, 21329: 78626, 21331: 72039, 21333: 57455, 21334: 57455, 21335: 226, 21336: 765, 21338: 1502, 21339: 1054, 21340: 1107, 21341: 1294, 21344: 1300, 21345: 72039, 21346: 91053, 21348: 63099, 21349: 0, 21351: 69990, 21354: 519, 21356: 90927, 21357: 75379, 21358: 184, 21363: 57257, 21366: 65941, 21369: 765, 21370: 63756, 21378: 68173, 21384: 44206, 21398: 78626, 21445: 74355, 21446: 62344, 21447: 1347, 21448: 67720, 21450: 1014, 21454: 68173, 21455: 683, 21460: 0, 21462: 82080, 21463: 75453, 21465: 0, 21468: 1391, 21470: 226, 21474: 686, 21475: 1012, 21477: 91896, 21478: 61726, 21479: 1107, 21480: 519, 21481: 1161, 21482: 1161, 21483: 70373, 21484: 69995, 21487: 51797, 21488: 65161, 21489: 91053, 21490: 1259, 21491: 1113, 21492: 1161, 21493: 50453, 21494: 342}",0.0,filho
647727.9933160002,Cruzamento,1733628412.2026987,56,"{20331: 1294, 20332: 70342, 20333: 1482, 20334: 82085, 20335: 1294, 20336: 57257, 20337: 65341, 20338: 1182, 20339: 1084, 20340: 57309, 20341: 765, 20342: 2048, 20343: 69242, 20344: 849, 20345: 57257, 20346: 1412, 20347: 63099, 20348: 1084, 20349: 75453, 20350: 63099, 20351: 75453, 20352: 69242, 20353: 70342, 20354: 849, 20355: 1489, 20356: 1489, 20357: 849, 20358: 70342, 20359: 57257, 20360: 2048, 20361: 58096, 20362: 1412, 20363: 1489, 20364: 184, 20365: 1617, 20366: 70171, 20367: 57309, 20368: 90927, 20369: 1617, 20370: 48266, 20371: 70373, 20372: 49332, 20373: 1291, 20378: 1182, 20379: 69990, 20380: 70342, 20381: 57070, 20383: 1583, 20384: 686, 20385: 75421, 20386: 68182, 20387: 75421, 20388: 13699, 20389: 68182, 20392: 1291, 20393: 63099, 20394: 75453, 20395: 48266, 20396: 1543, 20397: 849, 20398: 75421, 20399: 70342, 20400: 58096, 20401: 57455, 20402: 1489, 20403: 1084, 20404: 57455, 20405: 1288, 20406: 519, 20407: 743, 20408: 71117, 20409: 1288, 20410: 57381, 20411: 449, 20412: 226, 20413: 58096, 20414: 1014, 20415: 46494, 20416: 805, 20417: 57290, 20418: 683, 20419: 1617, 20421: 65341, 20422: 82085, 20423: 1585, 20427: 68173, 20428: 78645, 20429: 48922, 20432: 44206, 20433: 1502, 20434: 57290, 20436: 182, 20437: 1188, 20438: 1502, 20439: 57381, 20440: 73383, 20441: 70342, 20442: 57381, 20443: 13828, 20444: 71117, 20445: 683, 20446: 1502, 20447: 71117, 20449: 50588, 20450: 913, 20451: 80479, 20452: 80479, 20453: 35245, 20454: 69995, 20455: 52945, 20456: 70342, 20457: 46793, 20458: 1012, 20459: 51797, 20460: 63756, 20461: 35245, 20462: 64790, 20463: 57257, 20465: 57070, 20466: 63756, 20467: 849, 20468: 743, 20469: 67720, 20471: 1014, 20472: 13828, 20473: 1188, 20475: 67720, 20476: 1259, 20481: 71117, 20482: 35245, 20484: 85646, 20485: 46793, 20486: 913, 20487: 743, 20488: 44206, 20489: 683, 20490: 519, 20491: 78645, 20492: 57381, 20493: 82080, 20494: 91896, 20495: 1585, 20496: 58096, 20497: 54448, 20499: 1054, 20501: 1347, 20503: 35259, 20504: 57070, 20505: 83288, 20506: 1012, 20507: 46494, 20508: 69995, 20509: 1012, 20510: 52945, 20511: 64727, 20512: 54448, 20513: 1291, 20514: 146, 20515: 52945, 20517: 35245, 20518: 226, 20519: 75379, 20520: 69995, 20521: 50588, 20522: 52945, 20523: 1543, 20524: 449, 20525: 728, 20527: 1617, 20528: 44206, 20530: 72051, 20531: 13828, 20532: 1259, 20533: 69990, 20534: 46793, 20535: 75958, 20536: 68173, 20537: 1617, 20538: 690, 20539: 69990, 20540: 1617, 20541: 71117, 20542: 1288, 20543: 449, 20544: 1014, 20545: 1585, 20546: 91896, 20547: 57070, 20549: 80479, 20550: 63270, 20552: 46494, 20553: 71117, 20554: 1288, 20555: 61726, 20556: 78631, 20557: 1391, 20558: 1502, 20559: 1399, 20560: 686, 20561: 46494, 20563: 65877, 20564: 1167, 20565: 85710, 20567: 69990, 20569: 51797, 20570: 743, 20571: 68173, 20572: 1347, 20573: 690, 20574: 67720, 20575: 449, 20576: 728, 20577: 48922, 20578: 1014, 20579: 1347, 20580: 35259, 20581: 75958, 20582: 48922, 20583: 743, 20584: 1347, 20585: 1543, 20587: 1161, 20588: 1012, 20589: 65161, 20590: 395, 20591: 449, 20592: 1188, 20593: 57290, 20594: 690, 20595: 522, 20596: 73383, 20597: 805, 20599: 1012, 20600: 63270, 20601: 63270, 20602: 35245, 20605: 226, 20606: 1161, 20607: 52945, 20608: 58096, 20609: 1173, 20610: 1084, 20611: 65877, 20612: 75453, 20613: 1457, 20614: 57309, 20615: 69995, 20616: 849, 20617: 1167, 20618: 1540, 20619: 765, 20620: 1457, 20621: 1167, 20622: 686, 20624: 1457, 20625: 65877, 20626: 686, 20628: 686, 20630: 66626, 20631: 519, 20633: 1107, 20634: 72051, 20635: 1084, 20636: 913, 20637: 1391, 20638: 146, 20639: 85669, 20640: 57639, 20641: 52945, 20642: 1391, 20643: 1193, 20645: 1391, 20646: 953, 20647: 686, 20648: 58096, 20650: 58096, 20651: 62344, 20652: 686, 20653: 1193, 20654: 85669, 20655: 1412, 20656: 184, 20659: 1585, 20661: 69995, 20662: 70373, 20663: 913, 20669: 522, 20670: 78631, 20671: 57639, 20672: 35259, 20673: 57972, 20675: 61726, 20676: 57972, 20677: 73235, 20678: 62344, 20680: 68173, 20681: 449, 20684: 1347, 20688: 1617, 20689: 69995, 20690: 52945, 20692: 57257, 20693: 85669, 20694: 66626, 20695: 1489, 20696: 1173, 20697: 1182, 20698: 58543, 20699: 63756, 20700: 50588, 20701: 913, 20702: 1167, 20703: 54448, 20704: 66626, 20705: 75379, 20706: 1182, 20707: 70342, 20708: 46494, 20709: 1161, 20710: 1161, 20711: 1543, 20712: 0, 20713: 75421, 20714: 52945, 20715: 690, 20716: 70342, 20717: 57639, 20719: 1585, 20720: 75453, 20721: 913, 20722: 805, 20723: 51797, 20724: 80479, 20725: 85669, 20726: 46793, 20727: 78631, 20729: 1617, 20730: 88486, 20731: 48922, 20732: 1054, 20734: 1288, 20735: 57309, 20736: 1014, 20737: 73383, 20739: 35259, 20740: 57455, 20741: 686, 20742: 1167, 20743: 1116, 20744: 68650, 20746: 69990, 20747: 91053, 20748: 58096, 20749: 69990, 20750: 686, 20751: 1399, 20752: 1502, 20754: 44206, 20757: 1161, 20758: 1012, 20759: 62344, 20761: 1482, 20762: 75453, 20763: 63099, 20764: 1084, 20765: 63099, 20766: 63099, 20768: 184, 20769: 395, 20770: 77145, 20773: 70500, 20774: 1154, 20775: 69990, 20777: 1391, 20778: 70500, 20779: 1399, 20781: 1457, 20782: 49332, 20784: 57290, 20785: 2048, 20786: 70500, 20789: 1347, 20790: 58543, 20791: 70342, 20792: 46793, 20793: 146, 20794: 49332, 20795: 59008, 20796: 1188, 20797: 75421, 20798: 13699, 20799: 70373, 20800: 1482, 20802: 69242, 20803: 85710, 20804: 57309, 20805: 69242, 20806: 1391, 20807: 72051, 20808: 82067, 20809: 1291, 20810: 63099, 20811: 57070, 20813: 48266, 20814: 1482, 20815: 85687, 20816: 57455, 20817: 85687, 20818: 1391, 20819: 1502, 20820: 1167, 20821: 1116, 20822: 85687, 20823: 46494, 20824: 57417, 20825: 75453, 20826: 75379, 20827: 46494, 20828: 184, 20829: 67720, 20831: 57290, 20832: 57639, 20833: 1291, 20834: 728, 20835: 1502, 20836: 1583, 20837: 57070, 20838: 57070, 20840: 2048, 20841: 1412, 20842: 1357, 20843: 226, 20844: 57455, 20845: 65877, 20846: 1300, 20850: 65877, 20852: 90927, 20853: 51797, 20854: 72051, 20856: 46793, 20858: 48266, 20859: 82070, 20860: 63882, 20861: 63882, 20862: 82070, 20863: 82070, 20864: 395, 20872: 953, 20873: 395, 20874: 0, 20875: 91053, 20876: 683, 20877: 83288, 20881: 75379, 20883: 75453, 20884: 57972, 20885: 59008, 20886: 64727, 20887: 1540, 20888: 82070, 20889: 683, 20890: 64727, 20891: 1391, 20892: 82070, 20894: 85669, 20895: 64790, 20897: 1540, 20900: 1457, 20901: 75379, 20902: 72039, 20904: 63099, 20905: 522, 20906: 765, 20907: 1188, 20909: 65877, 20910: 182, 20911: 849, 20913: 72051, 20916: 85669, 20917: 87001, 20918: 73383, 20919: 63882, 20921: 58543, 20922: 82070, 20923: 690, 20925: 1294, 20926: 85700, 20928: 1300, 20929: 51797, 20930: 61726, 20931: 51797, 20932: 1288, 20933: 57290, 20934: 63099, 20935: 82070, 20936: 91053, 20937: 1399, 20938: 1193, 20939: 1502, 20940: 1223, 20941: 72039, 20942: 1399, 20943: 69985, 20944: 1193, 20948: 83288, 20949: 1193, 20950: 87001, 20951: 1300, 20953: 64727, 20954: 68173, 20955: 1457, 20956: 57639, 20958: 57639, 20959: 65877, 20960: 54448, 20961: 1012, 20962: 1300, 20963: 69995, 20964: 72039, 20965: 91053, 20966: 64790, 20967: 1054, 20968: 44206, 20969: 85700, 20970: 57972, 20971: 63756, 20973: 85710, 20974: 59008, 20975: 1154, 20977: 85710, 20978: 63756, 20979: 0, 20980: 63756, 20981: 49332, 20982: 72039, 20983: 1054, 20985: 72039, 20986: 728, 20987: 64790, 20988: 1054, 20990: 85710, 20992: 68650, 20993: 72039, 20995: 1012, 20997: 83288, 20998: 82070, 20999: 87001, 21000: 63882, 21001: 70500, 21002: 57639, 21003: 57972, 21005: 83288, 21006: 72051, 21007: 2048, 21008: 69995, 21009: 65877, 21011: 72039, 21012: 87001, 21013: 57290, 21014: 65877, 21015: 91053, 21016: 72051, 21017: 64790, 21018: 1193, 21019: 184, 21020: 69985, 21021: 1543, 21022: 75379, 21023: 63270, 21028: 86055, 21030: 85700, 21032: 52945, 21033: 35245, 21034: 1154, 21035: 58543, 21036: 35259, 21037: 1223, 21038: 728, 21039: 63270, 21041: 85700, 21043: 67720, 21045: 1188, 21047: 86055, 21050: 83288, 21053: 1294, 21055: 82080, 21056: 1585, 21057: 1107, 21058: 1107, 21059: 395, 21060: 1107, 21061: 46494, 21062: 1502, 21063: 1014, 21064: 57381, 21065: 1543, 21066: 1188, 21067: 683, 21068: 73383, 21069: 46494, 21070: 69990, 21072: 1107, 21073: 1182, 21074: 67720, 21075: 78645, 21077: 1540, 21084: 1617, 21085: 88653, 21086: 90942, 21087: 57649, 21091: 85710, 21092: 58096, 21093: 85646, 21096: 2346, 21097: 74355, 21098: 63756, 21099: 2114, 21100: 2076, 21101: 2346, 21102: 2114, 21103: 1116, 21104: 59008, 21105: 80140, 21106: 2114, 21107: 73235, 21108: 56939, 21109: 56939, 21110: 80140, 21112: 1391, 21113: 89226, 21115: 2114, 21116: 89226, 21117: 80140, 21118: 83288, 21119: 89226, 21120: 2076, 21121: 74355, 21123: 80140, 21124: 88653, 21125: 88653, 21126: 74355, 21127: 56939, 21128: 74355, 21129: 74355, 21130: 53429, 21132: 57649, 21133: 87984, 21134: 53429, 21135: 56939, 21136: 53429, 21138: 57649, 21139: 56939, 21140: 57649, 21141: 86157, 21142: 80140, 21143: 53429, 21144: 2114, 21145: 53429, 21146: 89226, 21147: 53429, 21148: 2114, 21149: 2076, 21150: 86213, 21151: 87984, 21153: 2114, 21154: 44206, 21155: 86157, 21156: 80140, 21157: 1188, 21159: 89226, 21163: 146, 21164: 86157, 21165: 88653, 21166: 88653, 21167: 80140, 21168: 2114, 21170: 88653, 21171: 53429, 21172: 57649, 21173: 56939, 21174: 90998, 21175: 1223, 21176: 56939, 21177: 56939, 21178: 57649, 21179: 86213, 21180: 90998, 21181: 86213, 21182: 86157, 21184: 56939, 21185: 86213, 21186: 86213, 21187: 0, 21188: 0, 21189: 0, 21190: 78631, 21191: 184, 21192: 59008, 21193: 57639, 21194: 0, 21195: 395, 21196: 1489, 21197: 57649, 21198: 74355, 21199: 2076, 21203: 90998, 21205: 74355, 21206: 86213, 21208: 87984, 21209: 89226, 21223: 683, 21226: 683, 21227: 1585, 21228: 68173, 21229: 0, 21230: 69990, 21231: 519, 21232: 57381, 21233: 1259, 21234: 805, 21235: 690, 21236: 71117, 21237: 71117, 21238: 1288, 21239: 805, 21240: 82080, 21241: 395, 21244: 64727, 21249: 0, 21262: 1489, 21265: 68182, 21271: 65161, 21279: 91053, 21280: 57639, 21288: 63756, 21290: 59008, 21298: 72051, 21303: 1457, 21304: 46494, 21305: 1294, 21306: 1167, 21307: 728, 21308: 1294, 21311: 1347, 21312: 88486, 21313: 1054, 21314: 1540, 21315: 1347, 21316: 71117, 21317: 765, 21318: 395, 21319: 1294, 21322: 69985, 21324: 71117, 21325: 550, 21326: 57455, 21327: 519, 21328: 35259, 21329: 805, 21331: 57972, 21333: 51797, 21334: 57455, 21335: 1357, 21336: 765, 21338: 1054, 21339: 1457, 21340: 1294, 21341: 765, 21344: 1288, 21345: 0, 21346: 57309, 21348: 63099, 21349: 0, 21351: 1259, 21354: 78626, 21356: 77145, 21357: 85646, 21358: 35245, 21363: 1347, 21366: 65941, 21369: 88486, 21370: 1054, 21378: 70342, 21384: 1188, 21398: 805, 21445: 2114, 21446: 58096, 21447: 1357, 21448: 35259, 21450: 69990, 21454: 48922, 21455: 1014, 21460: 1482, 21462: 1585, 21463: 75453, 21465: 0, 21468: 1391, 21470: 226, 21474: 686, 21475: 1012, 21477: 91896, 21478: 61726, 21479: 1107, 21480: 519, 21481: 1161, 21482: 1161, 21483: 70373, 21484: 69995, 21487: 51797, 21488: 65161, 21489: 91053, 21490: 1259, 21491: 1113, 21492: 1161, 21493: 50453, 21494: 342}",0.0,filho
649522.539571999,Cruzamento,1733628415.3339076,57,"{20331: 1084, 20332: 46793, 20333: 1489, 20334: 1412, 20335: 1294, 20336: 82085, 20337: 65341, 20338: 48266, 20339: 46793, 20340: 1412, 20341: 1294, 20342: 1182, 20343: 70342, 20344: 849, 20345: 63099, 20346: 1084, 20347: 1489, 20348: 48266, 20349: 1347, 20350: 69990, 20351: 1347, 20352: 57309, 20353: 57257, 20354: 46793, 20355: 1347, 20356: 849, 20357: 1583, 20358: 2048, 20359: 1291, 20360: 765, 20361: 75421, 20362: 1489, 20363: 1412, 20364: 70342, 20365: 70171, 20366: 70171, 20367: 77145, 20368: 65341, 20369: 75453, 20370: 48266, 20371: 1347, 20372: 46793, 20373: 1617, 20378: 65341, 20379: 75421, 20380: 1489, 20381: 1182, 20383: 57257, 20384: 63099, 20385: 57257, 20386: 13699, 20387: 70342, 20388: 1084, 20389: 75421, 20392: 849, 20393: 69242, 20394: 51797, 20395: 48266, 20396: 449, 20397: 1583, 20398: 765, 20399: 44206, 20400: 46793, 20401: 1412, 20402: 48266, 20403: 184, 20404: 743, 20405: 82080, 20406: 728, 20407: 395, 20408: 449, 20409: 35259, 20410: 690, 20411: 67720, 20412: 75379, 20413: 1482, 20414: 67720, 20415: 71117, 20416: 70342, 20417: 57381, 20418: 82080, 20419: 519, 20421: 1294, 20422: 1489, 20423: 1585, 20427: 44206, 20428: 57381, 20429: 449, 20432: 1543, 20433: 449, 20434: 46494, 20436: 805, 20437: 69242, 20438: 69990, 20439: 1259, 20440: 743, 20441: 46494, 20442: 69985, 20443: 690, 20444: 82080, 20445: 805, 20446: 67720, 20447: 78645, 20449: 1012, 20450: 69995, 20451: 80479, 20452: 57455, 20453: 57455, 20454: 52945, 20455: 913, 20456: 50588, 20457: 51797, 20458: 913, 20459: 1161, 20460: 1585, 20461: 63270, 20462: 69995, 20463: 49332, 20465: 65341, 20466: 1012, 20467: 1291, 20468: 1107, 20469: 1259, 20471: 57381, 20472: 57381, 20473: 743, 20475: 72051, 20476: 1617, 20481: 1107, 20482: 75379, 20484: 52945, 20485: 75379, 20486: 54448, 20487: 449, 20488: 1188, 20489: 69990, 20490: 70342, 20491: 67720, 20492: 805, 20493: 1107, 20494: 46494, 20495: 683, 20496: 75453, 20497: 50588, 20499: 65877, 20501: 44206, 20503: 57639, 20504: 69990, 20505: 62344, 20506: 85710, 20507: 1357, 20508: 1161, 20509: 50588, 20510: 913, 20511: 85646, 20512: 70342, 20513: 1291, 20514: 64790, 20515: 913, 20517: 69995, 20518: 69995, 20519: 63270, 20520: 52945, 20521: 65161, 20522: 1161, 20523: 1259, 20524: 68173, 20525: 519, 20527: 82080, 20528: 1502, 20530: 46494, 20531: 59008, 20532: 805, 20533: 75421, 20534: 65161, 20535: 48922, 20536: 44206, 20537: 69985, 20538: 69990, 20539: 449, 20540: 690, 20541: 1617, 20542: 75958, 20543: 48922, 20544: 728, 20545: 91896, 20546: 71117, 20547: 64790, 20549: 80479, 20550: 51797, 20552: 1288, 20553: 1502, 20554: 57290, 20555: 62344, 20556: 65877, 20557: 75379, 20558: 1107, 20559: 1391, 20560: 65877, 20561: 85710, 20563: 1167, 20564: 57070, 20565: 69990, 20567: 849, 20569: 52945, 20570: 91896, 20571: 1585, 20572: 1288, 20573: 35259, 20574: 48922, 20575: 44206, 20576: 75958, 20577: 69985, 20578: 1347, 20579: 71117, 20580: 68173, 20581: 1014, 20582: 35259, 20583: 1288, 20584: 71117, 20585: 2048, 20587: 1012, 20588: 63270, 20589: 52945, 20590: 82080, 20591: 57455, 20592: 683, 20593: 805, 20594: 72051, 20595: 59008, 20596: 1347, 20597: 1585, 20599: 64727, 20600: 49332, 20601: 75379, 20602: 35245, 20605: 35245, 20606: 50588, 20607: 913, 20608: 57417, 20609: 1585, 20610: 1482, 20611: 1107, 20612: 686, 20613: 57309, 20614: 1167, 20615: 75453, 20616: 953, 20617: 61726, 20618: 85669, 20619: 1182, 20620: 1054, 20621: 1457, 20622: 849, 20624: 226, 20625: 1457, 20626: 69995, 20628: 1540, 20630: 69995, 20631: 449, 20633: 69242, 20634: 73383, 20635: 1583, 20636: 54448, 20637: 1583, 20638: 226, 20639: 1391, 20640: 52945, 20641: 85669, 20642: 62344, 20643: 1391, 20645: 52945, 20646: 85669, 20647: 57639, 20648: 686, 20650: 686, 20651: 1193, 20652: 58096, 20653: 1391, 20654: 953, 20655: 1482, 20656: 1084, 20659: 70342, 20661: 64727, 20662: 57309, 20663: 1161, 20669: 69242, 20670: 65877, 20671: 1540, 20672: 57972, 20673: 57639, 20675: 78631, 20676: 78631, 20677: 61726, 20678: 75379, 20680: 69990, 20681: 1188, 20684: 1543, 20688: 805, 20689: 50588, 20690: 64727, 20692: 1182, 20693: 58096, 20694: 913, 20695: 75453, 20696: 75379, 20697: 184, 20698: 85669, 20699: 70342, 20700: 54448, 20701: 54448, 20702: 1288, 20703: 66626, 20704: 1173, 20705: 50588, 20706: 57309, 20707: 54448, 20708: 1399, 20709: 1161, 20710: 1161, 20711: 1014, 20712: 0, 20713: 57257, 20714: 52945, 20715: 57290, 20716: 913, 20717: 58543, 20719: 54448, 20720: 75453, 20721: 1012, 20722: 46494, 20723: 1489, 20724: 80479, 20725: 78631, 20726: 46793, 20727: 62344, 20729: 48266, 20730: 1113, 20731: 743, 20732: 765, 20734: 690, 20735: 65877, 20736: 522, 20737: 44206, 20739: 65877, 20740: 1188, 20741: 1357, 20742: 1116, 20743: 78631, 20744: 69995, 20746: 69990, 20747: 57309, 20748: 1107, 20749: 57639, 20750: 849, 20751: 1012, 20752: 190, 20754: 743, 20757: 1585, 20758: 54448, 20759: 57639, 20761: 70373, 20762: 1084, 20763: 63099, 20764: 1617, 20765: 1347, 20766: 70373, 20768: 0, 20769: 519, 20770: 77145, 20773: 1347, 20774: 57290, 20775: 58096, 20777: 1182, 20778: 2048, 20779: 70500, 20781: 57290, 20782: 67720, 20784: 57070, 20785: 57070, 20786: 1167, 20789: 728, 20790: 58543, 20791: 184, 20792: 82085, 20793: 70500, 20794: 49332, 20795: 69242, 20796: 68650, 20797: 2048, 20798: 70373, 20799: 69242, 20800: 1482, 20802: 57381, 20803: 68650, 20804: 68650, 20805: 13699, 20806: 58543, 20807: 57381, 20808: 85687, 20809: 58096, 20810: 46793, 20811: 48266, 20813: 49332, 20814: 49332, 20815: 82067, 20816: 57309, 20817: 82067, 20818: 58096, 20819: 1502, 20820: 85669, 20821: 78631, 20822: 1399, 20823: 1014, 20824: 226, 20825: 849, 20826: 85710, 20827: 62344, 20828: 63270, 20829: 1259, 20831: 1391, 20832: 1399, 20833: 1617, 20834: 86055, 20835: 62344, 20836: 849, 20837: 0, 20838: 1347, 20840: 1583, 20841: 57455, 20842: 83288, 20843: 57290, 20844: 1482, 20845: 57639, 20846: 1223, 20850: 87001, 20852: 57309, 20853: 1457, 20854: 1585, 20856: 686, 20858: 70373, 20859: 82070, 20860: 63882, 20861: 63882, 20862: 82070, 20863: 82070, 20864: 395, 20872: 953, 20873: 226, 20874: 0, 20875: 64727, 20876: 805, 20877: 63882, 20881: 64727, 20883: 70500, 20884: 82070, 20885: 1391, 20886: 67720, 20887: 1457, 20888: 82070, 20889: 1502, 20890: 91053, 20891: 1391, 20892: 72039, 20894: 765, 20895: 44206, 20897: 85669, 20900: 1167, 20901: 68650, 20902: 83288, 20904: 1188, 20905: 73383, 20906: 849, 20907: 1188, 20909: 65877, 20910: 72051, 20911: 1107, 20913: 73383, 20916: 1116, 20917: 84328, 20918: 69990, 20919: 84328, 20921: 63099, 20922: 82070, 20923: 57381, 20925: 1294, 20926: 65941, 20928: 1300, 20929: 51797, 20930: 0, 20931: 1223, 20932: 64790, 20933: 743, 20934: 1193, 20935: 63882, 20936: 65941, 20937: 67720, 20938: 1193, 20939: 395, 20940: 65161, 20941: 87001, 20942: 75379, 20943: 57290, 20944: 59008, 20948: 65877, 20949: 1193, 20950: 63882, 20951: 64790, 20953: 64727, 20954: 48922, 20955: 1116, 20956: 58096, 20958: 63756, 20959: 87001, 20960: 1399, 20961: 1502, 20962: 184, 20963: 146, 20964: 72039, 20965: 65941, 20966: 59008, 20967: 85710, 20968: 75453, 20969: 1300, 20970: 72039, 20971: 59008, 20973: 1054, 20974: 63756, 20975: 58096, 20977: 1399, 20978: 1502, 20979: 1193, 20980: 63756, 20981: 57070, 20982: 83288, 20983: 57972, 20985: 83288, 20986: 1167, 20987: 0, 20988: 63756, 20990: 57972, 20992: 57417, 20993: 83288, 20995: 85710, 20997: 72039, 20998: 63882, 20999: 57972, 21000: 82070, 21001: 78631, 21002: 1167, 21003: 57972, 21005: 83288, 21006: 57070, 21007: 1300, 21008: 69995, 21009: 57972, 21011: 87001, 21012: 84328, 21013: 57639, 21014: 65877, 21015: 91053, 21016: 146, 21017: 85700, 21018: 35245, 21019: 63756, 21020: 68173, 21021: 1188, 21022: 63270, 21023: 1457, 21028: 86055, 21030: 85700, 21032: 54448, 21033: 728, 21034: 57417, 21035: 1399, 21036: 91896, 21037: 2048, 21038: 1457, 21039: 1300, 21041: 72051, 21043: 146, 21045: 75453, 21047: 57290, 21050: 57639, 21053: 1294, 21055: 82080, 21056: 57381, 21057: 449, 21058: 63756, 21059: 1107, 21060: 1107, 21061: 78645, 21062: 1014, 21063: 46494, 21064: 1014, 21065: 1188, 21066: 1259, 21067: 683, 21068: 72051, 21069: 72051, 21070: 57290, 21072: 71117, 21073: 69995, 21074: 1617, 21075: 78645, 21077: 1540, 21084: 67720, 21085: 88653, 21086: 90942, 21087: 57649, 21091: 85710, 21092: 58096, 21093: 85646, 21096: 2346, 21097: 74355, 21098: 63756, 21099: 2114, 21100: 2076, 21101: 2346, 21102: 2114, 21103: 1116, 21104: 59008, 21105: 80140, 21106: 2114, 21107: 73235, 21108: 56939, 21109: 56939, 21110: 80140, 21112: 1391, 21113: 89226, 21115: 2114, 21116: 89226, 21117: 80140, 21118: 83288, 21119: 89226, 21120: 2076, 21121: 74355, 21123: 80140, 21124: 88653, 21125: 88653, 21126: 74355, 21127: 56939, 21128: 74355, 21129: 74355, 21130: 53429, 21132: 57649, 21133: 87984, 21134: 53429, 21135: 56939, 21136: 53429, 21138: 57649, 21139: 56939, 21140: 57649, 21141: 86157, 21142: 80140, 21143: 53429, 21144: 2114, 21145: 53429, 21146: 89226, 21147: 88653, 21148: 53429, 21149: 80140, 21150: 80140, 21151: 86213, 21153: 53429, 21154: 1223, 21155: 86157, 21156: 87984, 21157: 1288, 21159: 2346, 21163: 146, 21164: 86157, 21165: 80140, 21166: 90998, 21167: 87984, 21168: 90998, 21170: 90998, 21171: 86213, 21172: 57649, 21173: 2076, 21174: 2114, 21175: 0, 21176: 2076, 21177: 87984, 21178: 88653, 21179: 56939, 21180: 2346, 21181: 57649, 21182: 86157, 21184: 87984, 21185: 0, 21186: 2076, 21187: 0, 21188: 0, 21189: 0, 21190: 63270, 21191: 184, 21192: 1223, 21193: 70500, 21194: 0, 21195: 1167, 21196: 70342, 21197: 74355, 21198: 2114, 21199: 86213, 21203: 2076, 21205: 53429, 21206: 86213, 21208: 87984, 21209: 89226, 21223: 1585, 21226: 1014, 21227: 69985, 21228: 46494, 21229: 395, 21230: 78645, 21231: 395, 21232: 1259, 21233: 683, 21234: 70342, 21235: 1259, 21236: 57381, 21237: 71117, 21238: 1543, 21239: 72051, 21240: 1107, 21241: 1347, 21244: 66626, 21249: 1012, 21262: 57070, 21265: 13699, 21271: 91053, 21279: 59008, 21280: 59008, 21288: 57290, 21290: 51797, 21298: 57639, 21303: 1347, 21304: 35259, 21305: 35259, 21306: 226, 21307: 64790, 21308: 1113, 21311: 1540, 21312: 1294, 21313: 35259, 21314: 88486, 21315: 57417, 21316: 1054, 21317: 1347, 21318: 57455, 21319: 51797, 21322: 690, 21324: 13828, 21325: 13828, 21326: 35259, 21327: 1347, 21328: 519, 21329: 78626, 21331: 57972, 21333: 51797, 21334: 57455, 21335: 1357, 21336: 765, 21338: 1054, 21339: 1457, 21340: 1294, 21341: 765, 21344: 1288, 21345: 0, 21346: 57309, 21348: 63099, 21349: 0, 21351: 1259, 21354: 78626, 21356: 77145, 21357: 85646, 21358: 35245, 21363: 1347, 21366: 65941, 21369: 88486, 21370: 1054, 21378: 70342, 21384: 1188, 21398: 805, 21445: 2114, 21446: 58096, 21447: 1357, 21448: 35259, 21450: 69990, 21454: 48922, 21455: 1014, 21460: 1482, 21462: 1585, 21463: 75453, 21465: 0, 21468: 1391, 21470: 226, 21474: 686, 21475: 1012, 21477: 91896, 21478: 61726, 21479: 1107, 21480: 519, 21481: 1161, 21482: 1161, 21483: 70373, 21484: 69995, 21487: 51797, 21488: 65161, 21489: 91053, 21490: 1259, 21491: 1113, 21492: 1161, 21493: 50453, 21494: 342}",0.0,filho
647664.9399406662,Cruzamento,1733628418.465224,58,"{20331: 1084, 20332: 46793, 20333: 1489, 20334: 1412, 20335: 1294, 20336: 82085, 20337: 65341, 20338: 48266, 20339: 46793, 20340: 1412, 20341: 1294, 20342: 1182, 20343: 70342, 20344: 849, 20345: 63099, 20346: 1084, 20347: 1489, 20348: 48266, 20349: 1347, 20350: 69990, 20351: 1347, 20352: 57309, 20353: 57257, 20354: 46793, 20355: 1347, 20356: 849, 20357: 1583, 20358: 2048, 20359: 1291, 20360: 765, 20361: 75421, 20362: 1489, 20363: 1412, 20364: 70342, 20365: 70171, 20366: 70171, 20367: 77145, 20368: 65341, 20369: 75453, 20370: 48266, 20371: 1347, 20372: 46793, 20373: 1617, 20378: 65341, 20379: 75421, 20380: 1489, 20381: 1182, 20383: 57257, 20384: 63099, 20385: 57257, 20386: 13699, 20387: 70342, 20388: 1084, 20389: 75421, 20392: 849, 20393: 69242, 20394: 51797, 20395: 48266, 20396: 449, 20397: 1583, 20398: 765, 20399: 44206, 20400: 46793, 20401: 1412, 20402: 48266, 20403: 184, 20404: 743, 20405: 82080, 20406: 728, 20407: 395, 20408: 449, 20409: 35259, 20410: 690, 20411: 67720, 20412: 75379, 20413: 1482, 20414: 67720, 20415: 71117, 20416: 70342, 20417: 57381, 20418: 82080, 20419: 519, 20421: 1294, 20422: 1489, 20423: 1585, 20427: 44206, 20428: 57381, 20429: 449, 20432: 1543, 20433: 449, 20434: 46494, 20436: 805, 20437: 69242, 20438: 69990, 20439: 1259, 20440: 743, 20441: 46494, 20442: 69985, 20443: 690, 20444: 82080, 20445: 805, 20446: 67720, 20447: 78645, 20449: 1012, 20450: 69995, 20451: 80479, 20452: 57455, 20453: 57455, 20454: 52945, 20455: 913, 20456: 50588, 20457: 51797, 20458: 913, 20459: 1161, 20460: 1585, 20461: 63270, 20462: 69995, 20463: 49332, 20465: 65341, 20466: 1012, 20467: 1291, 20468: 1107, 20469: 1259, 20471: 57381, 20472: 57381, 20473: 743, 20475: 72051, 20476: 1617, 20481: 1107, 20482: 75379, 20484: 52945, 20485: 75379, 20486: 54448, 20487: 449, 20488: 1188, 20489: 69990, 20490: 70342, 20491: 67720, 20492: 805, 20493: 1107, 20494: 46494, 20495: 683, 20496: 75453, 20497: 50588, 20499: 65877, 20501: 44206, 20503: 57639, 20504: 69990, 20505: 62344, 20506: 85710, 20507: 1357, 20508: 1161, 20509: 1012, 20510: 52945, 20511: 64727, 20512: 54448, 20513: 1291, 20514: 146, 20515: 52945, 20517: 35245, 20518: 226, 20519: 75379, 20520: 69995, 20521: 50588, 20522: 52945, 20523: 1543, 20524: 449, 20525: 728, 20527: 1617, 20528: 44206, 20530: 72051, 20531: 13828, 20532: 1259, 20533: 69990, 20534: 46793, 20535: 75958, 20536: 68173, 20537: 1617, 20538: 690, 20539: 69990, 20540: 1617, 20541: 71117, 20542: 1288, 20543: 449, 20544: 1014, 20545: 1585, 20546: 91896, 20547: 57070, 20549: 80479, 20550: 63270, 20552: 46494, 20553: 71117, 20554: 1288, 20555: 61726, 20556: 78631, 20557: 1391, 20558: 1502, 20559: 1399, 20560: 686, 20561: 46494, 20563: 65877, 20564: 1167, 20565: 85710, 20567: 69990, 20569: 51797, 20570: 743, 20571: 68173, 20572: 1347, 20573: 690, 20574: 67720, 20575: 449, 20576: 728, 20577: 48922, 20578: 1014, 20579: 1347, 20580: 35259, 20581: 75958, 20582: 48922, 20583: 743, 20584: 1347, 20585: 1543, 20587: 1161, 20588: 1012, 20589: 65161, 20590: 395, 20591: 449, 20592: 1188, 20593: 57290, 20594: 690, 20595: 522, 20596: 73383, 20597: 805, 20599: 1012, 20600: 63270, 20601: 63270, 20602: 35245, 20605: 226, 20606: 1161, 20607: 52945, 20608: 58096, 20609: 1173, 20610: 1084, 20611: 65877, 20612: 75453, 20613: 1457, 20614: 57309, 20615: 69995, 20616: 849, 20617: 1167, 20618: 1540, 20619: 765, 20620: 1457, 20621: 1167, 20622: 686, 20624: 1457, 20625: 65877, 20626: 686, 20628: 686, 20630: 66626, 20631: 519, 20633: 1107, 20634: 72051, 20635: 1084, 20636: 913, 20637: 1391, 20638: 146, 20639: 85669, 20640: 57639, 20641: 52945, 20642: 1391, 20643: 1193, 20645: 1391, 20646: 953, 20647: 686, 20648: 58096, 20650: 58096, 20651: 62344, 20652: 686, 20653: 1193, 20654: 85669, 20655: 1412, 20656: 184, 20659: 1585, 20661: 69995, 20662: 70373, 20663: 913, 20669: 522, 20670: 78631, 20671: 57639, 20672: 35259, 20673: 57972, 20675: 61726, 20676: 57972, 20677: 73235, 20678: 62344, 20680: 68173, 20681: 449, 20684: 1347, 20688: 1617, 20689: 69995, 20690: 52945, 20692: 57257, 20693: 85669, 20694: 66626, 20695: 1489, 20696: 1173, 20697: 1182, 20698: 58543, 20699: 63756, 20700: 50588, 20701: 913, 20702: 1167, 20703: 54448, 20704: 66626, 20705: 75379, 20706: 1182, 20707: 70342, 20708: 46494, 20709: 1161, 20710: 1161, 20711: 1543, 20712: 0, 20713: 75421, 20714: 52945, 20715: 690, 20716: 70342, 20717: 57639, 20719: 1585, 20720: 75453, 20721: 913, 20722: 805, 20723: 51797, 20724: 80479, 20725: 85669, 20726: 46793, 20727: 78631, 20729: 1617, 20730: 88486, 20731: 48922, 20732: 1054, 20734: 1288, 20735: 57309, 20736: 1014, 20737: 73383, 20739: 35259, 20740: 57455, 20741: 686, 20742: 1167, 20743: 1116, 20744: 68650, 20746: 69990, 20747: 91053, 20748: 58096, 20749: 69990, 20750: 686, 20751: 1399, 20752: 1502, 20754: 44206, 20757: 1161, 20758: 1012, 20759: 62344, 20761: 1482, 20762: 75453, 20763: 63099, 20764: 1084, 20765: 63099, 20766: 63099, 20768: 184, 20769: 395, 20770: 77145, 20773: 70500, 20774: 1154, 20775: 69990, 20777: 1391, 20778: 70500, 20779: 1399, 20781: 1457, 20782: 49332, 20784: 57290, 20785: 2048, 20786: 70500, 20789: 1347, 20790: 58543, 20791: 70342, 20792: 46793, 20793: 146, 20794: 49332, 20795: 59008, 20796: 1188, 20797: 75421, 20798: 13699, 20799: 70373, 20800: 1482, 20802: 69242, 20803: 85710, 20804: 57309, 20805: 69242, 20806: 1391, 20807: 72051, 20808: 82067, 20809: 1291, 20810: 63099, 20811: 57070, 20813: 48266, 20814: 1482, 20815: 85687, 20816: 57455, 20817: 85687, 20818: 1391, 20819: 1502, 20820: 1167, 20821: 1116, 20822: 85687, 20823: 46494, 20824: 57417, 20825: 75453, 20826: 75379, 20827: 46494, 20828: 184, 20829: 67720, 20831: 57290, 20832: 57639, 20833: 1291, 20834: 728, 20835: 1502, 20836: 1583, 20837: 57070, 20838: 57070, 20840: 2048, 20841: 1412, 20842: 1357, 20843: 226, 20844: 57455, 20845: 65877, 20846: 1300, 20850: 65877, 20852: 90927, 20853: 51797, 20854: 72051, 20856: 46793, 20858: 48266, 20859: 82070, 20860: 63882, 20861: 63882, 20862: 82070, 20863: 82070, 20864: 395, 20872: 953, 20873: 395, 20874: 0, 20875: 91053, 20876: 683, 20877: 83288, 20881: 75379, 20883: 75453, 20884: 57972, 20885: 59008, 20886: 64727, 20887: 1540, 20888: 82070, 20889: 683, 20890: 64727, 20891: 1391, 20892: 82070, 20894: 85669, 20895: 64790, 20897: 1540, 20900: 1457, 20901: 75379, 20902: 72039, 20904: 63099, 20905: 522, 20906: 765, 20907: 1188, 20909: 65877, 20910: 182, 20911: 849, 20913: 72051, 20916: 85669, 20917: 87001, 20918: 73383, 20919: 63882, 20921: 58543, 20922: 82070, 20923: 690, 20925: 1294, 20926: 85700, 20928: 1300, 20929: 51797, 20930: 61726, 20931: 51797, 20932: 1288, 20933: 57290, 20934: 63099, 20935: 82070, 20936: 91053, 20937: 1399, 20938: 1193, 20939: 1502, 20940: 1223, 20941: 72039, 20942: 1399, 20943: 69985, 20944: 1193, 20948: 83288, 20949: 1193, 20950: 87001, 20951: 1300, 20953: 64727, 20954: 68173, 20955: 1457, 20956: 57639, 20958: 57639, 20959: 65877, 20960: 54448, 20961: 1012, 20962: 1300, 20963: 69995, 20964: 72039, 20965: 91053, 20966: 64790, 20967: 1054, 20968: 44206, 20969: 85700, 20970: 57972, 20971: 63756, 20973: 85710, 20974: 59008, 20975: 1154, 20977: 85710, 20978: 63756, 20979: 0, 20980: 63756, 20981: 49332, 20982: 72039, 20983: 1054, 20985: 72039, 20986: 728, 20987: 64790, 20988: 1054, 20990: 85710, 20992: 68650, 20993: 72039, 20995: 1012, 20997: 83288, 20998: 82070, 20999: 87001, 21000: 63882, 21001: 70500, 21002: 57639, 21003: 57972, 21005: 83288, 21006: 72051, 21007: 2048, 21008: 69995, 21009: 65877, 21011: 72039, 21012: 87001, 21013: 57290, 21014: 65877, 21015: 91053, 21016: 72051, 21017: 64790, 21018: 1193, 21019: 184, 21020: 69985, 21021: 1543, 21022: 75379, 21023: 63270, 21028: 86055, 21030: 85700, 21032: 52945, 21033: 35245, 21034: 1154, 21035: 58543, 21036: 35259, 21037: 1223, 21038: 728, 21039: 63270, 21041: 85700, 21043: 67720, 21045: 1188, 21047: 86055, 21050: 83288, 21053: 1294, 21055: 82080, 21056: 1585, 21057: 1107, 21058: 1107, 21059: 395, 21060: 1107, 21061: 46494, 21062: 1502, 21063: 1014, 21064: 57381, 21065: 1543, 21066: 1188, 21067: 683, 21068: 73383, 21069: 46494, 21070: 69990, 21072: 1107, 21073: 1182, 21074: 67720, 21075: 78645, 21077: 1540, 21084: 1617, 21085: 2114, 21086: 89226, 21087: 87984, 21091: 1012, 21092: 78631, 21093: 63270, 21096: 2114, 21097: 53429, 21098: 65941, 21099: 2114, 21100: 2076, 21101: 57649, 21102: 80140, 21103: 1457, 21104: 51797, 21105: 88653, 21106: 2346, 21107: 62344, 21108: 2346, 21109: 2114, 21110: 90942, 21112: 75379, 21113: 88653, 21115: 2346, 21116: 80140, 21117: 57649, 21118: 88486, 21119: 2076, 21120: 2076, 21121: 74355, 21123: 57649, 21124: 2076, 21125: 53429, 21126: 57649, 21127: 74355, 21128: 57649, 21129: 2114, 21130: 74355, 21132: 53429, 21133: 87984, 21134: 57649, 21135: 88653, 21136: 74355, 21138: 53429, 21139: 88653, 21140: 53429, 21141: 80140, 21142: 2346, 21143: 57649, 21144: 2114, 21145: 88653, 21146: 89226, 21147: 88653, 21148: 53429, 21149: 80140, 21150: 80140, 21151: 86213, 21153: 53429, 21154: 1223, 21155: 86157, 21156: 87984, 21157: 1288, 21159: 2346, 21163: 146, 21164: 86157, 21165: 80140, 21166: 90998, 21167: 87984, 21168: 90998, 21170: 90998, 21171: 86213, 21172: 57649, 21173: 2076, 21174: 2114, 21175: 0, 21176: 2076, 21177: 87984, 21178: 88653, 21179: 56939, 21180: 2346, 21181: 57649, 21182: 86157, 21184: 87984, 21185: 0, 21186: 2076, 21187: 0, 21188: 0, 21189: 0, 21190: 63270, 21191: 184, 21192: 1223, 21193: 70500, 21194: 0, 21195: 1167, 21196: 70342, 21197: 74355, 21198: 2114, 21199: 86213, 21203: 2076, 21205: 53429, 21206: 86213, 21208: 87984, 21209: 89226, 21223: 1585, 21226: 1014, 21227: 69985, 21228: 46494, 21229: 395, 21230: 78645, 21231: 395, 21232: 1259, 21233: 683, 21234: 70342, 21235: 1259, 21236: 57381, 21237: 71117, 21238: 1543, 21239: 72051, 21240: 1107, 21241: 1347, 21244: 66626, 21249: 1012, 21262: 57070, 21265: 13699, 21271: 91053, 21279: 59008, 21280: 59008, 21288: 57290, 21290: 51797, 21298: 57639, 21303: 1347, 21304: 35259, 21305: 35259, 21306: 226, 21307: 64790, 21308: 1113, 21311: 1540, 21312: 1294, 21313: 35259, 21314: 88486, 21315: 57417, 21316: 1054, 21317: 1347, 21318: 57455, 21319: 51797, 21322: 690, 21324: 13828, 21325: 13828, 21326: 35259, 21327: 1347, 21328: 519, 21329: 78626, 21331: 72039, 21333: 57455, 21334: 57455, 21335: 226, 21336: 765, 21338: 1502, 21339: 1054, 21340: 1107, 21341: 1294, 21344: 1300, 21345: 72039, 21346: 91053, 21348: 63099, 21349: 0, 21351: 69990, 21354: 519, 21356: 90927, 21357: 75379, 21358: 184, 21363: 57257, 21366: 65941, 21369: 765, 21370: 63756, 21378: 68173, 21384: 44206, 21398: 78626, 21445: 74355, 21446: 62344, 21447: 1347, 21448: 67720, 21450: 1014, 21454: 68173, 21455: 683, 21460: 0, 21462: 82080, 21463: 75453, 21465: 0, 21468: 1391, 21470: 226, 21474: 686, 21475: 1012, 21477: 91896, 21478: 61726, 21479: 1107, 21480: 519, 21481: 1161, 21482: 1161, 21483: 70373, 21484: 69995, 21487: 51797, 21488: 65161, 21489: 91053, 21490: 1259, 21491: 1113, 21492: 1161, 21493: 50453, 21494: 342}",0.0,invalido
649772.2834573336,Cruzamento,1733628421.6424534,59,"{20331: 1084, 20332: 46793, 20333: 1489, 20334: 1412, 20335: 1294, 20336: 82085, 20337: 65341, 20338: 48266, 20339: 46793, 20340: 1412, 20341: 1294, 20342: 1182, 20343: 70342, 20344: 849, 20345: 63099, 20346: 1084, 20347: 1489, 20348: 48266, 20349: 1347, 20350: 69990, 20351: 1347, 20352: 57309, 20353: 57257, 20354: 46793, 20355: 1347, 20356: 849, 20357: 1583, 20358: 2048, 20359: 1291, 20360: 765, 20361: 75421, 20362: 1489, 20363: 1412, 20364: 70342, 20365: 70171, 20366: 70171, 20367: 77145, 20368: 65341, 20369: 75453, 20370: 48266, 20371: 1347, 20372: 46793, 20373: 1617, 20378: 65341, 20379: 75421, 20380: 1489, 20381: 1182, 20383: 57257, 20384: 63099, 20385: 57257, 20386: 13699, 20387: 70342, 20388: 1084, 20389: 75421, 20392: 849, 20393: 69242, 20394: 51797, 20395: 48266, 20396: 449, 20397: 1583, 20398: 765, 20399: 44206, 20400: 46793, 20401: 1412, 20402: 48266, 20403: 184, 20404: 743, 20405: 82080, 20406: 728, 20407: 395, 20408: 449, 20409: 35259, 20410: 690, 20411: 67720, 20412: 75379, 20413: 1482, 20414: 67720, 20415: 71117, 20416: 70342, 20417: 57381, 20418: 82080, 20419: 519, 20421: 1294, 20422: 1489, 20423: 1585, 20427: 44206, 20428: 57381, 20429: 449, 20432: 1543, 20433: 449, 20434: 46494, 20436: 805, 20437: 69242, 20438: 69990, 20439: 1259, 20440: 743, 20441: 46494, 20442: 69985, 20443: 690, 20444: 82080, 20445: 805, 20446: 67720, 20447: 78645, 20449: 1012, 20450: 69995, 20451: 80479, 20452: 57455, 20453: 57455, 20454: 52945, 20455: 913, 20456: 50588, 20457: 51797, 20458: 913, 20459: 1161, 20460: 1585, 20461: 63270, 20462: 69995, 20463: 49332, 20465: 65341, 20466: 1012, 20467: 1291, 20468: 1107, 20469: 1259, 20471: 57381, 20472: 57381, 20473: 743, 20475: 72051, 20476: 1617, 20481: 1107, 20482: 75379, 20484: 52945, 20485: 75379, 20486: 54448, 20487: 449, 20488: 1188, 20489: 69990, 20490: 70342, 20491: 67720, 20492: 805, 20493: 1107, 20494: 46494, 20495: 683, 20496: 75453, 20497: 50588, 20499: 65877, 20501: 44206, 20503: 57639, 20504: 69990, 20505: 62344, 20506: 85710, 20507: 1357, 20508: 1161, 20509: 50588, 20510: 913, 20511: 85646, 20512: 70342, 20513: 1291, 20514: 64790, 20515: 913, 20517: 69995, 20518: 69995, 20519: 63270, 20520: 52945, 20521: 65161, 20522: 1161, 20523: 1259, 20524: 68173, 20525: 519, 20527: 82080, 20528: 1502, 20530: 46494, 20531: 59008, 20532: 805, 20533: 75421, 20534: 65161, 20535: 48922, 20536: 44206, 20537: 69985, 20538: 69990, 20539: 449, 20540: 690, 20541: 1617, 20542: 75958, 20543: 48922, 20544: 728, 20545: 91896, 20546: 71117, 20547: 64790, 20549: 80479, 20550: 51797, 20552: 1288, 20553: 1502, 20554: 57290, 20555: 62344, 20556: 65877, 20557: 75379, 20558: 1107, 20559: 1391, 20560: 65877, 20561: 85710, 20563: 1167, 20564: 57070, 20565: 69990, 20567: 849, 20569: 52945, 20570: 91896, 20571: 1585, 20572: 1288, 20573: 35259, 20574: 48922, 20575: 44206, 20576: 75958, 20577: 69985, 20578: 1347, 20579: 71117, 20580: 68173, 20581: 1014, 20582: 35259, 20583: 1288, 20584: 71117, 20585: 2048, 20587: 1012, 20588: 63270, 20589: 52945, 20590: 82080, 20591: 57455, 20592: 683, 20593: 805, 20594: 72051, 20595: 59008, 20596: 1347, 20597: 1585, 20599: 64727, 20600: 49332, 20601: 75379, 20602: 35245, 20605: 35245, 20606: 50588, 20607: 913, 20608: 57417, 20609: 1585, 20610: 1482, 20611: 1107, 20612: 686, 20613: 57309, 20614: 1167, 20615: 75453, 20616: 953, 20617: 61726, 20618: 85669, 20619: 1182, 20620: 1054, 20621: 1457, 20622: 849, 20624: 226, 20625: 1457, 20626: 69995, 20628: 1540, 20630: 69995, 20631: 449, 20633: 69242, 20634: 73383, 20635: 1583, 20636: 54448, 20637: 1583, 20638: 226, 20639: 1391, 20640: 52945, 20641: 85669, 20642: 62344, 20643: 1391, 20645: 52945, 20646: 85669, 20647: 57639, 20648: 686, 20650: 686, 20651: 1193, 20652: 686, 20653: 1193, 20654: 85669, 20655: 1412, 20656: 184, 20659: 1585, 20661: 69995, 20662: 70373, 20663: 913, 20669: 522, 20670: 78631, 20671: 57639, 20672: 35259, 20673: 57972, 20675: 61726, 20676: 57972, 20677: 73235, 20678: 62344, 20680: 68173, 20681: 449, 20684: 1347, 20688: 1617, 20689: 69995, 20690: 52945, 20692: 57257, 20693: 85669, 20694: 66626, 20695: 1489, 20696: 1173, 20697: 1182, 20698: 58543, 20699: 63756, 20700: 50588, 20701: 913, 20702: 1167, 20703: 54448, 20704: 66626, 20705: 75379, 20706: 1182, 20707: 70342, 20708: 46494, 20709: 1161, 20710: 1161, 20711: 1543, 20712: 0, 20713: 75421, 20714: 52945, 20715: 690, 20716: 70342, 20717: 57639, 20719: 1585, 20720: 75453, 20721: 913, 20722: 805, 20723: 51797, 20724: 80479, 20725: 85669, 20726: 46793, 20727: 78631, 20729: 1617, 20730: 88486, 20731: 48922, 20732: 1054, 20734: 1288, 20735: 57309, 20736: 1014, 20737: 73383, 20739: 35259, 20740: 57455, 20741: 686, 20742: 1167, 20743: 1116, 20744: 68650, 20746: 69990, 20747: 91053, 20748: 58096, 20749: 69990, 20750: 686, 20751: 1399, 20752: 1502, 20754: 44206, 20757: 1161, 20758: 1012, 20759: 62344, 20761: 1482, 20762: 75453, 20763: 63099, 20764: 1084, 20765: 63099, 20766: 63099, 20768: 184, 20769: 395, 20770: 77145, 20773: 70500, 20774: 1154, 20775: 69990, 20777: 1391, 20778: 70500, 20779: 1399, 20781: 1457, 20782: 49332, 20784: 57290, 20785: 2048, 20786: 70500, 20789: 1347, 20790: 58543, 20791: 70342, 20792: 46793, 20793: 146, 20794: 49332, 20795: 59008, 20796: 1188, 20797: 75421, 20798: 13699, 20799: 70373, 20800: 1482, 20802: 69242, 20803: 85710, 20804: 57309, 20805: 69242, 20806: 1391, 20807: 72051, 20808: 82067, 20809: 1291, 20810: 63099, 20811: 57070, 20813: 48266, 20814: 1482, 20815: 85687, 20816: 57455, 20817: 85687, 20818: 1391, 20819: 1502, 20820: 1167, 20821: 1116, 20822: 85687, 20823: 46494, 20824: 57417, 20825: 75453, 20826: 75379, 20827: 46494, 20828: 184, 20829: 67720, 20831: 57290, 20832: 57639, 20833: 1291, 20834: 728, 20835: 1502, 20836: 1583, 20837: 57070, 20838: 57070, 20840: 2048, 20841: 1412, 20842: 1357, 20843: 226, 20844: 57455, 20845: 65877, 20846: 1300, 20850: 65877, 20852: 90927, 20853: 51797, 20854: 72051, 20856: 46793, 20858: 48266, 20859: 82070, 20860: 63882, 20861: 63882, 20862: 82070, 20863: 82070, 20864: 395, 20872: 953, 20873: 395, 20874: 0, 20875: 91053, 20876: 683, 20877: 83288, 20881: 75379, 20883: 75453, 20884: 57972, 20885: 59008, 20886: 64727, 20887: 1540, 20888: 82070, 20889: 683, 20890: 64727, 20891: 1391, 20892: 82070, 20894: 85669, 20895: 64790, 20897: 1540, 20900: 1457, 20901: 75379, 20902: 72039, 20904: 63099, 20905: 522, 20906: 765, 20907: 1188, 20909: 65877, 20910: 182, 20911: 849, 20913: 72051, 20916: 85669, 20917: 87001, 20918: 73383, 20919: 63882, 20921: 58543, 20922: 82070, 20923: 690, 20925: 1294, 20926: 85700, 20928: 1300, 20929: 51797, 20930: 61726, 20931: 51797, 20932: 1288, 20933: 57290, 20934: 63099, 20935: 82070, 20936: 91053, 20937: 1399, 20938: 1193, 20939: 1502, 20940: 1223, 20941: 72039, 20942: 1399, 20943: 69985, 20944: 1193, 20948: 83288, 20949: 1193, 20950: 87001, 20951: 1300, 20953: 64727, 20954: 68173, 20955: 1457, 20956: 57639, 20958: 57639, 20959: 65877, 20960: 54448, 20961: 1012, 20962: 1300, 20963: 69995, 20964: 72039, 20965: 91053, 20966: 64790, 20967: 1054, 20968: 44206, 20969: 85700, 20970: 57972, 20971: 63756, 20973: 85710, 20974: 59008, 20975: 1154, 20977: 85710, 20978: 63756, 20979: 0, 20980: 63756, 20981: 49332, 20982: 72039, 20983: 1054, 20985: 72039, 20986: 728, 20987: 64790, 20988: 1054, 20990: 85710, 20992: 68650, 20993: 72039, 20995: 1012, 20997: 83288, 20998: 82070, 20999: 87001, 21000: 63882, 21001: 70500, 21002: 57639, 21003: 57972, 21005: 83288, 21006: 72051, 21007: 2048, 21008: 69995, 21009: 65877, 21011: 72039, 21012: 87001, 21013: 57290, 21014: 65877, 21015: 91053, 21016: 72051, 21017: 64790, 21018: 1193, 21019: 184, 21020: 69985, 21021: 1543, 21022: 75379, 21023: 63270, 21028: 86055, 21030: 85700, 21032: 52945, 21033: 35245, 21034: 1154, 21035: 58543, 21036: 35259, 21037: 1223, 21038: 728, 21039: 63270, 21041: 85700, 21043: 67720, 21045: 1188, 21047: 86055, 21050: 83288, 21053: 1294, 21055: 82080, 21056: 1585, 21057: 1107, 21058: 1107, 21059: 395, 21060: 1107, 21061: 46494, 21062: 1502, 21063: 1014, 21064: 57381, 21065: 1543, 21066: 1188, 21067: 683, 21068: 73383, 21069: 46494, 21070: 69990, 21072: 1107, 21073: 1182, 21074: 67720, 21075: 78645, 21077: 1540, 21084: 1617, 21085: 88653, 21086: 90942, 21087: 57649, 21091: 85710, 21092: 58096, 21093: 85646, 21096: 2346, 21097: 74355, 21098: 63756, 21099: 2114, 21100: 2076, 21101: 2346, 21102: 2114, 21103: 1116, 21104: 59008, 21105: 80140, 21106: 2114, 21107: 73235, 21108: 56939, 21109: 56939, 21110: 80140, 21112: 1391, 21113: 89226, 21115: 2114, 21116: 89226, 21117: 80140, 21118: 83288, 21119: 89226, 21120: 2076, 21121: 74355, 21123: 80140, 21124: 88653, 21125: 88653, 21126: 74355, 21127: 56939, 21128: 74355, 21129: 74355, 21130: 53429, 21132: 57649, 21133: 87984, 21134: 53429, 21135: 56939, 21136: 53429, 21138: 57649, 21139: 56939, 21140: 57649, 21141: 86157, 21142: 80140, 21143: 53429, 21144: 2114, 21145: 53429, 21146: 89226, 21147: 88653, 21148: 53429, 21149: 80140, 21150: 80140, 21151: 86213, 21153: 53429, 21154: 1223, 21155: 86157, 21156: 87984, 21157: 1288, 21159: 2346, 21163: 146, 21164: 86157, 21165: 80140, 21166: 90998, 21167: 87984, 21168: 90998, 21170: 90998, 21171: 86213, 21172: 57649, 21173: 2076, 21174: 2114, 21175: 0, 21176: 2076, 21177: 87984, 21178: 88653, 21179: 56939, 21180: 2346, 21181: 57649, 21182: 86157, 21184: 87984, 21185: 0, 21186: 2076, 21187: 0, 21188: 0, 21189: 0, 21190: 63270, 21191: 184, 21192: 1223, 21193: 70500, 21194: 0, 21195: 1167, 21196: 70342, 21197: 74355, 21198: 2114, 21199: 86213, 21203: 2076, 21205: 53429, 21206: 86213, 21208: 87984, 21209: 89226, 21223: 1585, 21226: 1014, 21227: 69985, 21228: 46494, 21229: 395, 21230: 78645, 21231: 395, 21232: 1259, 21233: 683, 21234: 70342, 21235: 1259, 21236: 57381, 21237: 71117, 21238: 1543, 21239: 72051, 21240: 1107, 21241: 1347, 21244: 66626, 21249: 1012, 21262: 57070, 21265: 13699, 21271: 91053, 21279: 59008, 21280: 59008, 21288: 57290, 21290: 51797, 21298: 57639, 21303: 1347, 21304: 35259, 21305: 35259, 21306: 226, 21307: 64790, 21308: 1113, 21311: 1540, 21312: 1294, 21313: 35259, 21314: 88486, 21315: 57417, 21316: 1054, 21317: 1347, 21318: 57455, 21319: 51797, 21322: 690, 21324: 13828, 21325: 13828, 21326: 35259, 21327: 1347, 21328: 519, 21329: 78626, 21331: 72039, 21333: 57455, 21334: 57455, 21335: 226, 21336: 765, 21338: 1502, 21339: 1054, 21340: 1107, 21341: 1294, 21344: 1300, 21345: 72039, 21346: 91053, 21348: 63099, 21349: 0, 21351: 69990, 21354: 519, 21356: 90927, 21357: 75379, 21358: 184, 21363: 57257, 21366: 65941, 21369: 765, 21370: 63756, 21378: 68173, 21384: 44206, 21398: 78626, 21445: 74355, 21446: 62344, 21447: 1347, 21448: 67720, 21450: 1014, 21454: 68173, 21455: 683, 21460: 0, 21462: 82080, 21463: 75453, 21465: 0, 21468: 1391, 21470: 226, 21474: 686, 21475: 1012, 21477: 91896, 21478: 61726, 21479: 1107, 21480: 519, 21481: 1161, 21482: 1161, 21483: 70373, 21484: 69995, 21487: 51797, 21488: 65161, 21489: 91053, 21490: 1259, 21491: 1113, 21492: 1161, 21493: 50453, 21494: 342}",0.0,filho
634319.6692873331,Cruzamento,1733628421.6424534,59,"{20331: 1294, 20332: 70342, 20333: 1482, 20334: 82085, 20335: 1294, 20336: 57257, 20337: 65341, 20338: 1182, 20339: 1084, 20340: 57309, 20341: 765, 20342: 2048, 20343: 69242, 20344: 849, 20345: 57257, 20346: 1412, 20347: 63099, 20348: 1084, 20349: 75453, 20350: 63099, 20351: 75453, 20352: 69242, 20353: 70342, 20354: 849, 20355: 1489, 20356: 1489, 20357: 849, 20358: 70342, 20359: 57257, 20360: 2048, 20361: 58096, 20362: 1412, 20363: 1489, 20364: 184, 20365: 1617, 20366: 70171, 20367: 57309, 20368: 90927, 20369: 1617, 20370: 48266, 20371: 70373, 20372: 49332, 20373: 1291, 20378: 1182, 20379: 69990, 20380: 70342, 20381: 57070, 20383: 1583, 20384: 686, 20385: 75421, 20386: 68182, 20387: 75421, 20388: 13699, 20389: 68182, 20392: 1291, 20393: 63099, 20394: 75453, 20395: 48266, 20396: 1543, 20397: 849, 20398: 75421, 20399: 70342, 20400: 58096, 20401: 57455, 20402: 1489, 20403: 1084, 20404: 57455, 20405: 1288, 20406: 519, 20407: 743, 20408: 71117, 20409: 1288, 20410: 57381, 20411: 449, 20412: 226, 20413: 58096, 20414: 1014, 20415: 46494, 20416: 805, 20417: 57290, 20418: 683, 20419: 1617, 20421: 65341, 20422: 82085, 20423: 1585, 20427: 68173, 20428: 78645, 20429: 48922, 20432: 44206, 20433: 1502, 20434: 57290, 20436: 182, 20437: 1188, 20438: 1502, 20439: 57381, 20440: 73383, 20441: 70342, 20442: 57381, 20443: 13828, 20444: 71117, 20445: 683, 20446: 1502, 20447: 71117, 20449: 50588, 20450: 913, 20451: 80479, 20452: 80479, 20453: 35245, 20454: 69995, 20455: 52945, 20456: 70342, 20457: 46793, 20458: 1012, 20459: 51797, 20460: 63756, 20461: 35245, 20462: 64790, 20463: 57257, 20465: 57070, 20466: 63756, 20467: 849, 20468: 743, 20469: 67720, 20471: 1014, 20472: 13828, 20473: 1188, 20475: 67720, 20476: 1259, 20481: 71117, 20482: 35245, 20484: 85646, 20485: 46793, 20486: 913, 20487: 743, 20488: 44206, 20489: 683, 20490: 519, 20491: 78645, 20492: 57381, 20493: 82080, 20494: 91896, 20495: 1585, 20496: 58096, 20497: 54448, 20499: 1054, 20501: 1347, 20503: 35259, 20504: 57070, 20505: 83288, 20506: 1012, 20507: 46494, 20508: 69995, 20509: 1012, 20510: 52945, 20511: 64727, 20512: 54448, 20513: 1291, 20514: 146, 20515: 52945, 20517: 35245, 20518: 226, 20519: 75379, 20520: 69995, 20521: 50588, 20522: 52945, 20523: 1543, 20524: 449, 20525: 728, 20527: 1617, 20528: 44206, 20530: 72051, 20531: 13828, 20532: 1259, 20533: 69990, 20534: 46793, 20535: 75958, 20536: 68173, 20537: 1617, 20538: 690, 20539: 69990, 20540: 1617, 20541: 71117, 20542: 1288, 20543: 449, 20544: 1014, 20545: 1585, 20546: 91896, 20547: 57070, 20549: 80479, 20550: 63270, 20552: 46494, 20553: 71117, 20554: 1288, 20555: 61726, 20556: 78631, 20557: 1391, 20558: 1502, 20559: 1399, 20560: 686, 20561: 46494, 20563: 65877, 20564: 1167, 20565: 85710, 20567: 69990, 20569: 51797, 20570: 743, 20571: 68173, 20572: 1347, 20573: 690, 20574: 67720, 20575: 449, 20576: 728, 20577: 48922, 20578: 1014, 20579: 1347, 20580: 35259, 20581: 75958, 20582: 48922, 20583: 743, 20584: 1347, 20585: 1543, 20587: 1161, 20588: 1012, 20589: 65161, 20590: 395, 20591: 449, 20592: 1188, 20593: 57290, 20594: 690, 20595: 522, 20596: 73383, 20597: 805, 20599: 1012, 20600: 63270, 20601: 63270, 20602: 35245, 20605: 226, 20606: 1161, 20607: 52945, 20608: 58096, 20609: 1173, 20610: 1084, 20611: 65877, 20612: 75453, 20613: 1457, 20614: 57309, 20615: 69995, 20616: 849, 20617: 1167, 20618: 1540, 20619: 765, 20620: 1457, 20621: 1167, 20622: 686, 20624: 1457, 20625: 65877, 20626: 686, 20628: 686, 20630: 66626, 20631: 519, 20633: 1107, 20634: 72051, 20635: 1084, 20636: 913, 20637: 1391, 20638: 146, 20639: 85669, 20640: 57639, 20641: 52945, 20642: 1391, 20643: 1193, 20645: 1391, 20646: 953, 20647: 686, 20648: 58096, 20650: 58096, 20651: 62344, 20652: 58096, 20653: 1391, 20654: 953, 20655: 1482, 20656: 1084, 20659: 70342, 20661: 64727, 20662: 57309, 20663: 1161, 20669: 69242, 20670: 65877, 20671: 1540, 20672: 57972, 20673: 57639, 20675: 78631, 20676: 78631, 20677: 61726, 20678: 75379, 20680: 69990, 20681: 1188, 20684: 1543, 20688: 805, 20689: 50588, 20690: 64727, 20692: 1182, 20693: 58096, 20694: 913, 20695: 75453, 20696: 75379, 20697: 184, 20698: 85669, 20699: 70342, 20700: 54448, 20701: 54448, 20702: 1288, 20703: 66626, 20704: 1173, 20705: 50588, 20706: 57309, 20707: 54448, 20708: 1399, 20709: 1161, 20710: 1161, 20711: 1014, 20712: 0, 20713: 57257, 20714: 52945, 20715: 57290, 20716: 913, 20717: 58543, 20719: 54448, 20720: 75453, 20721: 1012, 20722: 46494, 20723: 1489, 20724: 80479, 20725: 78631, 20726: 46793, 20727: 62344, 20729: 48266, 20730: 1113, 20731: 743, 20732: 765, 20734: 690, 20735: 65877, 20736: 522, 20737: 44206, 20739: 65877, 20740: 1188, 20741: 1357, 20742: 1116, 20743: 78631, 20744: 69995, 20746: 69990, 20747: 57309, 20748: 1107, 20749: 57639, 20750: 849, 20751: 1012, 20752: 190, 20754: 743, 20757: 1585, 20758: 54448, 20759: 57639, 20761: 70373, 20762: 1084, 20763: 63099, 20764: 1617, 20765: 1347, 20766: 70373, 20768: 0, 20769: 519, 20770: 77145, 20773: 1347, 20774: 57290, 20775: 58096, 20777: 1182, 20778: 2048, 20779: 70500, 20781: 57290, 20782: 67720, 20784: 57070, 20785: 57070, 20786: 1167, 20789: 728, 20790: 58543, 20791: 184, 20792: 82085, 20793: 70500, 20794: 49332, 20795: 69242, 20796: 68650, 20797: 2048, 20798: 70373, 20799: 69242, 20800: 1482, 20802: 57381, 20803: 68650, 20804: 68650, 20805: 13699, 20806: 58543, 20807: 57381, 20808: 85687, 20809: 58096, 20810: 46793, 20811: 48266, 20813: 49332, 20814: 49332, 20815: 82067, 20816: 57309, 20817: 82067, 20818: 58096, 20819: 1502, 20820: 85669, 20821: 78631, 20822: 1399, 20823: 1014, 20824: 226, 20825: 849, 20826: 85710, 20827: 62344, 20828: 63270, 20829: 1259, 20831: 1391, 20832: 1399, 20833: 1617, 20834: 86055, 20835: 62344, 20836: 849, 20837: 0, 20838: 1347, 20840: 1583, 20841: 57455, 20842: 83288, 20843: 57290, 20844: 1482, 20845: 57639, 20846: 1223, 20850: 87001, 20852: 57309, 20853: 1457, 20854: 1585, 20856: 686, 20858: 70373, 20859: 82070, 20860: 63882, 20861: 63882, 20862: 82070, 20863: 82070, 20864: 395, 20872: 953, 20873: 226, 20874: 0, 20875: 64727, 20876: 805, 20877: 63882, 20881: 64727, 20883: 70500, 20884: 82070, 20885: 1391, 20886: 67720, 20887: 1457, 20888: 82070, 20889: 1502, 20890: 91053, 20891: 1391, 20892: 72039, 20894: 765, 20895: 44206, 20897: 85669, 20900: 1167, 20901: 68650, 20902: 83288, 20904: 1188, 20905: 73383, 20906: 849, 20907: 1188, 20909: 65877, 20910: 72051, 20911: 1107, 20913: 73383, 20916: 1116, 20917: 84328, 20918: 69990, 20919: 84328, 20921: 63099, 20922: 82070, 20923: 57381, 20925: 1294, 20926: 65941, 20928: 1300, 20929: 51797, 20930: 0, 20931: 1223, 20932: 64790, 20933: 743, 20934: 1193, 20935: 63882, 20936: 65941, 20937: 67720, 20938: 1193, 20939: 395, 20940: 65161, 20941: 87001, 20942: 75379, 20943: 57290, 20944: 59008, 20948: 65877, 20949: 1193, 20950: 63882, 20951: 64790, 20953: 64727, 20954: 48922, 20955: 1116, 20956: 58096, 20958: 63756, 20959: 87001, 20960: 1399, 20961: 1502, 20962: 184, 20963: 146, 20964: 72039, 20965: 65941, 20966: 59008, 20967: 85710, 20968: 75453, 20969: 1300, 20970: 72039, 20971: 59008, 20973: 1054, 20974: 63756, 20975: 58096, 20977: 1399, 20978: 1502, 20979: 1193, 20980: 63756, 20981: 57070, 20982: 83288, 20983: 57972, 20985: 83288, 20986: 1167, 20987: 0, 20988: 63756, 20990: 57972, 20992: 57417, 20993: 83288, 20995: 85710, 20997: 72039, 20998: 63882, 20999: 57972, 21000: 82070, 21001: 78631, 21002: 1167, 21003: 57972, 21005: 83288, 21006: 57070, 21007: 1300, 21008: 69995, 21009: 57972, 21011: 87001, 21012: 84328, 21013: 57639, 21014: 65877, 21015: 91053, 21016: 146, 21017: 85700, 21018: 35245, 21019: 63756, 21020: 68173, 21021: 1188, 21022: 63270, 21023: 1457, 21028: 86055, 21030: 85700, 21032: 54448, 21033: 728, 21034: 57417, 21035: 1399, 21036: 91896, 21037: 2048, 21038: 1457, 21039: 1300, 21041: 72051, 21043: 146, 21045: 75453, 21047: 57290, 21050: 57639, 21053: 1294, 21055: 82080, 21056: 57381, 21057: 449, 21058: 63756, 21059: 1107, 21060: 1107, 21061: 78645, 21062: 1014, 21063: 46494, 21064: 1014, 21065: 1188, 21066: 1259, 21067: 683, 21068: 72051, 21069: 72051, 21070: 57290, 21072: 71117, 21073: 69995, 21074: 1617, 21075: 78645, 21077: 1540, 21084: 67720, 21085: 88653, 21086: 90942, 21087: 57649, 21091: 85710, 21092: 58096, 21093: 85646, 21096: 2346, 21097: 74355, 21098: 63756, 21099: 2114, 21100: 2076, 21101: 2346, 21102: 2114, 21103: 1116, 21104: 59008, 21105: 80140, 21106: 2114, 21107: 73235, 21108: 56939, 21109: 56939, 21110: 80140, 21112: 1391, 21113: 89226, 21115: 2114, 21116: 89226, 21117: 80140, 21118: 83288, 21119: 89226, 21120: 2076, 21121: 74355, 21123: 80140, 21124: 88653, 21125: 88653, 21126: 74355, 21127: 56939, 21128: 74355, 21129: 74355, 21130: 53429, 21132: 57649, 21133: 87984, 21134: 53429, 21135: 56939, 21136: 53429, 21138: 57649, 21139: 56939, 21140: 57649, 21141: 86157, 21142: 80140, 21143: 53429, 21144: 2114, 21145: 53429, 21146: 89226, 21147: 88653, 21148: 53429, 21149: 80140, 21150: 80140, 21151: 86213, 21153: 53429, 21154: 1223, 21155: 86157, 21156: 87984, 21157: 1288, 21159: 2346, 21163: 146, 21164: 86157, 21165: 80140, 21166: 90998, 21167: 87984, 21168: 90998, 21170: 90998, 21171: 86213, 21172: 57649, 21173: 2076, 21174: 2114, 21175: 0, 21176: 2076, 21177: 87984, 21178: 88653, 21179: 56939, 21180: 2346, 21181: 57649, 21182: 86157, 21184: 87984, 21185: 0, 21186: 2076, 21187: 0, 21188: 0, 21189: 0, 21190: 63270, 21191: 184, 21192: 1223, 21193: 70500, 21194: 0, 21195: 1167, 21196: 70342, 21197: 74355, 21198: 2114, 21199: 86213, 21203: 2076, 21205: 53429, 21206: 86213, 21208: 87984, 21209: 89226, 21223: 1585, 21226: 1014, 21227: 69985, 21228: 46494, 21229: 395, 21230: 78645, 21231: 395, 21232: 1259, 21233: 683, 21234: 70342, 21235: 1259, 21236: 57381, 21237: 71117, 21238: 1543, 21239: 72051, 21240: 1107, 21241: 1347, 21244: 66626, 21249: 1012, 21262: 57070, 21265: 13699, 21271: 91053, 21279: 59008, 21280: 59008, 21288: 57290, 21290: 51797, 21298: 57639, 21303: 1347, 21304: 35259, 21305: 35259, 21306: 226, 21307: 64790, 21308: 1113, 21311: 1540, 21312: 1294, 21313: 35259, 21314: 88486, 21315: 57417, 21316: 1054, 21317: 1347, 21318: 57455, 21319: 51797, 21322: 690, 21324: 13828, 21325: 13828, 21326: 35259, 21327: 1347, 21328: 519, 21329: 78626, 21331: 72039, 21333: 57455, 21334: 57455, 21335: 226, 21336: 765, 21338: 1502, 21339: 1054, 21340: 1107, 21341: 1294, 21344: 1300, 21345: 72039, 21346: 91053, 21348: 63099, 21349: 0, 21351: 69990, 21354: 519, 21356: 90927, 21357: 75379, 21358: 184, 21363: 57257, 21366: 65941, 21369: 765, 21370: 63756, 21378: 68173, 21384: 44206, 21398: 78626, 21445: 74355, 21446: 62344, 21447: 1347, 21448: 67720, 21450: 1014, 21454: 68173, 21455: 683, 21460: 0, 21462: 82080, 21463: 61726, 21465: 0, 21468: 85669, 21470: 63756, 21474: 46494, 21475: 1012, 21477: 91896, 21478: 69990, 21479: 71117, 21480: 805, 21481: 85687, 21482: 1391, 21483: 0, 21484: 1167, 21487: 65941, 21488: 65161, 21489: 65161, 21490: 0, 21491: 1113, 21492: 1116, 21493: 50453, 21494: 342}",0.0,invalido
649017.8750906673,Cruzamento,1733628424.6004157,60,"{20331: 1294, 20332: 70342, 20333: 1482, 20334: 82085, 20335: 1294, 20336: 57257, 20337: 65341, 20338: 1182, 20339: 1084, 20340: 57309, 20341: 765, 20342: 2048, 20343: 69242, 20344: 849, 20345: 57257, 20346: 1412, 20347: 63099, 20348: 1084, 20349: 75453, 20350: 63099, 20351: 75453, 20352: 69242, 20353: 70342, 20354: 849, 20355: 1489, 20356: 1489, 20357: 849, 20358: 70342, 20359: 57257, 20360: 2048, 20361: 58096, 20362: 1412, 20363: 1489, 20364: 184, 20365: 1617, 20366: 70171, 20367: 57309, 20368: 90927, 20369: 1617, 20370: 48266, 20371: 70373, 20372: 49332, 20373: 1291, 20378: 1182, 20379: 69990, 20380: 70342, 20381: 57070, 20383: 1583, 20384: 686, 20385: 75421, 20386: 68182, 20387: 75421, 20388: 13699, 20389: 68182, 20392: 1291, 20393: 63099, 20394: 75453, 20395: 48266, 20396: 1543, 20397: 849, 20398: 75421, 20399: 70342, 20400: 58096, 20401: 57455, 20402: 1489, 20403: 1084, 20404: 57455, 20405: 1288, 20406: 519, 20407: 743, 20408: 71117, 20409: 1288, 20410: 57381, 20411: 449, 20412: 226, 20413: 58096, 20414: 1014, 20415: 46494, 20416: 805, 20417: 57290, 20418: 683, 20419: 1617, 20421: 65341, 20422: 82085, 20423: 1585, 20427: 68173, 20428: 78645, 20429: 48922, 20432: 44206, 20433: 1502, 20434: 57290, 20436: 182, 20437: 1188, 20438: 1502, 20439: 57381, 20440: 73383, 20441: 70342, 20442: 57381, 20443: 13828, 20444: 71117, 20445: 683, 20446: 1502, 20447: 71117, 20449: 50588, 20450: 913, 20451: 80479, 20452: 80479, 20453: 35245, 20454: 69995, 20455: 52945, 20456: 70342, 20457: 46793, 20458: 1012, 20459: 51797, 20460: 63756, 20461: 35245, 20462: 64790, 20463: 57257, 20465: 57070, 20466: 63756, 20467: 849, 20468: 743, 20469: 67720, 20471: 1014, 20472: 13828, 20473: 1188, 20475: 67720, 20476: 1259, 20481: 71117, 20482: 35245, 20484: 85646, 20485: 46793, 20486: 913, 20487: 743, 20488: 44206, 20489: 683, 20490: 519, 20491: 78645, 20492: 57381, 20493: 82080, 20494: 91896, 20495: 1585, 20496: 58096, 20497: 54448, 20499: 1054, 20501: 1347, 20503: 35259, 20504: 57070, 20505: 83288, 20506: 1012, 20507: 46494, 20508: 69995, 20509: 1012, 20510: 52945, 20511: 64727, 20512: 54448, 20513: 1291, 20514: 146, 20515: 52945, 20517: 35245, 20518: 226, 20519: 75379, 20520: 69995, 20521: 50588, 20522: 52945, 20523: 1543, 20524: 449, 20525: 728, 20527: 1617, 20528: 44206, 20530: 72051, 20531: 13828, 20532: 1259, 20533: 69990, 20534: 46793, 20535: 75958, 20536: 68173, 20537: 1617, 20538: 690, 20539: 69990, 20540: 1617, 20541: 71117, 20542: 1288, 20543: 449, 20544: 1014, 20545: 1585, 20546: 91896, 20547: 57070, 20549: 80479, 20550: 63270, 20552: 46494, 20553: 71117, 20554: 1288, 20555: 61726, 20556: 78631, 20557: 1391, 20558: 1502, 20559: 1399, 20560: 686, 20561: 46494, 20563: 65877, 20564: 1167, 20565: 85710, 20567: 69990, 20569: 51797, 20570: 743, 20571: 68173, 20572: 1347, 20573: 690, 20574: 67720, 20575: 449, 20576: 728, 20577: 48922, 20578: 1014, 20579: 1347, 20580: 35259, 20581: 75958, 20582: 48922, 20583: 743, 20584: 1347, 20585: 1543, 20587: 1161, 20588: 1012, 20589: 65161, 20590: 395, 20591: 449, 20592: 1188, 20593: 57290, 20594: 690, 20595: 522, 20596: 73383, 20597: 805, 20599: 1012, 20600: 63270, 20601: 63270, 20602: 35245, 20605: 226, 20606: 1161, 20607: 52945, 20608: 58096, 20609: 1173, 20610: 1084, 20611: 65877, 20612: 75453, 20613: 1457, 20614: 57309, 20615: 69995, 20616: 849, 20617: 1167, 20618: 1540, 20619: 765, 20620: 1457, 20621: 1167, 20622: 686, 20624: 1457, 20625: 65877, 20626: 686, 20628: 686, 20630: 66626, 20631: 519, 20633: 1107, 20634: 72051, 20635: 1084, 20636: 913, 20637: 1391, 20638: 146, 20639: 85669, 20640: 57639, 20641: 52945, 20642: 1391, 20643: 1193, 20645: 1391, 20646: 953, 20647: 686, 20648: 58096, 20650: 58096, 20651: 62344, 20652: 686, 20653: 1193, 20654: 85669, 20655: 1412, 20656: 184, 20659: 1585, 20661: 69995, 20662: 70373, 20663: 913, 20669: 522, 20670: 78631, 20671: 57639, 20672: 35259, 20673: 57972, 20675: 61726, 20676: 57972, 20677: 73235, 20678: 62344, 20680: 68173, 20681: 449, 20684: 1347, 20688: 1617, 20689: 69995, 20690: 52945, 20692: 57257, 20693: 85669, 20694: 66626, 20695: 1489, 20696: 1173, 20697: 1182, 20698: 58543, 20699: 63756, 20700: 50588, 20701: 913, 20702: 1167, 20703: 54448, 20704: 66626, 20705: 75379, 20706: 1182, 20707: 70342, 20708: 46494, 20709: 1161, 20710: 1161, 20711: 1543, 20712: 0, 20713: 75421, 20714: 52945, 20715: 690, 20716: 70342, 20717: 57639, 20719: 1585, 20720: 75453, 20721: 913, 20722: 805, 20723: 51797, 20724: 80479, 20725: 85669, 20726: 46793, 20727: 78631, 20729: 1617, 20730: 88486, 20731: 48922, 20732: 1054, 20734: 1288, 20735: 57309, 20736: 1014, 20737: 73383, 20739: 35259, 20740: 57455, 20741: 686, 20742: 1167, 20743: 1116, 20744: 68650, 20746: 69990, 20747: 91053, 20748: 58096, 20749: 69990, 20750: 686, 20751: 1399, 20752: 1502, 20754: 44206, 20757: 1161, 20758: 1012, 20759: 62344, 20761: 1482, 20762: 75453, 20763: 63099, 20764: 1084, 20765: 63099, 20766: 63099, 20768: 184, 20769: 395, 20770: 77145, 20773: 70500, 20774: 1154, 20775: 69990, 20777: 1391, 20778: 70500, 20779: 1399, 20781: 1457, 20782: 49332, 20784: 57290, 20785: 2048, 20786: 70500, 20789: 1347, 20790: 58543, 20791: 70342, 20792: 46793, 20793: 146, 20794: 49332, 20795: 59008, 20796: 1188, 20797: 75421, 20798: 13699, 20799: 70373, 20800: 1482, 20802: 69242, 20803: 85710, 20804: 57309, 20805: 69242, 20806: 1391, 20807: 72051, 20808: 82067, 20809: 1291, 20810: 63099, 20811: 57070, 20813: 48266, 20814: 1482, 20815: 85687, 20816: 57455, 20817: 85687, 20818: 1391, 20819: 1502, 20820: 1167, 20821: 1116, 20822: 85687, 20823: 46494, 20824: 57417, 20825: 75453, 20826: 75379, 20827: 46494, 20828: 184, 20829: 67720, 20831: 57290, 20832: 57639, 20833: 1291, 20834: 728, 20835: 1502, 20836: 1583, 20837: 57070, 20838: 57070, 20840: 2048, 20841: 1412, 20842: 1357, 20843: 226, 20844: 57455, 20845: 65877, 20846: 1300, 20850: 65877, 20852: 90927, 20853: 51797, 20854: 72051, 20856: 46793, 20858: 48266, 20859: 82070, 20860: 63882, 20861: 63882, 20862: 82070, 20863: 82070, 20864: 395, 20872: 953, 20873: 395, 20874: 0, 20875: 91053, 20876: 683, 20877: 83288, 20881: 75379, 20883: 75453, 20884: 57972, 20885: 59008, 20886: 64727, 20887: 1540, 20888: 82070, 20889: 683, 20890: 64727, 20891: 1391, 20892: 82070, 20894: 85669, 20895: 64790, 20897: 1540, 20900: 1457, 20901: 75379, 20902: 72039, 20904: 63099, 20905: 522, 20906: 765, 20907: 1188, 20909: 65877, 20910: 182, 20911: 849, 20913: 72051, 20916: 85669, 20917: 87001, 20918: 73383, 20919: 63882, 20921: 58543, 20922: 82070, 20923: 690, 20925: 1294, 20926: 85700, 20928: 1300, 20929: 51797, 20930: 61726, 20931: 51797, 20932: 1288, 20933: 57290, 20934: 63099, 20935: 82070, 20936: 91053, 20937: 1399, 20938: 1193, 20939: 1502, 20940: 1223, 20941: 72039, 20942: 1399, 20943: 69985, 20944: 1193, 20948: 83288, 20949: 1193, 20950: 87001, 20951: 1300, 20953: 64727, 20954: 68173, 20955: 1457, 20956: 57639, 20958: 57639, 20959: 65877, 20960: 54448, 20961: 1012, 20962: 1300, 20963: 69995, 20964: 72039, 20965: 91053, 20966: 64790, 20967: 1054, 20968: 44206, 20969: 85700, 20970: 57972, 20971: 63756, 20973: 85710, 20974: 59008, 20975: 1154, 20977: 85710, 20978: 63756, 20979: 0, 20980: 63756, 20981: 49332, 20982: 72039, 20983: 1054, 20985: 72039, 20986: 728, 20987: 64790, 20988: 1054, 20990: 85710, 20992: 68650, 20993: 72039, 20995: 1012, 20997: 83288, 20998: 82070, 20999: 87001, 21000: 63882, 21001: 70500, 21002: 57639, 21003: 57972, 21005: 83288, 21006: 72051, 21007: 2048, 21008: 69995, 21009: 65877, 21011: 72039, 21012: 87001, 21013: 57290, 21014: 65877, 21015: 91053, 21016: 72051, 21017: 64790, 21018: 1193, 21019: 184, 21020: 69985, 21021: 1543, 21022: 75379, 21023: 63270, 21028: 86055, 21030: 85700, 21032: 52945, 21033: 35245, 21034: 1154, 21035: 58543, 21036: 35259, 21037: 1223, 21038: 728, 21039: 63270, 21041: 85700, 21043: 67720, 21045: 1188, 21047: 86055, 21050: 83288, 21053: 1294, 21055: 82080, 21056: 1585, 21057: 1107, 21058: 1107, 21059: 395, 21060: 1107, 21061: 46494, 21062: 1502, 21063: 1014, 21064: 57381, 21065: 1543, 21066: 1188, 21067: 683, 21068: 73383, 21069: 46494, 21070: 69990, 21072: 1107, 21073: 1182, 21074: 67720, 21075: 78645, 21077: 1540, 21084: 1617, 21085: 88653, 21086: 90942, 21087: 57649, 21091: 85710, 21092: 58096, 21093: 85646, 21096: 2346, 21097: 74355, 21098: 63756, 21099: 2114, 21100: 2076, 21101: 2346, 21102: 2114, 21103: 1116, 21104: 59008, 21105: 80140, 21106: 2114, 21107: 73235, 21108: 56939, 21109: 56939, 21110: 80140, 21112: 1391, 21113: 89226, 21115: 2114, 21116: 89226, 21117: 80140, 21118: 83288, 21119: 89226, 21120: 2076, 21121: 74355, 21123: 80140, 21124: 88653, 21125: 88653, 21126: 74355, 21127: 56939, 21128: 74355, 21129: 74355, 21130: 53429, 21132: 57649, 21133: 87984, 21134: 53429, 21135: 56939, 21136: 53429, 21138: 57649, 21139: 56939, 21140: 57649, 21141: 86157, 21142: 80140, 21143: 53429, 21144: 2114, 21145: 53429, 21146: 89226, 21147: 88653, 21148: 53429, 21149: 80140, 21150: 80140, 21151: 86213, 21153: 53429, 21154: 1223, 21155: 86157, 21156: 87984, 21157: 1288, 21159: 2346, 21163: 146, 21164: 86157, 21165: 80140, 21166: 90998, 21167: 87984, 21168: 90998, 21170: 90998, 21171: 86213, 21172: 57649, 21173: 2076, 21174: 2114, 21175: 0, 21176: 2076, 21177: 87984, 21178: 88653, 21179: 56939, 21180: 2346, 21181: 57649, 21182: 86157, 21184: 87984, 21185: 0, 21186: 2076, 21187: 0, 21188: 0, 21189: 0, 21190: 63270, 21191: 184, 21192: 1223, 21193: 70500, 21194: 0, 21195: 1167, 21196: 70342, 21197: 74355, 21198: 2114, 21199: 86213, 21203: 2076, 21205: 53429, 21206: 86213, 21208: 87984, 21209: 89226, 21223: 1585, 21226: 1014, 21227: 69985, 21228: 46494, 21229: 395, 21230: 78645, 21231: 395, 21232: 1259, 21233: 683, 21234: 70342, 21235: 1259, 21236: 57381, 21237: 71117, 21238: 1543, 21239: 72051, 21240: 1107, 21241: 1347, 21244: 66626, 21249: 1012, 21262: 57070, 21265: 13699, 21271: 91053, 21279: 59008, 21280: 59008, 21288: 57290, 21290: 51797, 21298: 57639, 21303: 1347, 21304: 35259, 21305: 35259, 21306: 226, 21307: 64790, 21308: 1113, 21311: 1540, 21312: 1294, 21313: 35259, 21314: 88486, 21315: 57417, 21316: 1054, 21317: 1347, 21318: 57455, 21319: 51797, 21322: 690, 21324: 13828, 21325: 13828, 21326: 35259, 21327: 1347, 21328: 519, 21329: 78626, 21331: 72039, 21333: 57455, 21334: 57455, 21335: 226, 21336: 765, 21338: 1502, 21339: 1054, 21340: 1107, 21341: 1294, 21344: 1300, 21345: 72039, 21346: 91053, 21348: 63099, 21349: 0, 21351: 69990, 21354: 519, 21356: 90927, 21357: 75379, 21358: 184, 21363: 57257, 21366: 65941, 21369: 765, 21370: 63756, 21378: 68173, 21384: 44206, 21398: 78626, 21445: 74355, 21446: 62344, 21447: 1347, 21448: 67720, 21450: 1014, 21454: 68173, 21455: 683, 21460: 0, 21462: 82080, 21463: 75453, 21465: 0, 21468: 1391, 21470: 226, 21474: 686, 21475: 1012, 21477: 91896, 21478: 61726, 21479: 1107, 21480: 519, 21481: 1161, 21482: 1161, 21483: 70373, 21484: 69995, 21487: 51797, 21488: 65161, 21489: 91053, 21490: 1259, 21491: 1113, 21492: 1161, 21493: 50453, 21494: 342}",0.0,duplicado
647727.9933160002,Cruzamento,1733628424.6004157,60,"{20331: 1294, 20332: 70342, 20333: 1482, 20334: 82085, 20335: 1294, 20336: 57257, 20337: 65341, 20338: 1182, 20339: 1084, 20340: 57309, 20341: 765, 20342: 2048, 20343: 69242, 20344: 849, 20345: 57257, 20346: 1412, 20347: 63099, 20348: 1084, 20349: 75453, 20350: 63099, 20351: 75453, 20352: 69242, 20353: 70342, 20354: 849, 20355: 1489, 20356: 1489, 20357: 849, 20358: 70342, 20359: 57257, 20360: 2048, 20361: 58096, 20362: 1412, 20363: 1489, 20364: 184, 20365: 1617, 20366: 70171, 20367: 57309, 20368: 90927, 20369: 1617, 20370: 48266, 20371: 70373, 20372: 49332, 20373: 1291, 20378: 1182, 20379: 69990, 20380: 70342, 20381: 57070, 20383: 1583, 20384: 686, 20385: 75421, 20386: 68182, 20387: 75421, 20388: 13699, 20389: 68182, 20392: 1291, 20393: 63099, 20394: 75453, 20395: 48266, 20396: 1543, 20397: 849, 20398: 75421, 20399: 70342, 20400: 58096, 20401: 57455, 20402: 1489, 20403: 1084, 20404: 57455, 20405: 1288, 20406: 519, 20407: 743, 20408: 71117, 20409: 1288, 20410: 57381, 20411: 449, 20412: 226, 20413: 58096, 20414: 1014, 20415: 46494, 20416: 805, 20417: 57290, 20418: 683, 20419: 1617, 20421: 65341, 20422: 82085, 20423: 1585, 20427: 68173, 20428: 78645, 20429: 48922, 20432: 44206, 20433: 1502, 20434: 57290, 20436: 182, 20437: 1188, 20438: 1502, 20439: 57381, 20440: 73383, 20441: 70342, 20442: 57381, 20443: 13828, 20444: 71117, 20445: 683, 20446: 1502, 20447: 71117, 20449: 50588, 20450: 913, 20451: 80479, 20452: 80479, 20453: 35245, 20454: 69995, 20455: 52945, 20456: 70342, 20457: 46793, 20458: 1012, 20459: 51797, 20460: 63756, 20461: 35245, 20462: 64790, 20463: 57257, 20465: 57070, 20466: 63756, 20467: 849, 20468: 743, 20469: 67720, 20471: 1014, 20472: 13828, 20473: 1188, 20475: 67720, 20476: 1259, 20481: 71117, 20482: 35245, 20484: 85646, 20485: 46793, 20486: 913, 20487: 743, 20488: 44206, 20489: 683, 20490: 519, 20491: 78645, 20492: 57381, 20493: 82080, 20494: 91896, 20495: 1585, 20496: 58096, 20497: 54448, 20499: 1054, 20501: 1347, 20503: 35259, 20504: 57070, 20505: 83288, 20506: 1012, 20507: 46494, 20508: 69995, 20509: 1012, 20510: 52945, 20511: 64727, 20512: 54448, 20513: 1291, 20514: 146, 20515: 52945, 20517: 35245, 20518: 226, 20519: 75379, 20520: 69995, 20521: 50588, 20522: 52945, 20523: 1543, 20524: 449, 20525: 728, 20527: 1617, 20528: 44206, 20530: 72051, 20531: 13828, 20532: 1259, 20533: 69990, 20534: 46793, 20535: 75958, 20536: 68173, 20537: 1617, 20538: 690, 20539: 69990, 20540: 1617, 20541: 71117, 20542: 1288, 20543: 449, 20544: 1014, 20545: 1585, 20546: 91896, 20547: 57070, 20549: 80479, 20550: 63270, 20552: 46494, 20553: 71117, 20554: 1288, 20555: 61726, 20556: 78631, 20557: 1391, 20558: 1502, 20559: 1399, 20560: 686, 20561: 46494, 20563: 65877, 20564: 1167, 20565: 85710, 20567: 69990, 20569: 51797, 20570: 743, 20571: 68173, 20572: 1347, 20573: 690, 20574: 67720, 20575: 449, 20576: 728, 20577: 48922, 20578: 1014, 20579: 1347, 20580: 35259, 20581: 75958, 20582: 48922, 20583: 743, 20584: 1347, 20585: 1543, 20587: 1161, 20588: 1012, 20589: 65161, 20590: 395, 20591: 449, 20592: 1188, 20593: 57290, 20594: 690, 20595: 522, 20596: 73383, 20597: 805, 20599: 1012, 20600: 63270, 20601: 63270, 20602: 35245, 20605: 226, 20606: 1161, 20607: 52945, 20608: 58096, 20609: 1173, 20610: 1084, 20611: 65877, 20612: 75453, 20613: 1457, 20614: 57309, 20615: 69995, 20616: 849, 20617: 1167, 20618: 1540, 20619: 765, 20620: 1457, 20621: 1167, 20622: 686, 20624: 1457, 20625: 65877, 20626: 686, 20628: 686, 20630: 66626, 20631: 519, 20633: 1107, 20634: 72051, 20635: 1084, 20636: 913, 20637: 1391, 20638: 146, 20639: 85669, 20640: 57639, 20641: 52945, 20642: 1391, 20643: 1193, 20645: 1391, 20646: 953, 20647: 686, 20648: 58096, 20650: 58096, 20651: 62344, 20652: 686, 20653: 1193, 20654: 85669, 20655: 1412, 20656: 184, 20659: 1585, 20661: 69995, 20662: 70373, 20663: 913, 20669: 522, 20670: 78631, 20671: 57639, 20672: 35259, 20673: 57972, 20675: 61726, 20676: 57972, 20677: 73235, 20678: 62344, 20680: 68173, 20681: 449, 20684: 1347, 20688: 1617, 20689: 69995, 20690: 52945, 20692: 57257, 20693: 85669, 20694: 66626, 20695: 1489, 20696: 1173, 20697: 1182, 20698: 58543, 20699: 63756, 20700: 50588, 20701: 913, 20702: 1167, 20703: 54448, 20704: 66626, 20705: 75379, 20706: 1182, 20707: 70342, 20708: 46494, 20709: 1161, 20710: 1161, 20711: 1543, 20712: 0, 20713: 75421, 20714: 52945, 20715: 690, 20716: 70342, 20717: 57639, 20719: 1585, 20720: 75453, 20721: 913, 20722: 805, 20723: 51797, 20724: 80479, 20725: 85669, 20726: 46793, 20727: 78631, 20729: 1617, 20730: 88486, 20731: 48922, 20732: 1054, 20734: 1288, 20735: 57309, 20736: 1014, 20737: 73383, 20739: 35259, 20740: 57455, 20741: 686, 20742: 1167, 20743: 1116, 20744: 68650, 20746: 69990, 20747: 91053, 20748: 58096, 20749: 69990, 20750: 686, 20751: 1399, 20752: 1502, 20754: 44206, 20757: 1161, 20758: 1012, 20759: 62344, 20761: 1482, 20762: 75453, 20763: 63099, 20764: 1084, 20765: 63099, 20766: 63099, 20768: 184, 20769: 395, 20770: 77145, 20773: 70500, 20774: 1154, 20775: 69990, 20777: 1391, 20778: 70500, 20779: 1399, 20781: 1457, 20782: 49332, 20784: 57290, 20785: 2048, 20786: 70500, 20789: 1347, 20790: 58543, 20791: 70342, 20792: 46793, 20793: 146, 20794: 49332, 20795: 59008, 20796: 1188, 20797: 75421, 20798: 13699, 20799: 70373, 20800: 1482, 20802: 69242, 20803: 85710, 20804: 57309, 20805: 69242, 20806: 1391, 20807: 72051, 20808: 82067, 20809: 1291, 20810: 63099, 20811: 57070, 20813: 48266, 20814: 1482, 20815: 85687, 20816: 57455, 20817: 85687, 20818: 1391, 20819: 1502, 20820: 1167, 20821: 1116, 20822: 85687, 20823: 46494, 20824: 57417, 20825: 75453, 20826: 75379, 20827: 46494, 20828: 184, 20829: 67720, 20831: 57290, 20832: 57639, 20833: 1291, 20834: 728, 20835: 1502, 20836: 1583, 20837: 57070, 20838: 57070, 20840: 2048, 20841: 1412, 20842: 1357, 20843: 226, 20844: 57455, 20845: 65877, 20846: 1300, 20850: 65877, 20852: 90927, 20853: 51797, 20854: 72051, 20856: 46793, 20858: 48266, 20859: 82070, 20860: 63882, 20861: 63882, 20862: 82070, 20863: 82070, 20864: 395, 20872: 953, 20873: 395, 20874: 0, 20875: 91053, 20876: 683, 20877: 83288, 20881: 75379, 20883: 75453, 20884: 57972, 20885: 59008, 20886: 64727, 20887: 1540, 20888: 82070, 20889: 683, 20890: 64727, 20891: 1391, 20892: 82070, 20894: 85669, 20895: 64790, 20897: 1540, 20900: 1457, 20901: 75379, 20902: 72039, 20904: 63099, 20905: 522, 20906: 765, 20907: 1188, 20909: 65877, 20910: 182, 20911: 849, 20913: 72051, 20916: 85669, 20917: 87001, 20918: 73383, 20919: 63882, 20921: 58543, 20922: 82070, 20923: 690, 20925: 1294, 20926: 85700, 20928: 1300, 20929: 51797, 20930: 61726, 20931: 51797, 20932: 1288, 20933: 57290, 20934: 63099, 20935: 82070, 20936: 91053, 20937: 1399, 20938: 1193, 20939: 1502, 20940: 1223, 20941: 72039, 20942: 1399, 20943: 69985, 20944: 1193, 20948: 83288, 20949: 1193, 20950: 87001, 20951: 1300, 20953: 64727, 20954: 68173, 20955: 1457, 20956: 57639, 20958: 57639, 20959: 65877, 20960: 54448, 20961: 1012, 20962: 1300, 20963: 69995, 20964: 72039, 20965: 91053, 20966: 64790, 20967: 1054, 20968: 44206, 20969: 85700, 20970: 57972, 20971: 63756, 20973: 85710, 20974: 59008, 20975: 1154, 20977: 85710, 20978: 63756, 20979: 0, 20980: 63756, 20981: 49332, 20982: 72039, 20983: 1054, 20985: 72039, 20986: 728, 20987: 64790, 20988: 1054, 20990: 85710, 20992: 68650, 20993: 72039, 20995: 1012, 20997: 83288, 20998: 82070, 20999: 87001, 21000: 63882, 21001: 70500, 21002: 57639, 21003: 57972, 21005: 83288, 21006: 72051, 21007: 2048, 21008: 69995, 21009: 65877, 21011: 72039, 21012: 87001, 21013: 57290, 21014: 65877, 21015: 91053, 21016: 72051, 21017: 64790, 21018: 1193, 21019: 184, 21020: 69985, 21021: 1543, 21022: 75379, 21023: 63270, 21028: 86055, 21030: 85700, 21032: 52945, 21033: 35245, 21034: 1154, 21035: 58543, 21036: 35259, 21037: 1223, 21038: 728, 21039: 63270, 21041: 85700, 21043: 67720, 21045: 1188, 21047: 86055, 21050: 83288, 21053: 1294, 21055: 82080, 21056: 1585, 21057: 1107, 21058: 1107, 21059: 395, 21060: 1107, 21061: 46494, 21062: 1502, 21063: 1014, 21064: 57381, 21065: 1543, 21066: 1188, 21067: 683, 21068: 73383, 21069: 46494, 21070: 69990, 21072: 1107, 21073: 1182, 21074: 67720, 21075: 78645, 21077: 1540, 21084: 1617, 21085: 88653, 21086: 90942, 21087: 57649, 21091: 85710, 21092: 58096, 21093: 85646, 21096: 2346, 21097: 74355, 21098: 63756, 21099: 2114, 21100: 2076, 21101: 2346, 21102: 2114, 21103: 1116, 21104: 59008, 21105: 80140, 21106: 2114, 21107: 73235, 21108: 56939, 21109: 56939, 21110: 80140, 21112: 1391, 21113: 89226, 21115: 2114, 21116: 89226, 21117: 80140, 21118: 83288, 21119: 89226, 21120: 2076, 21121: 74355, 21123: 80140, 21124: 88653, 21125: 88653, 21126: 74355, 21127: 56939, 21128: 74355, 21129: 74355, 21130: 53429, 21132: 57649, 21133: 87984, 21134: 53429, 21135: 56939, 21136: 53429, 21138: 57649, 21139: 56939, 21140: 57649, 21141: 86157, 21142: 80140, 21143: 53429, 21144: 2114, 21145: 53429, 21146: 89226, 21147: 53429, 21148: 2114, 21149: 2076, 21150: 86213, 21151: 87984, 21153: 2114, 21154: 44206, 21155: 86157, 21156: 80140, 21157: 1188, 21159: 89226, 21163: 146, 21164: 86157, 21165: 88653, 21166: 88653, 21167: 80140, 21168: 2114, 21170: 88653, 21171: 53429, 21172: 57649, 21173: 56939, 21174: 90998, 21175: 1223, 21176: 56939, 21177: 56939, 21178: 57649, 21179: 86213, 21180: 90998, 21181: 86213, 21182: 86157, 21184: 56939, 21185: 86213, 21186: 86213, 21187: 0, 21188: 0, 21189: 0, 21190: 78631, 21191: 184, 21192: 59008, 21193: 57639, 21194: 0, 21195: 395, 21196: 1489, 21197: 57649, 21198: 74355, 21199: 2076, 21203: 90998, 21205: 74355, 21206: 86213, 21208: 87984, 21209: 89226, 21223: 683, 21226: 683, 21227: 1585, 21228: 68173, 21229: 0, 21230: 69990, 21231: 519, 21232: 57381, 21233: 1259, 21234: 805, 21235: 690, 21236: 71117, 21237: 71117, 21238: 1288, 21239: 805, 21240: 82080, 21241: 395, 21244: 64727, 21249: 0, 21262: 1489, 21265: 68182, 21271: 65161, 21279: 91053, 21280: 57639, 21288: 63756, 21290: 59008, 21298: 72051, 21303: 1457, 21304: 46494, 21305: 1294, 21306: 1167, 21307: 728, 21308: 1294, 21311: 1347, 21312: 88486, 21313: 1054, 21314: 1540, 21315: 1347, 21316: 71117, 21317: 765, 21318: 395, 21319: 1294, 21322: 69985, 21324: 71117, 21325: 550, 21326: 57455, 21327: 519, 21328: 35259, 21329: 805, 21331: 57972, 21333: 51797, 21334: 57455, 21335: 1357, 21336: 765, 21338: 1054, 21339: 1457, 21340: 1294, 21341: 765, 21344: 1288, 21345: 0, 21346: 57309, 21348: 63099, 21349: 0, 21351: 1259, 21354: 78626, 21356: 77145, 21357: 85646, 21358: 35245, 21363: 1347, 21366: 65941, 21369: 88486, 21370: 1054, 21378: 70342, 21384: 1188, 21398: 805, 21445: 2114, 21446: 58096, 21447: 1357, 21448: 35259, 21450: 69990, 21454: 48922, 21455: 1014, 21460: 1482, 21462: 1585, 21463: 75453, 21465: 0, 21468: 1391, 21470: 226, 21474: 686, 21475: 1012, 21477: 91896, 21478: 61726, 21479: 1107, 21480: 519, 21481: 1161, 21482: 1161, 21483: 70373, 21484: 69995, 21487: 51797, 21488: 65161, 21489: 91053, 21490: 1259, 21491: 1113, 21492: 1161, 21493: 50453, 21494: 342}",0.0,duplicado
650144.5829213328,Cruzamento,1733628426.8313153,61,"{20331: 1084, 20332: 46793, 20333: 1489, 20334: 1412, 20335: 1294, 20336: 82085, 20337: 65341, 20338: 48266, 20339: 46793, 20340: 1412, 20341: 1294, 20342: 1182, 20343: 70342, 20344: 849, 20345: 63099, 20346: 1084, 20347: 1489, 20348: 48266, 20349: 1347, 20350: 69990, 20351: 1347, 20352: 57309, 20353: 57257, 20354: 46793, 20355: 1347, 20356: 849, 20357: 1583, 20358: 2048, 20359: 1291, 20360: 765, 20361: 75421, 20362: 1489, 20363: 1412, 20364: 70342, 20365: 70171, 20366: 70171, 20367: 77145, 20368: 65341, 20369: 75453, 20370: 48266, 20371: 1347, 20372: 46793, 20373: 1617, 20378: 65341, 20379: 75421, 20380: 1489, 20381: 1182, 20383: 57257, 20384: 63099, 20385: 57257, 20386: 13699, 20387: 70342, 20388: 1084, 20389: 75421, 20392: 849, 20393: 69242, 20394: 51797, 20395: 48266, 20396: 449, 20397: 1583, 20398: 765, 20399: 44206, 20400: 46793, 20401: 1412, 20402: 48266, 20403: 184, 20404: 743, 20405: 82080, 20406: 728, 20407: 395, 20408: 449, 20409: 35259, 20410: 690, 20411: 67720, 20412: 75379, 20413: 1482, 20414: 67720, 20415: 71117, 20416: 70342, 20417: 57381, 20418: 82080, 20419: 519, 20421: 1294, 20422: 1489, 20423: 1585, 20427: 44206, 20428: 57381, 20429: 449, 20432: 1543, 20433: 449, 20434: 46494, 20436: 805, 20437: 69242, 20438: 69990, 20439: 1259, 20440: 743, 20441: 46494, 20442: 69985, 20443: 690, 20444: 82080, 20445: 805, 20446: 67720, 20447: 78645, 20449: 1012, 20450: 69995, 20451: 80479, 20452: 57455, 20453: 57455, 20454: 52945, 20455: 913, 20456: 50588, 20457: 51797, 20458: 913, 20459: 1161, 20460: 1585, 20461: 63270, 20462: 69995, 20463: 49332, 20465: 65341, 20466: 1012, 20467: 1291, 20468: 1107, 20469: 1259, 20471: 57381, 20472: 57381, 20473: 743, 20475: 72051, 20476: 1617, 20481: 1107, 20482: 75379, 20484: 52945, 20485: 75379, 20486: 54448, 20487: 449, 20488: 1188, 20489: 69990, 20490: 70342, 20491: 67720, 20492: 805, 20493: 1107, 20494: 46494, 20495: 683, 20496: 75453, 20497: 50588, 20499: 65877, 20501: 44206, 20503: 57639, 20504: 69990, 20505: 62344, 20506: 85710, 20507: 1357, 20508: 1161, 20509: 50588, 20510: 913, 20511: 85646, 20512: 70342, 20513: 1291, 20514: 64790, 20515: 913, 20517: 69995, 20518: 69995, 20519: 63270, 20520: 52945, 20521: 65161, 20522: 1161, 20523: 1259, 20524: 68173, 20525: 519, 20527: 82080, 20528: 1502, 20530: 46494, 20531: 59008, 20532: 805, 20533: 75421, 20534: 65161, 20535: 48922, 20536: 44206, 20537: 69985, 20538: 69990, 20539: 449, 20540: 690, 20541: 1617, 20542: 75958, 20543: 48922, 20544: 728, 20545: 91896, 20546: 71117, 20547: 64790, 20549: 80479, 20550: 51797, 20552: 1288, 20553: 1502, 20554: 57290, 20555: 62344, 20556: 65877, 20557: 75379, 20558: 1107, 20559: 1391, 20560: 65877, 20561: 85710, 20563: 1167, 20564: 57070, 20565: 69990, 20567: 849, 20569: 52945, 20570: 91896, 20571: 1585, 20572: 1288, 20573: 35259, 20574: 48922, 20575: 44206, 20576: 75958, 20577: 69985, 20578: 1347, 20579: 71117, 20580: 68173, 20581: 1014, 20582: 35259, 20583: 1288, 20584: 71117, 20585: 2048, 20587: 1012, 20588: 63270, 20589: 52945, 20590: 82080, 20591: 57455, 20592: 683, 20593: 805, 20594: 72051, 20595: 59008, 20596: 1347, 20597: 1585, 20599: 64727, 20600: 49332, 20601: 75379, 20602: 35245, 20605: 35245, 20606: 50588, 20607: 913, 20608: 57417, 20609: 1585, 20610: 1482, 20611: 1107, 20612: 686, 20613: 57309, 20614: 1167, 20615: 75453, 20616: 953, 20617: 61726, 20618: 85669, 20619: 1182, 20620: 1054, 20621: 1457, 20622: 849, 20624: 226, 20625: 1457, 20626: 69995, 20628: 1540, 20630: 69995, 20631: 449, 20633: 69242, 20634: 73383, 20635: 1583, 20636: 54448, 20637: 1583, 20638: 226, 20639: 1391, 20640: 52945, 20641: 85669, 20642: 62344, 20643: 1391, 20645: 52945, 20646: 85669, 20647: 57639, 20648: 686, 20650: 686, 20651: 1193, 20652: 58096, 20653: 1391, 20654: 953, 20655: 1482, 20656: 1084, 20659: 70342, 20661: 64727, 20662: 57309, 20663: 1161, 20669: 69242, 20670: 65877, 20671: 1540, 20672: 57972, 20673: 57639, 20675: 78631, 20676: 78631, 20677: 61726, 20678: 75379, 20680: 69990, 20681: 1188, 20684: 1543, 20688: 805, 20689: 50588, 20690: 64727, 20692: 1182, 20693: 58096, 20694: 913, 20695: 75453, 20696: 75379, 20697: 184, 20698: 85669, 20699: 70342, 20700: 54448, 20701: 54448, 20702: 1288, 20703: 66626, 20704: 1173, 20705: 50588, 20706: 57309, 20707: 54448, 20708: 1399, 20709: 1161, 20710: 1161, 20711: 1014, 20712: 0, 20713: 57257, 20714: 52945, 20715: 57290, 20716: 913, 20717: 58543, 20719: 54448, 20720: 75453, 20721: 1012, 20722: 46494, 20723: 1489, 20724: 80479, 20725: 78631, 20726: 46793, 20727: 62344, 20729: 48266, 20730: 1113, 20731: 743, 20732: 765, 20734: 690, 20735: 65877, 20736: 522, 20737: 44206, 20739: 65877, 20740: 1188, 20741: 1357, 20742: 1116, 20743: 78631, 20744: 69995, 20746: 69990, 20747: 57309, 20748: 1107, 20749: 57639, 20750: 849, 20751: 1012, 20752: 190, 20754: 743, 20757: 1585, 20758: 54448, 20759: 57639, 20761: 70373, 20762: 1084, 20763: 63099, 20764: 1617, 20765: 1347, 20766: 70373, 20768: 0, 20769: 519, 20770: 77145, 20773: 1347, 20774: 57290, 20775: 58096, 20777: 1182, 20778: 2048, 20779: 70500, 20781: 57290, 20782: 67720, 20784: 57070, 20785: 57070, 20786: 1167, 20789: 728, 20790: 58543, 20791: 184, 20792: 82085, 20793: 70500, 20794: 49332, 20795: 69242, 20796: 68650, 20797: 2048, 20798: 70373, 20799: 69242, 20800: 1482, 20802: 57381, 20803: 68650, 20804: 68650, 20805: 13699, 20806: 58543, 20807: 57381, 20808: 85687, 20809: 58096, 20810: 46793, 20811: 48266, 20813: 49332, 20814: 49332, 20815: 82067, 20816: 57309, 20817: 82067, 20818: 58096, 20819: 1502, 20820: 85669, 20821: 78631, 20822: 1399, 20823: 1014, 20824: 226, 20825: 849, 20826: 85710, 20827: 62344, 20828: 63270, 20829: 1259, 20831: 1391, 20832: 1399, 20833: 1617, 20834: 86055, 20835: 62344, 20836: 849, 20837: 0, 20838: 1347, 20840: 1583, 20841: 57455, 20842: 83288, 20843: 57290, 20844: 1482, 20845: 57639, 20846: 1223, 20850: 87001, 20852: 57309, 20853: 1457, 20854: 1585, 20856: 686, 20858: 70373, 20859: 82070, 20860: 63882, 20861: 63882, 20862: 82070, 20863: 82070, 20864: 395, 20872: 953, 20873: 226, 20874: 0, 20875: 64727, 20876: 805, 20877: 63882, 20881: 64727, 20883: 70500, 20884: 82070, 20885: 1391, 20886: 67720, 20887: 1457, 20888: 82070, 20889: 1502, 20890: 91053, 20891: 1391, 20892: 72039, 20894: 765, 20895: 44206, 20897: 85669, 20900: 1167, 20901: 68650, 20902: 83288, 20904: 1188, 20905: 73383, 20906: 849, 20907: 1188, 20909: 65877, 20910: 72051, 20911: 1107, 20913: 73383, 20916: 1116, 20917: 84328, 20918: 69990, 20919: 84328, 20921: 63099, 20922: 82070, 20923: 57381, 20925: 1294, 20926: 65941, 20928: 1300, 20929: 51797, 20930: 0, 20931: 1223, 20932: 64790, 20933: 743, 20934: 1193, 20935: 63882, 20936: 65941, 20937: 67720, 20938: 1193, 20939: 395, 20940: 65161, 20941: 87001, 20942: 75379, 20943: 57290, 20944: 59008, 20948: 65877, 20949: 1193, 20950: 63882, 20951: 64790, 20953: 64727, 20954: 48922, 20955: 1116, 20956: 58096, 20958: 63756, 20959: 87001, 20960: 1399, 20961: 1502, 20962: 184, 20963: 146, 20964: 72039, 20965: 65941, 20966: 59008, 20967: 85710, 20968: 75453, 20969: 1300, 20970: 72039, 20971: 59008, 20973: 1054, 20974: 63756, 20975: 58096, 20977: 1399, 20978: 1502, 20979: 1193, 20980: 63756, 20981: 57070, 20982: 83288, 20983: 57972, 20985: 83288, 20986: 1167, 20987: 0, 20988: 63756, 20990: 57972, 20992: 57417, 20993: 83288, 20995: 85710, 20997: 72039, 20998: 63882, 20999: 57972, 21000: 82070, 21001: 78631, 21002: 1167, 21003: 57972, 21005: 83288, 21006: 57070, 21007: 1300, 21008: 69995, 21009: 57972, 21011: 87001, 21012: 84328, 21013: 57639, 21014: 65877, 21015: 91053, 21016: 146, 21017: 85700, 21018: 35245, 21019: 63756, 21020: 68173, 21021: 1188, 21022: 63270, 21023: 1457, 21028: 86055, 21030: 85700, 21032: 54448, 21033: 728, 21034: 57417, 21035: 1399, 21036: 91896, 21037: 2048, 21038: 1457, 21039: 1300, 21041: 72051, 21043: 146, 21045: 75453, 21047: 57290, 21050: 57639, 21053: 1294, 21055: 82080, 21056: 57381, 21057: 449, 21058: 63756, 21059: 1107, 21060: 1107, 21061: 78645, 21062: 1014, 21063: 46494, 21064: 1014, 21065: 1188, 21066: 1259, 21067: 683, 21068: 72051, 21069: 72051, 21070: 57290, 21072: 71117, 21073: 69995, 21074: 1617, 21075: 78645, 21077: 1540, 21084: 67720, 21085: 88653, 21086: 90942, 21087: 57649, 21091: 85710, 21092: 58096, 21093: 85646, 21096: 2346, 21097: 74355, 21098: 63756, 21099: 2114, 21100: 2076, 21101: 2346, 21102: 2114, 21103: 1116, 21104: 59008, 21105: 80140, 21106: 2114, 21107: 73235, 21108: 56939, 21109: 56939, 21110: 80140, 21112: 1391, 21113: 89226, 21115: 2114, 21116: 89226, 21117: 80140, 21118: 83288, 21119: 89226, 21120: 2076, 21121: 74355, 21123: 80140, 21124: 88653, 21125: 88653, 21126: 74355, 21127: 56939, 21128: 74355, 21129: 74355, 21130: 53429, 21132: 57649, 21133: 87984, 21134: 53429, 21135: 56939, 21136: 53429, 21138: 57649, 21139: 56939, 21140: 57649, 21141: 86157, 21142: 80140, 21143: 53429, 21144: 2114, 21145: 53429, 21146: 89226, 21147: 88653, 21148: 53429, 21149: 80140, 21150: 80140, 21151: 86213, 21153: 53429, 21154: 1223, 21155: 86157, 21156: 87984, 21157: 1288, 21159: 2346, 21163: 146, 21164: 86157, 21165: 80140, 21166: 90998, 21167: 87984, 21168: 90998, 21170: 90998, 21171: 86213, 21172: 57649, 21173: 2076, 21174: 2114, 21175: 0, 21176: 2076, 21177: 87984, 21178: 88653, 21179: 56939, 21180: 2346, 21181: 57649, 21182: 86157, 21184: 87984, 21185: 0, 21186: 2076, 21187: 0, 21188: 0, 21189: 0, 21190: 63270, 21191: 184, 21192: 1223, 21193: 70500, 21194: 0, 21195: 1167, 21196: 70342, 21197: 74355, 21198: 2114, 21199: 86213, 21203: 2076, 21205: 53429, 21206: 86213, 21208: 87984, 21209: 89226, 21223: 1585, 21226: 1014, 21227: 69985, 21228: 46494, 21229: 395, 21230: 78645, 21231: 395, 21232: 1259, 21233: 683, 21234: 70342, 21235: 1259, 21236: 57381, 21237: 71117, 21238: 1543, 21239: 72051, 21240: 1107, 21241: 1347, 21244: 66626, 21249: 1012, 21262: 57070, 21265: 13699, 21271: 91053, 21279: 59008, 21280: 59008, 21288: 57290, 21290: 51797, 21298: 57639, 21303: 1347, 21304: 35259, 21305: 35259, 21306: 226, 21307: 64790, 21308: 1113, 21311: 1540, 21312: 1294, 21313: 35259, 21314: 88486, 21315: 57417, 21316: 1054, 21317: 1347, 21318: 57455, 21319: 51797, 21322: 690, 21324: 13828, 21325: 13828, 21326: 35259, 21327: 1347, 21328: 519, 21329: 78626, 21331: 72039, 21333: 57455, 21334: 57455, 21335: 226, 21336: 765, 21338: 1502, 21339: 1054, 21340: 1107, 21341: 1294, 21344: 1300, 21345: 72039, 21346: 91053, 21348: 63099, 21349: 0, 21351: 69990, 21354: 519, 21356: 90927, 21357: 75379, 21358: 184, 21363: 57257, 21366: 65941, 21369: 765, 21370: 63756, 21378: 68173, 21384: 44206, 21398: 78626, 21445: 74355, 21446: 62344, 21447: 1347, 21448: 67720, 21450: 1014, 21454: 68173, 21455: 683, 21460: 0, 21462: 82080, 21463: 75453, 21465: 0, 21468: 1391, 21470: 226, 21474: 686, 21475: 1012, 21477: 91896, 21478: 61726, 21479: 1107, 21480: 519, 21481: 1161, 21482: 1161, 21483: 70373, 21484: 69995, 21487: 51797, 21488: 65161, 21489: 91053, 21490: 1259, 21491: 1113, 21492: 1161, 21493: 50453, 21494: 342}",0.0,duplicado
649522.539571999,Cruzamento,1733628426.8313153,61,"{20331: 1084, 20332: 46793, 20333: 1489, 20334: 1412, 20335: 1294, 20336: 82085, 20337: 65341, 20338: 48266, 20339: 46793, 20340: 1412, 20341: 1294, 20342: 1182, 20343: 70342, 20344: 849, 20345: 63099, 20346: 1084, 20347: 1489, 20348: 48266, 20349: 1347, 20350: 69990, 20351: 1347, 20352: 57309, 20353: 57257, 20354: 46793, 20355: 1347, 20356: 849, 20357: 1583, 20358: 2048, 20359: 1291, 20360: 765, 20361: 75421, 20362: 1489, 20363: 1412, 20364: 70342, 20365: 70171, 20366: 70171, 20367: 77145, 20368: 65341, 20369: 75453, 20370: 48266, 20371: 1347, 20372: 46793, 20373: 1617, 20378: 65341, 20379: 75421, 20380: 1489, 20381: 1182, 20383: 57257, 20384: 63099, 20385: 57257, 20386: 13699, 20387: 70342, 20388: 1084, 20389: 75421, 20392: 849, 20393: 69242, 20394: 51797, 20395: 48266, 20396: 449, 20397: 1583, 20398: 765, 20399: 44206, 20400: 46793, 20401: 1412, 20402: 48266, 20403: 184, 20404: 743, 20405: 82080, 20406: 728, 20407: 395, 20408: 449, 20409: 35259, 20410: 690, 20411: 67720, 20412: 75379, 20413: 1482, 20414: 67720, 20415: 71117, 20416: 70342, 20417: 57381, 20418: 82080, 20419: 519, 20421: 1294, 20422: 1489, 20423: 1585, 20427: 44206, 20428: 57381, 20429: 449, 20432: 1543, 20433: 449, 20434: 46494, 20436: 805, 20437: 69242, 20438: 69990, 20439: 1259, 20440: 743, 20441: 46494, 20442: 69985, 20443: 690, 20444: 82080, 20445: 805, 20446: 67720, 20447: 78645, 20449: 1012, 20450: 69995, 20451: 80479, 20452: 57455, 20453: 57455, 20454: 52945, 20455: 913, 20456: 50588, 20457: 51797, 20458: 913, 20459: 1161, 20460: 1585, 20461: 63270, 20462: 69995, 20463: 49332, 20465: 65341, 20466: 1012, 20467: 1291, 20468: 1107, 20469: 1259, 20471: 57381, 20472: 57381, 20473: 743, 20475: 72051, 20476: 1617, 20481: 1107, 20482: 75379, 20484: 52945, 20485: 75379, 20486: 54448, 20487: 449, 20488: 1188, 20489: 69990, 20490: 70342, 20491: 67720, 20492: 805, 20493: 1107, 20494: 46494, 20495: 683, 20496: 75453, 20497: 50588, 20499: 65877, 20501: 44206, 20503: 57639, 20504: 69990, 20505: 62344, 20506: 85710, 20507: 1357, 20508: 1161, 20509: 50588, 20510: 913, 20511: 85646, 20512: 70342, 20513: 1291, 20514: 64790, 20515: 913, 20517: 69995, 20518: 69995, 20519: 63270, 20520: 52945, 20521: 65161, 20522: 1161, 20523: 1259, 20524: 68173, 20525: 519, 20527: 82080, 20528: 1502, 20530: 46494, 20531: 59008, 20532: 805, 20533: 75421, 20534: 65161, 20535: 48922, 20536: 44206, 20537: 69985, 20538: 69990, 20539: 449, 20540: 690, 20541: 1617, 20542: 75958, 20543: 48922, 20544: 728, 20545: 91896, 20546: 71117, 20547: 64790, 20549: 80479, 20550: 51797, 20552: 1288, 20553: 1502, 20554: 57290, 20555: 62344, 20556: 65877, 20557: 75379, 20558: 1107, 20559: 1391, 20560: 65877, 20561: 85710, 20563: 1167, 20564: 57070, 20565: 69990, 20567: 849, 20569: 52945, 20570: 91896, 20571: 1585, 20572: 1288, 20573: 35259, 20574: 48922, 20575: 44206, 20576: 75958, 20577: 69985, 20578: 1347, 20579: 71117, 20580: 68173, 20581: 1014, 20582: 35259, 20583: 1288, 20584: 71117, 20585: 2048, 20587: 1012, 20588: 63270, 20589: 52945, 20590: 82080, 20591: 57455, 20592: 683, 20593: 805, 20594: 72051, 20595: 59008, 20596: 1347, 20597: 1585, 20599: 64727, 20600: 49332, 20601: 75379, 20602: 35245, 20605: 35245, 20606: 50588, 20607: 913, 20608: 57417, 20609: 1585, 20610: 1482, 20611: 1107, 20612: 686, 20613: 57309, 20614: 1167, 20615: 75453, 20616: 953, 20617: 61726, 20618: 85669, 20619: 1182, 20620: 1054, 20621: 1457, 20622: 849, 20624: 226, 20625: 1457, 20626: 69995, 20628: 1540, 20630: 69995, 20631: 449, 20633: 69242, 20634: 73383, 20635: 1583, 20636: 54448, 20637: 1583, 20638: 226, 20639: 1391, 20640: 52945, 20641: 85669, 20642: 62344, 20643: 1391, 20645: 52945, 20646: 85669, 20647: 57639, 20648: 686, 20650: 686, 20651: 1193, 20652: 58096, 20653: 1391, 20654: 953, 20655: 1482, 20656: 1084, 20659: 70342, 20661: 64727, 20662: 57309, 20663: 1161, 20669: 69242, 20670: 65877, 20671: 1540, 20672: 57972, 20673: 57639, 20675: 78631, 20676: 78631, 20677: 61726, 20678: 75379, 20680: 69990, 20681: 1188, 20684: 1543, 20688: 805, 20689: 50588, 20690: 64727, 20692: 1182, 20693: 58096, 20694: 913, 20695: 75453, 20696: 75379, 20697: 184, 20698: 85669, 20699: 70342, 20700: 54448, 20701: 54448, 20702: 1288, 20703: 66626, 20704: 1173, 20705: 50588, 20706: 57309, 20707: 54448, 20708: 1399, 20709: 1161, 20710: 1161, 20711: 1014, 20712: 0, 20713: 57257, 20714: 52945, 20715: 57290, 20716: 913, 20717: 58543, 20719: 54448, 20720: 75453, 20721: 1012, 20722: 46494, 20723: 1489, 20724: 80479, 20725: 78631, 20726: 46793, 20727: 62344, 20729: 48266, 20730: 1113, 20731: 743, 20732: 765, 20734: 690, 20735: 65877, 20736: 522, 20737: 44206, 20739: 65877, 20740: 1188, 20741: 1357, 20742: 1116, 20743: 78631, 20744: 69995, 20746: 69990, 20747: 57309, 20748: 1107, 20749: 57639, 20750: 849, 20751: 1012, 20752: 190, 20754: 743, 20757: 1585, 20758: 54448, 20759: 57639, 20761: 70373, 20762: 1084, 20763: 63099, 20764: 1617, 20765: 1347, 20766: 70373, 20768: 0, 20769: 519, 20770: 77145, 20773: 1347, 20774: 57290, 20775: 58096, 20777: 1182, 20778: 2048, 20779: 70500, 20781: 57290, 20782: 67720, 20784: 57070, 20785: 57070, 20786: 1167, 20789: 728, 20790: 58543, 20791: 184, 20792: 82085, 20793: 70500, 20794: 49332, 20795: 69242, 20796: 68650, 20797: 2048, 20798: 70373, 20799: 69242, 20800: 1482, 20802: 57381, 20803: 68650, 20804: 68650, 20805: 13699, 20806: 58543, 20807: 57381, 20808: 85687, 20809: 58096, 20810: 46793, 20811: 48266, 20813: 49332, 20814: 49332, 20815: 82067, 20816: 57309, 20817: 82067, 20818: 58096, 20819: 1502, 20820: 85669, 20821: 78631, 20822: 1399, 20823: 1014, 20824: 226, 20825: 849, 20826: 85710, 20827: 62344, 20828: 63270, 20829: 1259, 20831: 1391, 20832: 1399, 20833: 1617, 20834: 86055, 20835: 62344, 20836: 849, 20837: 0, 20838: 1347, 20840: 1583, 20841: 57455, 20842: 83288, 20843: 57290, 20844: 1482, 20845: 57639, 20846: 1223, 20850: 87001, 20852: 57309, 20853: 1457, 20854: 1585, 20856: 686, 20858: 70373, 20859: 82070, 20860: 63882, 20861: 63882, 20862: 82070, 20863: 82070, 20864: 395, 20872: 953, 20873: 226, 20874: 0, 20875: 64727, 20876: 805, 20877: 63882, 20881: 64727, 20883: 70500, 20884: 82070, 20885: 1391, 20886: 67720, 20887: 1457, 20888: 82070, 20889: 1502, 20890: 91053, 20891: 1391, 20892: 72039, 20894: 765, 20895: 44206, 20897: 85669, 20900: 1167, 20901: 68650, 20902: 83288, 20904: 1188, 20905: 73383, 20906: 849, 20907: 1188, 20909: 65877, 20910: 72051, 20911: 1107, 20913: 73383, 20916: 1116, 20917: 84328, 20918: 69990, 20919: 84328, 20921: 63099, 20922: 82070, 20923: 57381, 20925: 1294, 20926: 65941, 20928: 1300, 20929: 51797, 20930: 0, 20931: 1223, 20932: 64790, 20933: 743, 20934: 1193, 20935: 63882, 20936: 65941, 20937: 67720, 20938: 1193, 20939: 395, 20940: 65161, 20941: 87001, 20942: 75379, 20943: 57290, 20944: 59008, 20948: 65877, 20949: 1193, 20950: 63882, 20951: 64790, 20953: 64727, 20954: 48922, 20955: 1116, 20956: 58096, 20958: 63756, 20959: 87001, 20960: 1399, 20961: 1502, 20962: 184, 20963: 146, 20964: 72039, 20965: 65941, 20966: 59008, 20967: 85710, 20968: 75453, 20969: 1300, 20970: 72039, 20971: 59008, 20973: 1054, 20974: 63756, 20975: 58096, 20977: 1399, 20978: 1502, 20979: 1193, 20980: 63756, 20981: 57070, 20982: 83288, 20983: 57972, 20985: 83288, 20986: 1167, 20987: 0, 20988: 63756, 20990: 57972, 20992: 57417, 20993: 83288, 20995: 85710, 20997: 72039, 20998: 63882, 20999: 57972, 21000: 82070, 21001: 78631, 21002: 1167, 21003: 57972, 21005: 83288, 21006: 57070, 21007: 1300, 21008: 69995, 21009: 57972, 21011: 87001, 21012: 84328, 21013: 57639, 21014: 65877, 21015: 91053, 21016: 146, 21017: 85700, 21018: 35245, 21019: 63756, 21020: 68173, 21021: 1188, 21022: 63270, 21023: 1457, 21028: 86055, 21030: 85700, 21032: 54448, 21033: 728, 21034: 57417, 21035: 1399, 21036: 91896, 21037: 2048, 21038: 1457, 21039: 1300, 21041: 72051, 21043: 146, 21045: 75453, 21047: 57290, 21050: 57639, 21053: 1294, 21055: 82080, 21056: 57381, 21057: 449, 21058: 63756, 21059: 1107, 21060: 1107, 21061: 78645, 21062: 1014, 21063: 46494, 21064: 1014, 21065: 1188, 21066: 1259, 21067: 683, 21068: 72051, 21069: 72051, 21070: 57290, 21072: 71117, 21073: 69995, 21074: 1617, 21075: 78645, 21077: 1540, 21084: 67720, 21085: 88653, 21086: 90942, 21087: 57649, 21091: 85710, 21092: 58096, 21093: 85646, 21096: 2346, 21097: 74355, 21098: 63756, 21099: 2114, 21100: 2076, 21101: 2346, 21102: 2114, 21103: 1116, 21104: 59008, 21105: 80140, 21106: 2114, 21107: 73235, 21108: 56939, 21109: 56939, 21110: 80140, 21112: 1391, 21113: 89226, 21115: 2114, 21116: 89226, 21117: 80140, 21118: 83288, 21119: 89226, 21120: 2076, 21121: 74355, 21123: 80140, 21124: 88653, 21125: 88653, 21126: 74355, 21127: 56939, 21128: 74355, 21129: 74355, 21130: 53429, 21132: 57649, 21133: 87984, 21134: 53429, 21135: 56939, 21136: 53429, 21138: 57649, 21139: 56939, 21140: 57649, 21141: 86157, 21142: 80140, 21143: 53429, 21144: 2114, 21145: 53429, 21146: 89226, 21147: 88653, 21148: 53429, 21149: 80140, 21150: 80140, 21151: 86213, 21153: 53429, 21154: 1223, 21155: 86157, 21156: 87984, 21157: 1288, 21159: 2346, 21163: 146, 21164: 86157, 21165: 80140, 21166: 90998, 21167: 87984, 21168: 90998, 21170: 90998, 21171: 86213, 21172: 57649, 21173: 2076, 21174: 2114, 21175: 0, 21176: 2076, 21177: 87984, 21178: 88653, 21179: 56939, 21180: 2346, 21181: 57649, 21182: 86157, 21184: 87984, 21185: 0, 21186: 2076, 21187: 0, 21188: 0, 21189: 0, 21190: 63270, 21191: 184, 21192: 1223, 21193: 70500, 21194: 0, 21195: 1167, 21196: 70342, 21197: 74355, 21198: 2114, 21199: 86213, 21203: 2076, 21205: 53429, 21206: 86213, 21208: 87984, 21209: 89226, 21223: 1585, 21226: 1014, 21227: 69985, 21228: 46494, 21229: 395, 21230: 78645, 21231: 395, 21232: 1259, 21233: 683, 21234: 70342, 21235: 1259, 21236: 57381, 21237: 71117, 21238: 1543, 21239: 72051, 21240: 1107, 21241: 1347, 21244: 66626, 21249: 1012, 21262: 57070, 21265: 13699, 21271: 91053, 21279: 59008, 21280: 59008, 21288: 57290, 21290: 51797, 21298: 57639, 21303: 1347, 21304: 35259, 21305: 35259, 21306: 226, 21307: 64790, 21308: 1113, 21311: 1540, 21312: 1294, 21313: 35259, 21314: 88486, 21315: 57417, 21316: 1054, 21317: 1347, 21318: 57455, 21319: 51797, 21322: 690, 21324: 13828, 21325: 13828, 21326: 35259, 21327: 1347, 21328: 519, 21329: 78626, 21331: 57972, 21333: 51797, 21334: 57455, 21335: 1357, 21336: 765, 21338: 1054, 21339: 1457, 21340: 1294, 21341: 765, 21344: 1288, 21345: 0, 21346: 57309, 21348: 63099, 21349: 0, 21351: 1259, 21354: 78626, 21356: 77145, 21357: 85646, 21358: 35245, 21363: 1347, 21366: 65941, 21369: 88486, 21370: 1054, 21378: 70342, 21384: 1188, 21398: 805, 21445: 2114, 21446: 58096, 21447: 1357, 21448: 35259, 21450: 69990, 21454: 48922, 21455: 1014, 21460: 1482, 21462: 1585, 21463: 75453, 21465: 0, 21468: 1391, 21470: 226, 21474: 686, 21475: 1012, 21477: 91896, 21478: 61726, 21479: 1107, 21480: 519, 21481: 1161, 21482: 1161, 21483: 70373, 21484: 69995, 21487: 51797, 21488: 65161, 21489: 91053, 21490: 1259, 21491: 1113, 21492: 1161, 21493: 50453, 21494: 342}",0.0,duplicado
649522.539571999,Cruzamento,1733628432.1688359,63,"{20331: 1084, 20332: 46793, 20333: 1489, 20334: 1412, 20335: 1294, 20336: 82085, 20337: 65341, 20338: 48266, 20339: 46793, 20340: 1412, 20341: 1294, 20342: 1182, 20343: 70342, 20344: 849, 20345: 63099, 20346: 1084, 20347: 1489, 20348: 48266, 20349: 1347, 20350: 69990, 20351: 1347, 20352: 57309, 20353: 57257, 20354: 46793, 20355: 1347, 20356: 849, 20357: 1583, 20358: 2048, 20359: 1291, 20360: 765, 20361: 75421, 20362: 1489, 20363: 1412, 20364: 70342, 20365: 70171, 20366: 70171, 20367: 77145, 20368: 65341, 20369: 75453, 20370: 48266, 20371: 1347, 20372: 46793, 20373: 1617, 20378: 65341, 20379: 75421, 20380: 1489, 20381: 1182, 20383: 57257, 20384: 63099, 20385: 57257, 20386: 13699, 20387: 70342, 20388: 1084, 20389: 75421, 20392: 849, 20393: 69242, 20394: 51797, 20395: 48266, 20396: 449, 20397: 1583, 20398: 765, 20399: 44206, 20400: 46793, 20401: 1412, 20402: 48266, 20403: 184, 20404: 743, 20405: 82080, 20406: 728, 20407: 395, 20408: 449, 20409: 35259, 20410: 690, 20411: 67720, 20412: 75379, 20413: 1482, 20414: 67720, 20415: 71117, 20416: 70342, 20417: 57381, 20418: 82080, 20419: 519, 20421: 1294, 20422: 1489, 20423: 1585, 20427: 44206, 20428: 57381, 20429: 449, 20432: 1543, 20433: 449, 20434: 46494, 20436: 805, 20437: 69242, 20438: 69990, 20439: 1259, 20440: 743, 20441: 46494, 20442: 69985, 20443: 690, 20444: 82080, 20445: 805, 20446: 67720, 20447: 78645, 20449: 1012, 20450: 69995, 20451: 80479, 20452: 57455, 20453: 57455, 20454: 52945, 20455: 913, 20456: 50588, 20457: 51797, 20458: 913, 20459: 1161, 20460: 1585, 20461: 63270, 20462: 69995, 20463: 49332, 20465: 65341, 20466: 1012, 20467: 1291, 20468: 1107, 20469: 1259, 20471: 57381, 20472: 57381, 20473: 743, 20475: 72051, 20476: 1617, 20481: 1107, 20482: 75379, 20484: 52945, 20485: 75379, 20486: 54448, 20487: 449, 20488: 1188, 20489: 69990, 20490: 70342, 20491: 67720, 20492: 805, 20493: 1107, 20494: 46494, 20495: 683, 20496: 75453, 20497: 50588, 20499: 65877, 20501: 44206, 20503: 57639, 20504: 69990, 20505: 62344, 20506: 85710, 20507: 1357, 20508: 1161, 20509: 50588, 20510: 913, 20511: 85646, 20512: 70342, 20513: 1291, 20514: 64790, 20515: 913, 20517: 69995, 20518: 69995, 20519: 63270, 20520: 52945, 20521: 65161, 20522: 1161, 20523: 1259, 20524: 68173, 20525: 519, 20527: 82080, 20528: 1502, 20530: 46494, 20531: 59008, 20532: 805, 20533: 75421, 20534: 65161, 20535: 48922, 20536: 44206, 20537: 69985, 20538: 69990, 20539: 449, 20540: 690, 20541: 1617, 20542: 75958, 20543: 48922, 20544: 728, 20545: 91896, 20546: 71117, 20547: 64790, 20549: 80479, 20550: 51797, 20552: 1288, 20553: 1502, 20554: 57290, 20555: 62344, 20556: 65877, 20557: 75379, 20558: 1107, 20559: 1391, 20560: 65877, 20561: 85710, 20563: 1167, 20564: 57070, 20565: 69990, 20567: 849, 20569: 52945, 20570: 91896, 20571: 1585, 20572: 1288, 20573: 35259, 20574: 48922, 20575: 44206, 20576: 75958, 20577: 69985, 20578: 1347, 20579: 71117, 20580: 68173, 20581: 1014, 20582: 35259, 20583: 1288, 20584: 71117, 20585: 2048, 20587: 1012, 20588: 63270, 20589: 52945, 20590: 82080, 20591: 57455, 20592: 683, 20593: 805, 20594: 72051, 20595: 59008, 20596: 1347, 20597: 1585, 20599: 64727, 20600: 49332, 20601: 75379, 20602: 35245, 20605: 35245, 20606: 50588, 20607: 913, 20608: 57417, 20609: 1585, 20610: 1482, 20611: 1107, 20612: 686, 20613: 57309, 20614: 1167, 20615: 75453, 20616: 953, 20617: 61726, 20618: 85669, 20619: 1182, 20620: 1054, 20621: 1457, 20622: 849, 20624: 226, 20625: 1457, 20626: 69995, 20628: 1540, 20630: 69995, 20631: 449, 20633: 69242, 20634: 73383, 20635: 1583, 20636: 54448, 20637: 1583, 20638: 226, 20639: 1391, 20640: 52945, 20641: 85669, 20642: 62344, 20643: 1391, 20645: 52945, 20646: 85669, 20647: 57639, 20648: 686, 20650: 686, 20651: 1193, 20652: 58096, 20653: 1391, 20654: 953, 20655: 1482, 20656: 1084, 20659: 70342, 20661: 64727, 20662: 57309, 20663: 1161, 20669: 69242, 20670: 65877, 20671: 1540, 20672: 57972, 20673: 57639, 20675: 78631, 20676: 78631, 20677: 61726, 20678: 75379, 20680: 69990, 20681: 1188, 20684: 1543, 20688: 805, 20689: 50588, 20690: 64727, 20692: 1182, 20693: 58096, 20694: 913, 20695: 75453, 20696: 75379, 20697: 184, 20698: 85669, 20699: 70342, 20700: 54448, 20701: 54448, 20702: 1288, 20703: 66626, 20704: 1173, 20705: 50588, 20706: 57309, 20707: 54448, 20708: 1399, 20709: 1161, 20710: 1161, 20711: 1014, 20712: 0, 20713: 57257, 20714: 52945, 20715: 57290, 20716: 913, 20717: 58543, 20719: 54448, 20720: 75453, 20721: 1012, 20722: 46494, 20723: 1489, 20724: 80479, 20725: 78631, 20726: 46793, 20727: 62344, 20729: 48266, 20730: 1113, 20731: 743, 20732: 765, 20734: 690, 20735: 65877, 20736: 522, 20737: 44206, 20739: 65877, 20740: 1188, 20741: 1357, 20742: 1116, 20743: 78631, 20744: 69995, 20746: 69990, 20747: 57309, 20748: 1107, 20749: 57639, 20750: 849, 20751: 1012, 20752: 190, 20754: 743, 20757: 1585, 20758: 54448, 20759: 57639, 20761: 70373, 20762: 1084, 20763: 63099, 20764: 1617, 20765: 1347, 20766: 70373, 20768: 0, 20769: 519, 20770: 77145, 20773: 1347, 20774: 57290, 20775: 58096, 20777: 1182, 20778: 2048, 20779: 70500, 20781: 57290, 20782: 67720, 20784: 57070, 20785: 57070, 20786: 1167, 20789: 728, 20790: 58543, 20791: 184, 20792: 82085, 20793: 70500, 20794: 49332, 20795: 69242, 20796: 68650, 20797: 2048, 20798: 70373, 20799: 69242, 20800: 1482, 20802: 57381, 20803: 68650, 20804: 68650, 20805: 13699, 20806: 58543, 20807: 57381, 20808: 85687, 20809: 58096, 20810: 46793, 20811: 48266, 20813: 49332, 20814: 49332, 20815: 82067, 20816: 57309, 20817: 82067, 20818: 58096, 20819: 1502, 20820: 85669, 20821: 78631, 20822: 1399, 20823: 1014, 20824: 226, 20825: 849, 20826: 85710, 20827: 62344, 20828: 63270, 20829: 1259, 20831: 1391, 20832: 1399, 20833: 1617, 20834: 86055, 20835: 62344, 20836: 849, 20837: 0, 20838: 1347, 20840: 1583, 20841: 57455, 20842: 83288, 20843: 57290, 20844: 1482, 20845: 57639, 20846: 1223, 20850: 87001, 20852: 57309, 20853: 1457, 20854: 1585, 20856: 686, 20858: 70373, 20859: 82070, 20860: 63882, 20861: 63882, 20862: 82070, 20863: 82070, 20864: 395, 20872: 953, 20873: 226, 20874: 0, 20875: 64727, 20876: 805, 20877: 63882, 20881: 64727, 20883: 70500, 20884: 82070, 20885: 1391, 20886: 67720, 20887: 1457, 20888: 82070, 20889: 1502, 20890: 91053, 20891: 1391, 20892: 72039, 20894: 765, 20895: 44206, 20897: 85669, 20900: 1167, 20901: 68650, 20902: 83288, 20904: 1188, 20905: 73383, 20906: 849, 20907: 1188, 20909: 65877, 20910: 72051, 20911: 1107, 20913: 73383, 20916: 1116, 20917: 84328, 20918: 69990, 20919: 84328, 20921: 63099, 20922: 82070, 20923: 57381, 20925: 1294, 20926: 65941, 20928: 1300, 20929: 51797, 20930: 0, 20931: 1223, 20932: 64790, 20933: 743, 20934: 1193, 20935: 63882, 20936: 65941, 20937: 67720, 20938: 1193, 20939: 395, 20940: 65161, 20941: 87001, 20942: 75379, 20943: 57290, 20944: 59008, 20948: 65877, 20949: 1193, 20950: 63882, 20951: 64790, 20953: 64727, 20954: 48922, 20955: 1116, 20956: 58096, 20958: 63756, 20959: 87001, 20960: 1399, 20961: 1502, 20962: 184, 20963: 146, 20964: 72039, 20965: 65941, 20966: 59008, 20967: 85710, 20968: 75453, 20969: 1300, 20970: 72039, 20971: 59008, 20973: 1054, 20974: 63756, 20975: 58096, 20977: 1399, 20978: 1502, 20979: 1193, 20980: 63756, 20981: 57070, 20982: 83288, 20983: 57972, 20985: 83288, 20986: 1167, 20987: 0, 20988: 63756, 20990: 57972, 20992: 57417, 20993: 83288, 20995: 85710, 20997: 72039, 20998: 63882, 20999: 57972, 21000: 82070, 21001: 78631, 21002: 1167, 21003: 57972, 21005: 83288, 21006: 57070, 21007: 1300, 21008: 69995, 21009: 57972, 21011: 87001, 21012: 84328, 21013: 57639, 21014: 65877, 21015: 91053, 21016: 146, 21017: 85700, 21018: 35245, 21019: 63756, 21020: 68173, 21021: 1188, 21022: 63270, 21023: 1457, 21028: 86055, 21030: 85700, 21032: 54448, 21033: 728, 21034: 57417, 21035: 1399, 21036: 91896, 21037: 2048, 21038: 1457, 21039: 1300, 21041: 72051, 21043: 146, 21045: 75453, 21047: 57290, 21050: 57639, 21053: 1294, 21055: 82080, 21056: 57381, 21057: 449, 21058: 63756, 21059: 1107, 21060: 1107, 21061: 78645, 21062: 1014, 21063: 46494, 21064: 1014, 21065: 1188, 21066: 1259, 21067: 683, 21068: 72051, 21069: 72051, 21070: 57290, 21072: 71117, 21073: 69995, 21074: 1617, 21075: 78645, 21077: 1540, 21084: 67720, 21085: 88653, 21086: 90942, 21087: 57649, 21091: 85710, 21092: 58096, 21093: 85646, 21096: 2346, 21097: 74355, 21098: 63756, 21099: 2114, 21100: 2076, 21101: 2346, 21102: 2114, 21103: 1116, 21104: 59008, 21105: 80140, 21106: 2114, 21107: 73235, 21108: 56939, 21109: 56939, 21110: 80140, 21112: 1391, 21113: 89226, 21115: 2114, 21116: 89226, 21117: 80140, 21118: 83288, 21119: 89226, 21120: 2076, 21121: 74355, 21123: 80140, 21124: 88653, 21125: 88653, 21126: 74355, 21127: 56939, 21128: 74355, 21129: 74355, 21130: 53429, 21132: 57649, 21133: 87984, 21134: 53429, 21135: 56939, 21136: 53429, 21138: 57649, 21139: 56939, 21140: 57649, 21141: 86157, 21142: 80140, 21143: 53429, 21144: 2114, 21145: 53429, 21146: 89226, 21147: 88653, 21148: 53429, 21149: 80140, 21150: 80140, 21151: 86213, 21153: 53429, 21154: 1223, 21155: 86157, 21156: 87984, 21157: 1288, 21159: 2346, 21163: 146, 21164: 86157, 21165: 80140, 21166: 90998, 21167: 87984, 21168: 90998, 21170: 90998, 21171: 86213, 21172: 57649, 21173: 2076, 21174: 2114, 21175: 0, 21176: 2076, 21177: 87984, 21178: 88653, 21179: 56939, 21180: 2346, 21181: 57649, 21182: 86157, 21184: 87984, 21185: 0, 21186: 2076, 21187: 0, 21188: 0, 21189: 0, 21190: 63270, 21191: 184, 21192: 1223, 21193: 70500, 21194: 0, 21195: 1167, 21196: 70342, 21197: 74355, 21198: 2114, 21199: 86213, 21203: 2076, 21205: 53429, 21206: 86213, 21208: 87984, 21209: 89226, 21223: 1585, 21226: 1014, 21227: 69985, 21228: 46494, 21229: 395, 21230: 78645, 21231: 395, 21232: 1259, 21233: 683, 21234: 70342, 21235: 1259, 21236: 57381, 21237: 71117, 21238: 1543, 21239: 72051, 21240: 1107, 21241: 1347, 21244: 66626, 21249: 1012, 21262: 57070, 21265: 13699, 21271: 91053, 21279: 59008, 21280: 59008, 21288: 57290, 21290: 51797, 21298: 57639, 21303: 1347, 21304: 35259, 21305: 35259, 21306: 226, 21307: 64790, 21308: 1113, 21311: 1540, 21312: 1294, 21313: 35259, 21314: 88486, 21315: 57417, 21316: 1054, 21317: 1347, 21318: 57455, 21319: 51797, 21322: 690, 21324: 13828, 21325: 13828, 21326: 35259, 21327: 1347, 21328: 519, 21329: 78626, 21331: 57972, 21333: 51797, 21334: 57455, 21335: 1357, 21336: 765, 21338: 1054, 21339: 1457, 21340: 1294, 21341: 765, 21344: 1288, 21345: 0, 21346: 57309, 21348: 63099, 21349: 0, 21351: 1259, 21354: 78626, 21356: 77145, 21357: 85646, 21358: 35245, 21363: 1347, 21366: 65941, 21369: 88486, 21370: 1054, 21378: 70342, 21384: 1188, 21398: 805, 21445: 2114, 21446: 58096, 21447: 1357, 21448: 35259, 21450: 69990, 21454: 48922, 21455: 1014, 21460: 1482, 21462: 1585, 21463: 75453, 21465: 0, 21468: 1391, 21470: 226, 21474: 686, 21475: 1012, 21477: 91896, 21478: 61726, 21479: 1107, 21480: 519, 21481: 1161, 21482: 1161, 21483: 70373, 21484: 69995, 21487: 51797, 21488: 65161, 21489: 91053, 21490: 1259, 21491: 1113, 21492: 1161, 21493: 50453, 21494: 342}",0.0,duplicado
650144.5829213328,Cruzamento,1733628432.1688359,63,"{20331: 1084, 20332: 46793, 20333: 1489, 20334: 1412, 20335: 1294, 20336: 82085, 20337: 65341, 20338: 48266, 20339: 46793, 20340: 1412, 20341: 1294, 20342: 1182, 20343: 70342, 20344: 849, 20345: 63099, 20346: 1084, 20347: 1489, 20348: 48266, 20349: 1347, 20350: 69990, 20351: 1347, 20352: 57309, 20353: 57257, 20354: 46793, 20355: 1347, 20356: 849, 20357: 1583, 20358: 2048, 20359: 1291, 20360: 765, 20361: 75421, 20362: 1489, 20363: 1412, 20364: 70342, 20365: 70171, 20366: 70171, 20367: 77145, 20368: 65341, 20369: 75453, 20370: 48266, 20371: 1347, 20372: 46793, 20373: 1617, 20378: 65341, 20379: 75421, 20380: 1489, 20381: 1182, 20383: 57257, 20384: 63099, 20385: 57257, 20386: 13699, 20387: 70342, 20388: 1084, 20389: 75421, 20392: 849, 20393: 69242, 20394: 51797, 20395: 48266, 20396: 449, 20397: 1583, 20398: 765, 20399: 44206, 20400: 46793, 20401: 1412, 20402: 48266, 20403: 184, 20404: 743, 20405: 82080, 20406: 728, 20407: 395, 20408: 449, 20409: 35259, 20410: 690, 20411: 67720, 20412: 75379, 20413: 1482, 20414: 67720, 20415: 71117, 20416: 70342, 20417: 57381, 20418: 82080, 20419: 519, 20421: 1294, 20422: 1489, 20423: 1585, 20427: 44206, 20428: 57381, 20429: 449, 20432: 1543, 20433: 449, 20434: 46494, 20436: 805, 20437: 69242, 20438: 69990, 20439: 1259, 20440: 743, 20441: 46494, 20442: 69985, 20443: 690, 20444: 82080, 20445: 805, 20446: 67720, 20447: 78645, 20449: 1012, 20450: 69995, 20451: 80479, 20452: 57455, 20453: 57455, 20454: 52945, 20455: 913, 20456: 50588, 20457: 51797, 20458: 913, 20459: 1161, 20460: 1585, 20461: 63270, 20462: 69995, 20463: 49332, 20465: 65341, 20466: 1012, 20467: 1291, 20468: 1107, 20469: 1259, 20471: 57381, 20472: 57381, 20473: 743, 20475: 72051, 20476: 1617, 20481: 1107, 20482: 75379, 20484: 52945, 20485: 75379, 20486: 54448, 20487: 449, 20488: 1188, 20489: 69990, 20490: 70342, 20491: 67720, 20492: 805, 20493: 1107, 20494: 46494, 20495: 683, 20496: 75453, 20497: 50588, 20499: 65877, 20501: 44206, 20503: 57639, 20504: 69990, 20505: 62344, 20506: 85710, 20507: 1357, 20508: 1161, 20509: 50588, 20510: 913, 20511: 85646, 20512: 70342, 20513: 1291, 20514: 64790, 20515: 913, 20517: 69995, 20518: 69995, 20519: 63270, 20520: 52945, 20521: 65161, 20522: 1161, 20523: 1259, 20524: 68173, 20525: 519, 20527: 82080, 20528: 1502, 20530: 46494, 20531: 59008, 20532: 805, 20533: 75421, 20534: 65161, 20535: 48922, 20536: 44206, 20537: 69985, 20538: 69990, 20539: 449, 20540: 690, 20541: 1617, 20542: 75958, 20543: 48922, 20544: 728, 20545: 91896, 20546: 71117, 20547: 64790, 20549: 80479, 20550: 51797, 20552: 1288, 20553: 1502, 20554: 57290, 20555: 62344, 20556: 65877, 20557: 75379, 20558: 1107, 20559: 1391, 20560: 65877, 20561: 85710, 20563: 1167, 20564: 57070, 20565: 69990, 20567: 849, 20569: 52945, 20570: 91896, 20571: 1585, 20572: 1288, 20573: 35259, 20574: 48922, 20575: 44206, 20576: 75958, 20577: 69985, 20578: 1347, 20579: 71117, 20580: 68173, 20581: 1014, 20582: 35259, 20583: 1288, 20584: 71117, 20585: 2048, 20587: 1012, 20588: 63270, 20589: 52945, 20590: 82080, 20591: 57455, 20592: 683, 20593: 805, 20594: 72051, 20595: 59008, 20596: 1347, 20597: 1585, 20599: 64727, 20600: 49332, 20601: 75379, 20602: 35245, 20605: 35245, 20606: 50588, 20607: 913, 20608: 57417, 20609: 1585, 20610: 1482, 20611: 1107, 20612: 686, 20613: 57309, 20614: 1167, 20615: 75453, 20616: 953, 20617: 61726, 20618: 85669, 20619: 1182, 20620: 1054, 20621: 1457, 20622: 849, 20624: 226, 20625: 1457, 20626: 69995, 20628: 1540, 20630: 69995, 20631: 449, 20633: 69242, 20634: 73383, 20635: 1583, 20636: 54448, 20637: 1583, 20638: 226, 20639: 1391, 20640: 52945, 20641: 85669, 20642: 62344, 20643: 1391, 20645: 52945, 20646: 85669, 20647: 57639, 20648: 686, 20650: 686, 20651: 1193, 20652: 58096, 20653: 1391, 20654: 953, 20655: 1482, 20656: 1084, 20659: 70342, 20661: 64727, 20662: 57309, 20663: 1161, 20669: 69242, 20670: 65877, 20671: 1540, 20672: 57972, 20673: 57639, 20675: 78631, 20676: 78631, 20677: 61726, 20678: 75379, 20680: 69990, 20681: 1188, 20684: 1543, 20688: 805, 20689: 50588, 20690: 64727, 20692: 1182, 20693: 58096, 20694: 913, 20695: 75453, 20696: 75379, 20697: 184, 20698: 85669, 20699: 70342, 20700: 54448, 20701: 54448, 20702: 1288, 20703: 66626, 20704: 1173, 20705: 50588, 20706: 57309, 20707: 54448, 20708: 1399, 20709: 1161, 20710: 1161, 20711: 1014, 20712: 0, 20713: 57257, 20714: 52945, 20715: 57290, 20716: 913, 20717: 58543, 20719: 54448, 20720: 75453, 20721: 1012, 20722: 46494, 20723: 1489, 20724: 80479, 20725: 78631, 20726: 46793, 20727: 62344, 20729: 48266, 20730: 1113, 20731: 743, 20732: 765, 20734: 690, 20735: 65877, 20736: 522, 20737: 44206, 20739: 65877, 20740: 1188, 20741: 1357, 20742: 1116, 20743: 78631, 20744: 69995, 20746: 69990, 20747: 57309, 20748: 1107, 20749: 57639, 20750: 849, 20751: 1012, 20752: 190, 20754: 743, 20757: 1585, 20758: 54448, 20759: 57639, 20761: 70373, 20762: 1084, 20763: 63099, 20764: 1617, 20765: 1347, 20766: 70373, 20768: 0, 20769: 519, 20770: 77145, 20773: 1347, 20774: 57290, 20775: 58096, 20777: 1182, 20778: 2048, 20779: 70500, 20781: 57290, 20782: 67720, 20784: 57070, 20785: 57070, 20786: 1167, 20789: 728, 20790: 58543, 20791: 184, 20792: 82085, 20793: 70500, 20794: 49332, 20795: 69242, 20796: 68650, 20797: 2048, 20798: 70373, 20799: 69242, 20800: 1482, 20802: 57381, 20803: 68650, 20804: 68650, 20805: 13699, 20806: 58543, 20807: 57381, 20808: 85687, 20809: 58096, 20810: 46793, 20811: 48266, 20813: 49332, 20814: 49332, 20815: 82067, 20816: 57309, 20817: 82067, 20818: 58096, 20819: 1502, 20820: 85669, 20821: 78631, 20822: 1399, 20823: 1014, 20824: 226, 20825: 849, 20826: 85710, 20827: 62344, 20828: 63270, 20829: 1259, 20831: 1391, 20832: 1399, 20833: 1617, 20834: 86055, 20835: 62344, 20836: 849, 20837: 0, 20838: 1347, 20840: 1583, 20841: 57455, 20842: 83288, 20843: 57290, 20844: 1482, 20845: 57639, 20846: 1223, 20850: 87001, 20852: 57309, 20853: 1457, 20854: 1585, 20856: 686, 20858: 70373, 20859: 82070, 20860: 63882, 20861: 63882, 20862: 82070, 20863: 82070, 20864: 395, 20872: 953, 20873: 226, 20874: 0, 20875: 64727, 20876: 805, 20877: 63882, 20881: 64727, 20883: 70500, 20884: 82070, 20885: 1391, 20886: 67720, 20887: 1457, 20888: 82070, 20889: 1502, 20890: 91053, 20891: 1391, 20892: 72039, 20894: 765, 20895: 44206, 20897: 85669, 20900: 1167, 20901: 68650, 20902: 83288, 20904: 1188, 20905: 73383, 20906: 849, 20907: 1188, 20909: 65877, 20910: 72051, 20911: 1107, 20913: 73383, 20916: 1116, 20917: 84328, 20918: 69990, 20919: 84328, 20921: 63099, 20922: 82070, 20923: 57381, 20925: 1294, 20926: 65941, 20928: 1300, 20929: 51797, 20930: 0, 20931: 1223, 20932: 64790, 20933: 743, 20934: 1193, 20935: 63882, 20936: 65941, 20937: 67720, 20938: 1193, 20939: 395, 20940: 65161, 20941: 87001, 20942: 75379, 20943: 57290, 20944: 59008, 20948: 65877, 20949: 1193, 20950: 63882, 20951: 64790, 20953: 64727, 20954: 48922, 20955: 1116, 20956: 58096, 20958: 63756, 20959: 87001, 20960: 1399, 20961: 1502, 20962: 184, 20963: 146, 20964: 72039, 20965: 65941, 20966: 59008, 20967: 85710, 20968: 75453, 20969: 1300, 20970: 72039, 20971: 59008, 20973: 1054, 20974: 63756, 20975: 58096, 20977: 1399, 20978: 1502, 20979: 1193, 20980: 63756, 20981: 57070, 20982: 83288, 20983: 57972, 20985: 83288, 20986: 1167, 20987: 0, 20988: 63756, 20990: 57972, 20992: 57417, 20993: 83288, 20995: 85710, 20997: 72039, 20998: 63882, 20999: 57972, 21000: 82070, 21001: 78631, 21002: 1167, 21003: 57972, 21005: 83288, 21006: 57070, 21007: 1300, 21008: 69995, 21009: 57972, 21011: 87001, 21012: 84328, 21013: 57639, 21014: 65877, 21015: 91053, 21016: 146, 21017: 85700, 21018: 35245, 21019: 63756, 21020: 68173, 21021: 1188, 21022: 63270, 21023: 1457, 21028: 86055, 21030: 85700, 21032: 54448, 21033: 728, 21034: 57417, 21035: 1399, 21036: 91896, 21037: 2048, 21038: 1457, 21039: 1300, 21041: 72051, 21043: 146, 21045: 75453, 21047: 57290, 21050: 57639, 21053: 1294, 21055: 82080, 21056: 57381, 21057: 449, 21058: 63756, 21059: 1107, 21060: 1107, 21061: 78645, 21062: 1014, 21063: 46494, 21064: 1014, 21065: 1188, 21066: 1259, 21067: 683, 21068: 72051, 21069: 72051, 21070: 57290, 21072: 71117, 21073: 69995, 21074: 1617, 21075: 78645, 21077: 1540, 21084: 67720, 21085: 88653, 21086: 90942, 21087: 57649, 21091: 85710, 21092: 58096, 21093: 85646, 21096: 2346, 21097: 74355, 21098: 63756, 21099: 2114, 21100: 2076, 21101: 2346, 21102: 2114, 21103: 1116, 21104: 59008, 21105: 80140, 21106: 2114, 21107: 73235, 21108: 56939, 21109: 56939, 21110: 80140, 21112: 1391, 21113: 89226, 21115: 2114, 21116: 89226, 21117: 80140, 21118: 83288, 21119: 89226, 21120: 2076, 21121: 74355, 21123: 80140, 21124: 88653, 21125: 88653, 21126: 74355, 21127: 56939, 21128: 74355, 21129: 74355, 21130: 53429, 21132: 57649, 21133: 87984, 21134: 53429, 21135: 56939, 21136: 53429, 21138: 57649, 21139: 56939, 21140: 57649, 21141: 86157, 21142: 80140, 21143: 53429, 21144: 2114, 21145: 53429, 21146: 89226, 21147: 88653, 21148: 53429, 21149: 80140, 21150: 80140, 21151: 86213, 21153: 53429, 21154: 1223, 21155: 86157, 21156: 87984, 21157: 1288, 21159: 2346, 21163: 146, 21164: 86157, 21165: 80140, 21166: 90998, 21167: 87984, 21168: 90998, 21170: 90998, 21171: 86213, 21172: 57649, 21173: 2076, 21174: 2114, 21175: 0, 21176: 2076, 21177: 87984, 21178: 88653, 21179: 56939, 21180: 2346, 21181: 57649, 21182: 86157, 21184: 87984, 21185: 0, 21186: 2076, 21187: 0, 21188: 0, 21189: 0, 21190: 63270, 21191: 184, 21192: 1223, 21193: 70500, 21194: 0, 21195: 1167, 21196: 70342, 21197: 74355, 21198: 2114, 21199: 86213, 21203: 2076, 21205: 53429, 21206: 86213, 21208: 87984, 21209: 89226, 21223: 1585, 21226: 1014, 21227: 69985, 21228: 46494, 21229: 395, 21230: 78645, 21231: 395, 21232: 1259, 21233: 683, 21234: 70342, 21235: 1259, 21236: 57381, 21237: 71117, 21238: 1543, 21239: 72051, 21240: 1107, 21241: 1347, 21244: 66626, 21249: 1012, 21262: 57070, 21265: 13699, 21271: 91053, 21279: 59008, 21280: 59008, 21288: 57290, 21290: 51797, 21298: 57639, 21303: 1347, 21304: 35259, 21305: 35259, 21306: 226, 21307: 64790, 21308: 1113, 21311: 1540, 21312: 1294, 21313: 35259, 21314: 88486, 21315: 57417, 21316: 1054, 21317: 1347, 21318: 57455, 21319: 51797, 21322: 690, 21324: 13828, 21325: 13828, 21326: 35259, 21327: 1347, 21328: 519, 21329: 78626, 21331: 72039, 21333: 57455, 21334: 57455, 21335: 226, 21336: 765, 21338: 1502, 21339: 1054, 21340: 1107, 21341: 1294, 21344: 1300, 21345: 72039, 21346: 91053, 21348: 63099, 21349: 0, 21351: 69990, 21354: 519, 21356: 90927, 21357: 75379, 21358: 184, 21363: 57257, 21366: 65941, 21369: 765, 21370: 63756, 21378: 68173, 21384: 44206, 21398: 78626, 21445: 74355, 21446: 62344, 21447: 1347, 21448: 67720, 21450: 1014, 21454: 68173, 21455: 683, 21460: 0, 21462: 82080, 21463: 75453, 21465: 0, 21468: 1391, 21470: 226, 21474: 686, 21475: 1012, 21477: 91896, 21478: 61726, 21479: 1107, 21480: 519, 21481: 1161, 21482: 1161, 21483: 70373, 21484: 69995, 21487: 51797, 21488: 65161, 21489: 91053, 21490: 1259, 21491: 1113, 21492: 1161, 21493: 50453, 21494: 342}",0.0,duplicado
647727.9933160002,Cruzamento,1733628438.759023,65,"{20331: 1294, 20332: 70342, 20333: 1482, 20334: 82085, 20335: 1294, 20336: 57257, 20337: 65341, 20338: 1182, 20339: 1084, 20340: 57309, 20341: 765, 20342: 2048, 20343: 69242, 20344: 849, 20345: 57257, 20346: 1412, 20347: 63099, 20348: 1084, 20349: 75453, 20350: 63099, 20351: 75453, 20352: 69242, 20353: 70342, 20354: 849, 20355: 1489, 20356: 1489, 20357: 849, 20358: 70342, 20359: 57257, 20360: 2048, 20361: 58096, 20362: 1412, 20363: 1489, 20364: 184, 20365: 1617, 20366: 70171, 20367: 57309, 20368: 90927, 20369: 1617, 20370: 48266, 20371: 70373, 20372: 49332, 20373: 1291, 20378: 1182, 20379: 69990, 20380: 70342, 20381: 57070, 20383: 1583, 20384: 686, 20385: 75421, 20386: 68182, 20387: 75421, 20388: 13699, 20389: 68182, 20392: 1291, 20393: 63099, 20394: 75453, 20395: 48266, 20396: 1543, 20397: 849, 20398: 75421, 20399: 70342, 20400: 58096, 20401: 57455, 20402: 1489, 20403: 1084, 20404: 57455, 20405: 1288, 20406: 519, 20407: 743, 20408: 71117, 20409: 1288, 20410: 57381, 20411: 449, 20412: 226, 20413: 58096, 20414: 1014, 20415: 46494, 20416: 805, 20417: 57290, 20418: 683, 20419: 1617, 20421: 65341, 20422: 82085, 20423: 1585, 20427: 68173, 20428: 78645, 20429: 48922, 20432: 44206, 20433: 1502, 20434: 57290, 20436: 182, 20437: 1188, 20438: 1502, 20439: 57381, 20440: 73383, 20441: 70342, 20442: 57381, 20443: 13828, 20444: 71117, 20445: 683, 20446: 1502, 20447: 71117, 20449: 50588, 20450: 913, 20451: 80479, 20452: 80479, 20453: 35245, 20454: 69995, 20455: 52945, 20456: 70342, 20457: 46793, 20458: 1012, 20459: 51797, 20460: 63756, 20461: 35245, 20462: 64790, 20463: 57257, 20465: 57070, 20466: 63756, 20467: 849, 20468: 743, 20469: 67720, 20471: 1014, 20472: 13828, 20473: 1188, 20475: 67720, 20476: 1259, 20481: 71117, 20482: 35245, 20484: 85646, 20485: 46793, 20486: 913, 20487: 743, 20488: 44206, 20489: 683, 20490: 519, 20491: 78645, 20492: 57381, 20493: 82080, 20494: 91896, 20495: 1585, 20496: 58096, 20497: 54448, 20499: 1054, 20501: 1347, 20503: 35259, 20504: 57070, 20505: 83288, 20506: 1012, 20507: 46494, 20508: 69995, 20509: 1012, 20510: 52945, 20511: 64727, 20512: 54448, 20513: 1291, 20514: 146, 20515: 52945, 20517: 35245, 20518: 226, 20519: 75379, 20520: 69995, 20521: 50588, 20522: 52945, 20523: 1543, 20524: 449, 20525: 728, 20527: 1617, 20528: 44206, 20530: 72051, 20531: 13828, 20532: 1259, 20533: 69990, 20534: 46793, 20535: 75958, 20536: 68173, 20537: 1617, 20538: 690, 20539: 69990, 20540: 1617, 20541: 71117, 20542: 1288, 20543: 449, 20544: 1014, 20545: 1585, 20546: 91896, 20547: 57070, 20549: 80479, 20550: 63270, 20552: 46494, 20553: 71117, 20554: 1288, 20555: 61726, 20556: 78631, 20557: 1391, 20558: 1502, 20559: 1399, 20560: 686, 20561: 46494, 20563: 65877, 20564: 1167, 20565: 85710, 20567: 69990, 20569: 51797, 20570: 743, 20571: 68173, 20572: 1347, 20573: 690, 20574: 67720, 20575: 449, 20576: 728, 20577: 48922, 20578: 1014, 20579: 1347, 20580: 35259, 20581: 75958, 20582: 48922, 20583: 743, 20584: 1347, 20585: 1543, 20587: 1161, 20588: 1012, 20589: 65161, 20590: 395, 20591: 449, 20592: 1188, 20593: 57290, 20594: 690, 20595: 522, 20596: 73383, 20597: 805, 20599: 1012, 20600: 63270, 20601: 63270, 20602: 35245, 20605: 226, 20606: 1161, 20607: 52945, 20608: 58096, 20609: 1173, 20610: 1084, 20611: 65877, 20612: 75453, 20613: 1457, 20614: 57309, 20615: 69995, 20616: 849, 20617: 1167, 20618: 1540, 20619: 765, 20620: 1457, 20621: 1167, 20622: 686, 20624: 1457, 20625: 65877, 20626: 686, 20628: 686, 20630: 66626, 20631: 519, 20633: 1107, 20634: 72051, 20635: 1084, 20636: 913, 20637: 1391, 20638: 146, 20639: 85669, 20640: 57639, 20641: 52945, 20642: 1391, 20643: 1193, 20645: 1391, 20646: 953, 20647: 686, 20648: 58096, 20650: 58096, 20651: 62344, 20652: 686, 20653: 1193, 20654: 85669, 20655: 1412, 20656: 184, 20659: 1585, 20661: 69995, 20662: 70373, 20663: 913, 20669: 522, 20670: 78631, 20671: 57639, 20672: 35259, 20673: 57972, 20675: 61726, 20676: 57972, 20677: 73235, 20678: 62344, 20680: 68173, 20681: 449, 20684: 1347, 20688: 1617, 20689: 69995, 20690: 52945, 20692: 57257, 20693: 85669, 20694: 66626, 20695: 1489, 20696: 1173, 20697: 1182, 20698: 58543, 20699: 63756, 20700: 50588, 20701: 913, 20702: 1167, 20703: 54448, 20704: 66626, 20705: 75379, 20706: 1182, 20707: 70342, 20708: 46494, 20709: 1161, 20710: 1161, 20711: 1543, 20712: 0, 20713: 75421, 20714: 52945, 20715: 690, 20716: 70342, 20717: 57639, 20719: 1585, 20720: 75453, 20721: 913, 20722: 805, 20723: 51797, 20724: 80479, 20725: 85669, 20726: 46793, 20727: 78631, 20729: 1617, 20730: 88486, 20731: 48922, 20732: 1054, 20734: 1288, 20735: 57309, 20736: 1014, 20737: 73383, 20739: 35259, 20740: 57455, 20741: 686, 20742: 1167, 20743: 1116, 20744: 68650, 20746: 69990, 20747: 91053, 20748: 58096, 20749: 69990, 20750: 686, 20751: 1399, 20752: 1502, 20754: 44206, 20757: 1161, 20758: 1012, 20759: 62344, 20761: 1482, 20762: 75453, 20763: 63099, 20764: 1084, 20765: 63099, 20766: 63099, 20768: 184, 20769: 395, 20770: 77145, 20773: 70500, 20774: 1154, 20775: 69990, 20777: 1391, 20778: 70500, 20779: 1399, 20781: 1457, 20782: 49332, 20784: 57290, 20785: 2048, 20786: 70500, 20789: 1347, 20790: 58543, 20791: 70342, 20792: 46793, 20793: 146, 20794: 49332, 20795: 59008, 20796: 1188, 20797: 75421, 20798: 13699, 20799: 70373, 20800: 1482, 20802: 69242, 20803: 85710, 20804: 57309, 20805: 69242, 20806: 1391, 20807: 72051, 20808: 82067, 20809: 1291, 20810: 63099, 20811: 57070, 20813: 48266, 20814: 1482, 20815: 85687, 20816: 57455, 20817: 85687, 20818: 1391, 20819: 1502, 20820: 1167, 20821: 1116, 20822: 85687, 20823: 46494, 20824: 57417, 20825: 75453, 20826: 75379, 20827: 46494, 20828: 184, 20829: 67720, 20831: 57290, 20832: 57639, 20833: 1291, 20834: 728, 20835: 1502, 20836: 1583, 20837: 57070, 20838: 57070, 20840: 2048, 20841: 1412, 20842: 1357, 20843: 226, 20844: 57455, 20845: 65877, 20846: 1300, 20850: 65877, 20852: 90927, 20853: 51797, 20854: 72051, 20856: 46793, 20858: 48266, 20859: 82070, 20860: 63882, 20861: 63882, 20862: 82070, 20863: 82070, 20864: 395, 20872: 953, 20873: 395, 20874: 0, 20875: 91053, 20876: 683, 20877: 83288, 20881: 75379, 20883: 75453, 20884: 57972, 20885: 59008, 20886: 64727, 20887: 1540, 20888: 82070, 20889: 683, 20890: 64727, 20891: 1391, 20892: 82070, 20894: 85669, 20895: 64790, 20897: 1540, 20900: 1457, 20901: 75379, 20902: 72039, 20904: 63099, 20905: 522, 20906: 765, 20907: 1188, 20909: 65877, 20910: 182, 20911: 849, 20913: 72051, 20916: 85669, 20917: 87001, 20918: 73383, 20919: 63882, 20921: 58543, 20922: 82070, 20923: 690, 20925: 1294, 20926: 85700, 20928: 1300, 20929: 51797, 20930: 61726, 20931: 51797, 20932: 1288, 20933: 57290, 20934: 63099, 20935: 82070, 20936: 91053, 20937: 1399, 20938: 1193, 20939: 1502, 20940: 1223, 20941: 72039, 20942: 1399, 20943: 69985, 20944: 1193, 20948: 83288, 20949: 1193, 20950: 87001, 20951: 1300, 20953: 64727, 20954: 68173, 20955: 1457, 20956: 57639, 20958: 57639, 20959: 65877, 20960: 54448, 20961: 1012, 20962: 1300, 20963: 69995, 20964: 72039, 20965: 91053, 20966: 64790, 20967: 1054, 20968: 44206, 20969: 85700, 20970: 57972, 20971: 63756, 20973: 85710, 20974: 59008, 20975: 1154, 20977: 85710, 20978: 63756, 20979: 0, 20980: 63756, 20981: 49332, 20982: 72039, 20983: 1054, 20985: 72039, 20986: 728, 20987: 64790, 20988: 1054, 20990: 85710, 20992: 68650, 20993: 72039, 20995: 1012, 20997: 83288, 20998: 82070, 20999: 87001, 21000: 63882, 21001: 70500, 21002: 57639, 21003: 57972, 21005: 83288, 21006: 72051, 21007: 2048, 21008: 69995, 21009: 65877, 21011: 72039, 21012: 87001, 21013: 57290, 21014: 65877, 21015: 91053, 21016: 72051, 21017: 64790, 21018: 1193, 21019: 184, 21020: 69985, 21021: 1543, 21022: 75379, 21023: 63270, 21028: 86055, 21030: 85700, 21032: 52945, 21033: 35245, 21034: 1154, 21035: 58543, 21036: 35259, 21037: 1223, 21038: 728, 21039: 63270, 21041: 85700, 21043: 67720, 21045: 1188, 21047: 86055, 21050: 83288, 21053: 1294, 21055: 82080, 21056: 1585, 21057: 1107, 21058: 1107, 21059: 395, 21060: 1107, 21061: 46494, 21062: 1502, 21063: 1014, 21064: 57381, 21065: 1543, 21066: 1188, 21067: 683, 21068: 73383, 21069: 46494, 21070: 69990, 21072: 1107, 21073: 1182, 21074: 67720, 21075: 78645, 21077: 1540, 21084: 1617, 21085: 88653, 21086: 90942, 21087: 57649, 21091: 85710, 21092: 58096, 21093: 85646, 21096: 2346, 21097: 74355, 21098: 63756, 21099: 2114, 21100: 2076, 21101: 2346, 21102: 2114, 21103: 1116, 21104: 59008, 21105: 80140, 21106: 2114, 21107: 73235, 21108: 56939, 21109: 56939, 21110: 80140, 21112: 1391, 21113: 89226, 21115: 2114, 21116: 89226, 21117: 80140, 21118: 83288, 21119: 89226, 21120: 2076, 21121: 74355, 21123: 80140, 21124: 88653, 21125: 88653, 21126: 74355, 21127: 56939, 21128: 74355, 21129: 74355, 21130: 53429, 21132: 57649, 21133: 87984, 21134: 53429, 21135: 56939, 21136: 53429, 21138: 57649, 21139: 56939, 21140: 57649, 21141: 86157, 21142: 80140, 21143: 53429, 21144: 2114, 21145: 53429, 21146: 89226, 21147: 53429, 21148: 2114, 21149: 2076, 21150: 86213, 21151: 87984, 21153: 2114, 21154: 44206, 21155: 86157, 21156: 80140, 21157: 1188, 21159: 89226, 21163: 146, 21164: 86157, 21165: 88653, 21166: 88653, 21167: 80140, 21168: 2114, 21170: 88653, 21171: 53429, 21172: 57649, 21173: 56939, 21174: 90998, 21175: 1223, 21176: 56939, 21177: 56939, 21178: 57649, 21179: 86213, 21180: 90998, 21181: 86213, 21182: 86157, 21184: 56939, 21185: 86213, 21186: 86213, 21187: 0, 21188: 0, 21189: 0, 21190: 78631, 21191: 184, 21192: 59008, 21193: 57639, 21194: 0, 21195: 395, 21196: 1489, 21197: 57649, 21198: 74355, 21199: 2076, 21203: 90998, 21205: 74355, 21206: 86213, 21208: 87984, 21209: 89226, 21223: 683, 21226: 683, 21227: 1585, 21228: 68173, 21229: 0, 21230: 69990, 21231: 519, 21232: 57381, 21233: 1259, 21234: 805, 21235: 690, 21236: 71117, 21237: 71117, 21238: 1288, 21239: 805, 21240: 82080, 21241: 395, 21244: 64727, 21249: 0, 21262: 1489, 21265: 68182, 21271: 65161, 21279: 91053, 21280: 57639, 21288: 63756, 21290: 59008, 21298: 72051, 21303: 1457, 21304: 46494, 21305: 1294, 21306: 1167, 21307: 728, 21308: 1294, 21311: 1347, 21312: 88486, 21313: 1054, 21314: 1540, 21315: 1347, 21316: 71117, 21317: 765, 21318: 395, 21319: 1294, 21322: 69985, 21324: 71117, 21325: 550, 21326: 57455, 21327: 519, 21328: 35259, 21329: 805, 21331: 57972, 21333: 51797, 21334: 57455, 21335: 1357, 21336: 765, 21338: 1054, 21339: 1457, 21340: 1294, 21341: 765, 21344: 1288, 21345: 0, 21346: 57309, 21348: 63099, 21349: 0, 21351: 1259, 21354: 78626, 21356: 77145, 21357: 85646, 21358: 35245, 21363: 1347, 21366: 65941, 21369: 88486, 21370: 1054, 21378: 70342, 21384: 1188, 21398: 805, 21445: 2114, 21446: 58096, 21447: 1357, 21448: 35259, 21450: 69990, 21454: 48922, 21455: 1014, 21460: 1482, 21462: 1585, 21463: 75453, 21465: 0, 21468: 1391, 21470: 226, 21474: 686, 21475: 1012, 21477: 91896, 21478: 61726, 21479: 1107, 21480: 519, 21481: 1161, 21482: 1161, 21483: 70373, 21484: 69995, 21487: 51797, 21488: 65161, 21489: 91053, 21490: 1259, 21491: 1113, 21492: 1161, 21493: 50453, 21494: 342}",0.0,duplicado
647671.1386573338,Cruzamento,1733628438.759023,65,"{20331: 1294, 20332: 70342, 20333: 1482, 20334: 82085, 20335: 1294, 20336: 57257, 20337: 65341, 20338: 1182, 20339: 1084, 20340: 57309, 20341: 765, 20342: 2048, 20343: 69242, 20344: 849, 20345: 57257, 20346: 1412, 20347: 63099, 20348: 1084, 20349: 75453, 20350: 63099, 20351: 75453, 20352: 69242, 20353: 70342, 20354: 849, 20355: 1489, 20356: 1489, 20357: 849, 20358: 70342, 20359: 57257, 20360: 2048, 20361: 58096, 20362: 1412, 20363: 1489, 20364: 184, 20365: 1617, 20366: 70171, 20367: 57309, 20368: 90927, 20369: 1617, 20370: 48266, 20371: 70373, 20372: 49332, 20373: 1291, 20378: 1182, 20379: 69990, 20380: 70342, 20381: 57070, 20383: 1583, 20384: 686, 20385: 75421, 20386: 68182, 20387: 75421, 20388: 13699, 20389: 68182, 20392: 1291, 20393: 63099, 20394: 75453, 20395: 48266, 20396: 1543, 20397: 849, 20398: 75421, 20399: 70342, 20400: 58096, 20401: 57455, 20402: 1489, 20403: 1084, 20404: 57455, 20405: 1288, 20406: 519, 20407: 743, 20408: 71117, 20409: 1288, 20410: 57381, 20411: 449, 20412: 226, 20413: 58096, 20414: 1014, 20415: 46494, 20416: 805, 20417: 57290, 20418: 683, 20419: 1617, 20421: 65341, 20422: 82085, 20423: 1585, 20427: 68173, 20428: 78645, 20429: 48922, 20432: 44206, 20433: 1502, 20434: 57290, 20436: 182, 20437: 1188, 20438: 1502, 20439: 57381, 20440: 73383, 20441: 70342, 20442: 57381, 20443: 13828, 20444: 71117, 20445: 683, 20446: 1502, 20447: 71117, 20449: 50588, 20450: 913, 20451: 80479, 20452: 80479, 20453: 35245, 20454: 69995, 20455: 52945, 20456: 70342, 20457: 46793, 20458: 1012, 20459: 51797, 20460: 63756, 20461: 35245, 20462: 64790, 20463: 57257, 20465: 57070, 20466: 63756, 20467: 849, 20468: 743, 20469: 67720, 20471: 1014, 20472: 13828, 20473: 1188, 20475: 67720, 20476: 1259, 20481: 71117, 20482: 35245, 20484: 85646, 20485: 46793, 20486: 913, 20487: 743, 20488: 44206, 20489: 683, 20490: 519, 20491: 78645, 20492: 57381, 20493: 82080, 20494: 91896, 20495: 1585, 20496: 58096, 20497: 54448, 20499: 1054, 20501: 1347, 20503: 35259, 20504: 57070, 20505: 83288, 20506: 1012, 20507: 46494, 20508: 69995, 20509: 1012, 20510: 52945, 20511: 64727, 20512: 54448, 20513: 1291, 20514: 146, 20515: 52945, 20517: 35245, 20518: 226, 20519: 75379, 20520: 69995, 20521: 50588, 20522: 52945, 20523: 1543, 20524: 449, 20525: 728, 20527: 1617, 20528: 44206, 20530: 72051, 20531: 13828, 20532: 1259, 20533: 69990, 20534: 46793, 20535: 75958, 20536: 68173, 20537: 1617, 20538: 690, 20539: 69990, 20540: 1617, 20541: 71117, 20542: 1288, 20543: 449, 20544: 1014, 20545: 1585, 20546: 91896, 20547: 57070, 20549: 80479, 20550: 63270, 20552: 46494, 20553: 71117, 20554: 1288, 20555: 61726, 20556: 78631, 20557: 1391, 20558: 1502, 20559: 1399, 20560: 686, 20561: 46494, 20563: 65877, 20564: 1167, 20565: 85710, 20567: 69990, 20569: 51797, 20570: 743, 20571: 68173, 20572: 1347, 20573: 690, 20574: 67720, 20575: 449, 20576: 728, 20577: 48922, 20578: 1014, 20579: 1347, 20580: 35259, 20581: 75958, 20582: 48922, 20583: 743, 20584: 1347, 20585: 1543, 20587: 1161, 20588: 1012, 20589: 65161, 20590: 395, 20591: 449, 20592: 1188, 20593: 57290, 20594: 690, 20595: 522, 20596: 73383, 20597: 805, 20599: 1012, 20600: 63270, 20601: 63270, 20602: 35245, 20605: 226, 20606: 1161, 20607: 52945, 20608: 58096, 20609: 1173, 20610: 1084, 20611: 65877, 20612: 75453, 20613: 1457, 20614: 57309, 20615: 69995, 20616: 849, 20617: 1167, 20618: 1540, 20619: 765, 20620: 1457, 20621: 1167, 20622: 686, 20624: 1457, 20625: 65877, 20626: 686, 20628: 686, 20630: 66626, 20631: 519, 20633: 1107, 20634: 72051, 20635: 1084, 20636: 913, 20637: 1391, 20638: 146, 20639: 85669, 20640: 57639, 20641: 52945, 20642: 1391, 20643: 1193, 20645: 1391, 20646: 953, 20647: 686, 20648: 58096, 20650: 58096, 20651: 62344, 20652: 686, 20653: 1193, 20654: 85669, 20655: 1412, 20656: 184, 20659: 1585, 20661: 69995, 20662: 70373, 20663: 913, 20669: 522, 20670: 78631, 20671: 57639, 20672: 35259, 20673: 57972, 20675: 61726, 20676: 57972, 20677: 73235, 20678: 62344, 20680: 68173, 20681: 449, 20684: 1347, 20688: 1617, 20689: 69995, 20690: 52945, 20692: 57257, 20693: 85669, 20694: 66626, 20695: 1489, 20696: 1173, 20697: 1182, 20698: 58543, 20699: 63756, 20700: 50588, 20701: 913, 20702: 1167, 20703: 54448, 20704: 66626, 20705: 75379, 20706: 1182, 20707: 70342, 20708: 46494, 20709: 1161, 20710: 1161, 20711: 1543, 20712: 0, 20713: 75421, 20714: 52945, 20715: 690, 20716: 70342, 20717: 57639, 20719: 1585, 20720: 75453, 20721: 913, 20722: 805, 20723: 51797, 20724: 80479, 20725: 85669, 20726: 46793, 20727: 78631, 20729: 1617, 20730: 88486, 20731: 48922, 20732: 1054, 20734: 1288, 20735: 57309, 20736: 1014, 20737: 73383, 20739: 35259, 20740: 57455, 20741: 686, 20742: 1167, 20743: 1116, 20744: 68650, 20746: 69990, 20747: 91053, 20748: 58096, 20749: 69990, 20750: 686, 20751: 1399, 20752: 1502, 20754: 44206, 20757: 1161, 20758: 1012, 20759: 62344, 20761: 1482, 20762: 75453, 20763: 63099, 20764: 1084, 20765: 63099, 20766: 63099, 20768: 184, 20769: 395, 20770: 77145, 20773: 70500, 20774: 1154, 20775: 69990, 20777: 1391, 20778: 70500, 20779: 1399, 20781: 1457, 20782: 49332, 20784: 57290, 20785: 2048, 20786: 70500, 20789: 1347, 20790: 58543, 20791: 70342, 20792: 46793, 20793: 146, 20794: 49332, 20795: 59008, 20796: 1188, 20797: 75421, 20798: 13699, 20799: 70373, 20800: 1482, 20802: 69242, 20803: 85710, 20804: 57309, 20805: 69242, 20806: 1391, 20807: 72051, 20808: 82067, 20809: 1291, 20810: 63099, 20811: 57070, 20813: 48266, 20814: 1482, 20815: 85687, 20816: 57455, 20817: 85687, 20818: 1391, 20819: 1502, 20820: 1167, 20821: 1116, 20822: 85687, 20823: 46494, 20824: 57417, 20825: 75453, 20826: 75379, 20827: 46494, 20828: 184, 20829: 67720, 20831: 57290, 20832: 57639, 20833: 1291, 20834: 728, 20835: 1502, 20836: 1583, 20837: 57070, 20838: 57070, 20840: 2048, 20841: 1412, 20842: 1357, 20843: 226, 20844: 57455, 20845: 65877, 20846: 1300, 20850: 65877, 20852: 90927, 20853: 51797, 20854: 72051, 20856: 46793, 20858: 48266, 20859: 82070, 20860: 63882, 20861: 63882, 20862: 82070, 20863: 82070, 20864: 395, 20872: 953, 20873: 395, 20874: 0, 20875: 91053, 20876: 683, 20877: 83288, 20881: 75379, 20883: 75453, 20884: 57972, 20885: 59008, 20886: 64727, 20887: 1540, 20888: 82070, 20889: 683, 20890: 64727, 20891: 1391, 20892: 82070, 20894: 85669, 20895: 64790, 20897: 1540, 20900: 1457, 20901: 75379, 20902: 72039, 20904: 63099, 20905: 522, 20906: 765, 20907: 1188, 20909: 65877, 20910: 182, 20911: 849, 20913: 72051, 20916: 85669, 20917: 87001, 20918: 73383, 20919: 63882, 20921: 58543, 20922: 82070, 20923: 690, 20925: 1294, 20926: 85700, 20928: 1300, 20929: 51797, 20930: 61726, 20931: 51797, 20932: 1288, 20933: 57290, 20934: 63099, 20935: 82070, 20936: 91053, 20937: 1399, 20938: 1193, 20939: 1502, 20940: 1223, 20941: 72039, 20942: 1399, 20943: 69985, 20944: 1193, 20948: 83288, 20949: 1193, 20950: 87001, 20951: 1300, 20953: 64727, 20954: 68173, 20955: 1457, 20956: 57639, 20958: 57639, 20959: 65877, 20960: 54448, 20961: 1012, 20962: 1300, 20963: 69995, 20964: 72039, 20965: 91053, 20966: 64790, 20967: 1054, 20968: 44206, 20969: 85700, 20970: 57972, 20971: 63756, 20973: 85710, 20974: 59008, 20975: 1154, 20977: 85710, 20978: 63756, 20979: 0, 20980: 63756, 20981: 49332, 20982: 72039, 20983: 1054, 20985: 72039, 20986: 728, 20987: 64790, 20988: 1054, 20990: 85710, 20992: 68650, 20993: 72039, 20995: 1012, 20997: 83288, 20998: 82070, 20999: 87001, 21000: 63882, 21001: 70500, 21002: 57639, 21003: 57972, 21005: 83288, 21006: 72051, 21007: 2048, 21008: 69995, 21009: 65877, 21011: 72039, 21012: 87001, 21013: 57290, 21014: 65877, 21015: 91053, 21016: 72051, 21017: 64790, 21018: 1193, 21019: 184, 21020: 69985, 21021: 1543, 21022: 75379, 21023: 63270, 21028: 86055, 21030: 85700, 21032: 52945, 21033: 35245, 21034: 1154, 21035: 58543, 21036: 35259, 21037: 1223, 21038: 728, 21039: 63270, 21041: 85700, 21043: 67720, 21045: 1188, 21047: 86055, 21050: 83288, 21053: 1294, 21055: 82080, 21056: 1585, 21057: 1107, 21058: 1107, 21059: 395, 21060: 1107, 21061: 46494, 21062: 1502, 21063: 1014, 21064: 57381, 21065: 1543, 21066: 1188, 21067: 683, 21068: 73383, 21069: 46494, 21070: 69990, 21072: 1107, 21073: 1182, 21074: 67720, 21075: 78645, 21077: 1540, 21084: 1617, 21085: 2114, 21086: 89226, 21087: 87984, 21091: 1012, 21092: 78631, 21093: 63270, 21096: 2114, 21097: 53429, 21098: 65941, 21099: 2114, 21100: 2076, 21101: 57649, 21102: 80140, 21103: 1457, 21104: 51797, 21105: 88653, 21106: 2346, 21107: 62344, 21108: 2346, 21109: 2114, 21110: 90942, 21112: 75379, 21113: 88653, 21115: 2346, 21116: 80140, 21117: 57649, 21118: 88486, 21119: 2076, 21120: 2076, 21121: 74355, 21123: 57649, 21124: 2076, 21125: 53429, 21126: 57649, 21127: 56939, 21128: 74355, 21129: 74355, 21130: 53429, 21132: 57649, 21133: 87984, 21134: 53429, 21135: 56939, 21136: 53429, 21138: 57649, 21139: 56939, 21140: 57649, 21141: 86157, 21142: 80140, 21143: 53429, 21144: 2114, 21145: 53429, 21146: 89226, 21147: 88653, 21148: 53429, 21149: 80140, 21150: 80140, 21151: 86213, 21153: 53429, 21154: 1223, 21155: 86157, 21156: 87984, 21157: 1288, 21159: 2346, 21163: 146, 21164: 86157, 21165: 80140, 21166: 90998, 21167: 87984, 21168: 90998, 21170: 90998, 21171: 86213, 21172: 57649, 21173: 2076, 21174: 2114, 21175: 0, 21176: 2076, 21177: 87984, 21178: 88653, 21179: 56939, 21180: 2346, 21181: 57649, 21182: 86157, 21184: 87984, 21185: 0, 21186: 2076, 21187: 0, 21188: 0, 21189: 0, 21190: 63270, 21191: 184, 21192: 1223, 21193: 70500, 21194: 0, 21195: 1167, 21196: 70342, 21197: 74355, 21198: 2114, 21199: 86213, 21203: 2076, 21205: 53429, 21206: 86213, 21208: 87984, 21209: 89226, 21223: 1585, 21226: 1014, 21227: 69985, 21228: 46494, 21229: 395, 21230: 78645, 21231: 395, 21232: 1259, 21233: 683, 21234: 70342, 21235: 1259, 21236: 57381, 21237: 71117, 21238: 1543, 21239: 72051, 21240: 1107, 21241: 1347, 21244: 66626, 21249: 1012, 21262: 57070, 21265: 13699, 21271: 91053, 21279: 59008, 21280: 59008, 21288: 57290, 21290: 51797, 21298: 57639, 21303: 1347, 21304: 35259, 21305: 35259, 21306: 226, 21307: 64790, 21308: 1113, 21311: 1540, 21312: 1294, 21313: 35259, 21314: 88486, 21315: 57417, 21316: 1054, 21317: 1347, 21318: 57455, 21319: 51797, 21322: 690, 21324: 13828, 21325: 13828, 21326: 35259, 21327: 1347, 21328: 519, 21329: 78626, 21331: 72039, 21333: 57455, 21334: 57455, 21335: 226, 21336: 765, 21338: 1502, 21339: 1054, 21340: 1107, 21341: 1294, 21344: 1300, 21345: 72039, 21346: 91053, 21348: 63099, 21349: 0, 21351: 69990, 21354: 519, 21356: 90927, 21357: 75379, 21358: 184, 21363: 57257, 21366: 65941, 21369: 765, 21370: 63756, 21378: 68173, 21384: 44206, 21398: 78626, 21445: 74355, 21446: 62344, 21447: 1347, 21448: 67720, 21450: 1014, 21454: 68173, 21455: 683, 21460: 0, 21462: 82080, 21463: 75453, 21465: 0, 21468: 1391, 21470: 226, 21474: 686, 21475: 1012, 21477: 91896, 21478: 61726, 21479: 1107, 21480: 519, 21481: 1161, 21482: 1161, 21483: 70373, 21484: 69995, 21487: 51797, 21488: 65161, 21489: 91053, 21490: 1259, 21491: 1113, 21492: 1161, 21493: 50453, 21494: 342}",0.0,duplicado
649816.7921336666,Cruzamento,1733628441.0200694,66,"{20331: 1294, 20332: 70342, 20333: 1482, 20334: 82085, 20335: 1294, 20336: 57257, 20337: 65341, 20338: 1182, 20339: 1084, 20340: 57309, 20341: 765, 20342: 2048, 20343: 69242, 20344: 849, 20345: 57257, 20346: 1412, 20347: 63099, 20348: 1084, 20349: 75453, 20350: 63099, 20351: 75453, 20352: 69242, 20353: 70342, 20354: 849, 20355: 1489, 20356: 1489, 20357: 849, 20358: 70342, 20359: 57257, 20360: 2048, 20361: 58096, 20362: 1412, 20363: 1489, 20364: 184, 20365: 1617, 20366: 70171, 20367: 57309, 20368: 90927, 20369: 1617, 20370: 48266, 20371: 70373, 20372: 49332, 20373: 1291, 20378: 1182, 20379: 69990, 20380: 70342, 20381: 57070, 20383: 1583, 20384: 686, 20385: 75421, 20386: 68182, 20387: 75421, 20388: 13699, 20389: 68182, 20392: 1291, 20393: 63099, 20394: 75453, 20395: 48266, 20396: 1543, 20397: 849, 20398: 75421, 20399: 70342, 20400: 58096, 20401: 57455, 20402: 1489, 20403: 1084, 20404: 57455, 20405: 1288, 20406: 519, 20407: 743, 20408: 71117, 20409: 1288, 20410: 57381, 20411: 449, 20412: 226, 20413: 58096, 20414: 1014, 20415: 46494, 20416: 805, 20417: 57290, 20418: 683, 20419: 1617, 20421: 65341, 20422: 82085, 20423: 1585, 20427: 68173, 20428: 78645, 20429: 48922, 20432: 44206, 20433: 1502, 20434: 57290, 20436: 182, 20437: 1188, 20438: 1502, 20439: 57381, 20440: 73383, 20441: 70342, 20442: 57381, 20443: 13828, 20444: 71117, 20445: 683, 20446: 1502, 20447: 71117, 20449: 50588, 20450: 913, 20451: 80479, 20452: 80479, 20453: 35245, 20454: 69995, 20455: 52945, 20456: 70342, 20457: 46793, 20458: 1012, 20459: 51797, 20460: 63756, 20461: 35245, 20462: 64790, 20463: 57257, 20465: 57070, 20466: 63756, 20467: 849, 20468: 743, 20469: 67720, 20471: 1014, 20472: 13828, 20473: 1188, 20475: 67720, 20476: 1259, 20481: 71117, 20482: 35245, 20484: 85646, 20485: 46793, 20486: 913, 20487: 743, 20488: 44206, 20489: 683, 20490: 519, 20491: 78645, 20492: 57381, 20493: 82080, 20494: 91896, 20495: 1585, 20496: 58096, 20497: 54448, 20499: 1054, 20501: 1347, 20503: 35259, 20504: 57070, 20505: 83288, 20506: 1012, 20507: 46494, 20508: 69995, 20509: 1012, 20510: 52945, 20511: 64727, 20512: 54448, 20513: 1291, 20514: 146, 20515: 52945, 20517: 35245, 20518: 226, 20519: 75379, 20520: 69995, 20521: 50588, 20522: 52945, 20523: 1543, 20524: 449, 20525: 728, 20527: 1617, 20528: 44206, 20530: 72051, 20531: 13828, 20532: 1259, 20533: 69990, 20534: 46793, 20535: 75958, 20536: 68173, 20537: 1617, 20538: 690, 20539: 69990, 20540: 1617, 20541: 71117, 20542: 1288, 20543: 449, 20544: 1014, 20545: 1585, 20546: 91896, 20547: 57070, 20549: 80479, 20550: 63270, 20552: 46494, 20553: 71117, 20554: 1288, 20555: 61726, 20556: 78631, 20557: 1391, 20558: 1502, 20559: 1399, 20560: 686, 20561: 46494, 20563: 65877, 20564: 1167, 20565: 85710, 20567: 69990, 20569: 51797, 20570: 743, 20571: 68173, 20572: 1347, 20573: 690, 20574: 67720, 20575: 449, 20576: 728, 20577: 48922, 20578: 1014, 20579: 1347, 20580: 35259, 20581: 75958, 20582: 48922, 20583: 743, 20584: 1347, 20585: 1543, 20587: 1161, 20588: 1012, 20589: 65161, 20590: 395, 20591: 449, 20592: 1188, 20593: 57290, 20594: 690, 20595: 522, 20596: 73383, 20597: 805, 20599: 1012, 20600: 63270, 20601: 63270, 20602: 35245, 20605: 226, 20606: 1161, 20607: 52945, 20608: 58096, 20609: 1173, 20610: 1084, 20611: 65877, 20612: 75453, 20613: 1457, 20614: 57309, 20615: 69995, 20616: 849, 20617: 1167, 20618: 1540, 20619: 765, 20620: 1457, 20621: 1167, 20622: 686, 20624: 1457, 20625: 65877, 20626: 686, 20628: 686, 20630: 66626, 20631: 519, 20633: 1107, 20634: 72051, 20635: 1084, 20636: 913, 20637: 1391, 20638: 146, 20639: 85669, 20640: 57639, 20641: 52945, 20642: 1391, 20643: 1193, 20645: 1391, 20646: 953, 20647: 686, 20648: 58096, 20650: 58096, 20651: 62344, 20652: 686, 20653: 1193, 20654: 85669, 20655: 1412, 20656: 184, 20659: 1585, 20661: 69995, 20662: 70373, 20663: 913, 20669: 522, 20670: 78631, 20671: 57639, 20672: 35259, 20673: 57972, 20675: 61726, 20676: 57972, 20677: 73235, 20678: 62344, 20680: 68173, 20681: 449, 20684: 1347, 20688: 1617, 20689: 69995, 20690: 52945, 20692: 57257, 20693: 85669, 20694: 66626, 20695: 1489, 20696: 1173, 20697: 1182, 20698: 58543, 20699: 63756, 20700: 50588, 20701: 913, 20702: 1167, 20703: 54448, 20704: 66626, 20705: 75379, 20706: 1182, 20707: 70342, 20708: 46494, 20709: 1161, 20710: 1161, 20711: 1543, 20712: 0, 20713: 75421, 20714: 52945, 20715: 690, 20716: 70342, 20717: 57639, 20719: 1585, 20720: 75453, 20721: 913, 20722: 805, 20723: 51797, 20724: 80479, 20725: 85669, 20726: 46793, 20727: 78631, 20729: 1617, 20730: 88486, 20731: 48922, 20732: 1054, 20734: 1288, 20735: 57309, 20736: 1014, 20737: 73383, 20739: 35259, 20740: 57455, 20741: 686, 20742: 1167, 20743: 1116, 20744: 68650, 20746: 69990, 20747: 91053, 20748: 58096, 20749: 69990, 20750: 686, 20751: 1399, 20752: 1502, 20754: 44206, 20757: 1161, 20758: 1012, 20759: 62344, 20761: 1482, 20762: 75453, 20763: 63099, 20764: 1084, 20765: 63099, 20766: 63099, 20768: 184, 20769: 395, 20770: 77145, 20773: 70500, 20774: 1154, 20775: 69990, 20777: 1391, 20778: 70500, 20779: 1399, 20781: 1457, 20782: 49332, 20784: 57290, 20785: 2048, 20786: 70500, 20789: 1347, 20790: 58543, 20791: 70342, 20792: 46793, 20793: 146, 20794: 49332, 20795: 59008, 20796: 1188, 20797: 75421, 20798: 13699, 20799: 70373, 20800: 1482, 20802: 69242, 20803: 85710, 20804: 57309, 20805: 69242, 20806: 1391, 20807: 72051, 20808: 82067, 20809: 1291, 20810: 63099, 20811: 57070, 20813: 48266, 20814: 1482, 20815: 85687, 20816: 57455, 20817: 85687, 20818: 1391, 20819: 1502, 20820: 1167, 20821: 1116, 20822: 85687, 20823: 46494, 20824: 57417, 20825: 75453, 20826: 75379, 20827: 46494, 20828: 184, 20829: 67720, 20831: 57290, 20832: 57639, 20833: 1291, 20834: 728, 20835: 1502, 20836: 1583, 20837: 57070, 20838: 57070, 20840: 2048, 20841: 1412, 20842: 1357, 20843: 226, 20844: 57455, 20845: 65877, 20846: 1300, 20850: 65877, 20852: 90927, 20853: 51797, 20854: 72051, 20856: 46793, 20858: 48266, 20859: 82070, 20860: 63882, 20861: 63882, 20862: 82070, 20863: 82070, 20864: 395, 20872: 953, 20873: 395, 20874: 0, 20875: 91053, 20876: 683, 20877: 83288, 20881: 75379, 20883: 75453, 20884: 57972, 20885: 59008, 20886: 64727, 20887: 1540, 20888: 82070, 20889: 683, 20890: 64727, 20891: 1391, 20892: 82070, 20894: 85669, 20895: 64790, 20897: 1540, 20900: 1457, 20901: 75379, 20902: 72039, 20904: 63099, 20905: 522, 20906: 765, 20907: 1188, 20909: 65877, 20910: 182, 20911: 849, 20913: 72051, 20916: 85669, 20917: 87001, 20918: 73383, 20919: 63882, 20921: 58543, 20922: 82070, 20923: 690, 20925: 1294, 20926: 85700, 20928: 1300, 20929: 51797, 20930: 61726, 20931: 51797, 20932: 1288, 20933: 57290, 20934: 63099, 20935: 82070, 20936: 91053, 20937: 1399, 20938: 1193, 20939: 1502, 20940: 1223, 20941: 72039, 20942: 1399, 20943: 69985, 20944: 1193, 20948: 83288, 20949: 1193, 20950: 87001, 20951: 1300, 20953: 64727, 20954: 68173, 20955: 1457, 20956: 57639, 20958: 57639, 20959: 65877, 20960: 54448, 20961: 1012, 20962: 1300, 20963: 69995, 20964: 72039, 20965: 91053, 20966: 64790, 20967: 1054, 20968: 44206, 20969: 85700, 20970: 57972, 20971: 63756, 20973: 85710, 20974: 59008, 20975: 1154, 20977: 85710, 20978: 63756, 20979: 0, 20980: 63756, 20981: 49332, 20982: 72039, 20983: 1054, 20985: 72039, 20986: 728, 20987: 64790, 20988: 1054, 20990: 85710, 20992: 68650, 20993: 72039, 20995: 1012, 20997: 83288, 20998: 82070, 20999: 87001, 21000: 63882, 21001: 70500, 21002: 57639, 21003: 57972, 21005: 83288, 21006: 72051, 21007: 2048, 21008: 69995, 21009: 65877, 21011: 72039, 21012: 87001, 21013: 57290, 21014: 65877, 21015: 91053, 21016: 72051, 21017: 64790, 21018: 1193, 21019: 184, 21020: 69985, 21021: 1543, 21022: 75379, 21023: 63270, 21028: 86055, 21030: 85700, 21032: 52945, 21033: 35245, 21034: 1154, 21035: 58543, 21036: 35259, 21037: 1223, 21038: 728, 21039: 63270, 21041: 85700, 21043: 67720, 21045: 1188, 21047: 86055, 21050: 83288, 21053: 1294, 21055: 82080, 21056: 1585, 21057: 1107, 21058: 1107, 21059: 395, 21060: 1107, 21061: 46494, 21062: 1502, 21063: 1014, 21064: 57381, 21065: 1543, 21066: 1188, 21067: 683, 21068: 73383, 21069: 46494, 21070: 69990, 21072: 1107, 21073: 1182, 21074: 67720, 21075: 78645, 21077: 1540, 21084: 1617, 21085: 2114, 21086: 89226, 21087: 87984, 21091: 1012, 21092: 78631, 21093: 63270, 21096: 2114, 21097: 53429, 21098: 65941, 21099: 2114, 21100: 2076, 21101: 57649, 21102: 80140, 21103: 1457, 21104: 51797, 21105: 88653, 21106: 2346, 21107: 62344, 21108: 2346, 21109: 2114, 21110: 90942, 21112: 75379, 21113: 88653, 21115: 2346, 21116: 80140, 21117: 57649, 21118: 88486, 21119: 2076, 21120: 2076, 21121: 74355, 21123: 57649, 21124: 2076, 21125: 53429, 21126: 57649, 21127: 74355, 21128: 57649, 21129: 2114, 21130: 74355, 21132: 53429, 21133: 87984, 21134: 57649, 21135: 88653, 21136: 74355, 21138: 53429, 21139: 88653, 21140: 53429, 21141: 80140, 21142: 2346, 21143: 57649, 21144: 2114, 21145: 88653, 21146: 89226, 21147: 53429, 21148: 2114, 21149: 2076, 21150: 86213, 21151: 87984, 21153: 2114, 21154: 44206, 21155: 86157, 21156: 80140, 21157: 1188, 21159: 89226, 21163: 146, 21164: 86157, 21165: 88653, 21166: 88653, 21167: 80140, 21168: 2114, 21170: 88653, 21171: 53429, 21172: 57649, 21173: 56939, 21174: 90998, 21175: 1223, 21176: 56939, 21177: 56939, 21178: 57649, 21179: 86213, 21180: 90998, 21181: 86213, 21182: 86157, 21184: 56939, 21185: 86213, 21186: 86213, 21187: 0, 21188: 0, 21189: 0, 21190: 78631, 21191: 184, 21192: 59008, 21193: 57639, 21194: 0, 21195: 395, 21196: 1489, 21197: 57649, 21198: 74355, 21199: 2076, 21203: 90998, 21205: 74355, 21206: 86213, 21208: 87984, 21209: 89226, 21223: 683, 21226: 683, 21227: 1585, 21228: 68173, 21229: 0, 21230: 69990, 21231: 519, 21232: 57381, 21233: 1259, 21234: 805, 21235: 690, 21236: 71117, 21237: 71117, 21238: 1288, 21239: 72051, 21240: 1107, 21241: 1347, 21244: 66626, 21249: 1012, 21262: 57070, 21265: 13699, 21271: 91053, 21279: 59008, 21280: 59008, 21288: 57290, 21290: 51797, 21298: 57639, 21303: 1347, 21304: 35259, 21305: 35259, 21306: 226, 21307: 64790, 21308: 1113, 21311: 1540, 21312: 1294, 21313: 35259, 21314: 88486, 21315: 57417, 21316: 1054, 21317: 1347, 21318: 57455, 21319: 51797, 21322: 690, 21324: 13828, 21325: 13828, 21326: 35259, 21327: 1347, 21328: 519, 21329: 78626, 21331: 72039, 21333: 57455, 21334: 57455, 21335: 226, 21336: 765, 21338: 1502, 21339: 1054, 21340: 1107, 21341: 1294, 21344: 1300, 21345: 72039, 21346: 91053, 21348: 63099, 21349: 0, 21351: 69990, 21354: 519, 21356: 90927, 21357: 75379, 21358: 184, 21363: 57257, 21366: 65941, 21369: 765, 21370: 63756, 21378: 68173, 21384: 44206, 21398: 78626, 21445: 74355, 21446: 62344, 21447: 1347, 21448: 67720, 21450: 1014, 21454: 68173, 21455: 683, 21460: 0, 21462: 82080, 21463: 75453, 21465: 0, 21468: 1391, 21470: 226, 21474: 686, 21475: 1012, 21477: 91896, 21478: 61726, 21479: 1107, 21480: 519, 21481: 1161, 21482: 1161, 21483: 70373, 21484: 69995, 21487: 51797, 21488: 65161, 21489: 91053, 21490: 1259, 21491: 1113, 21492: 1161, 21493: 50453, 21494: 342}",0.0,filho
645282.7008396669,Cruzamento,1733628441.0200694,66,"{20331: 1294, 20332: 70342, 20333: 1482, 20334: 82085, 20335: 1294, 20336: 57257, 20337: 65341, 20338: 1182, 20339: 1084, 20340: 57309, 20341: 765, 20342: 2048, 20343: 69242, 20344: 849, 20345: 57257, 20346: 1412, 20347: 63099, 20348: 1084, 20349: 75453, 20350: 63099, 20351: 75453, 20352: 69242, 20353: 70342, 20354: 849, 20355: 1489, 20356: 1489, 20357: 849, 20358: 70342, 20359: 57257, 20360: 2048, 20361: 58096, 20362: 1412, 20363: 1489, 20364: 184, 20365: 1617, 20366: 70171, 20367: 57309, 20368: 90927, 20369: 1617, 20370: 48266, 20371: 70373, 20372: 49332, 20373: 1291, 20378: 1182, 20379: 69990, 20380: 70342, 20381: 57070, 20383: 1583, 20384: 686, 20385: 75421, 20386: 68182, 20387: 75421, 20388: 13699, 20389: 68182, 20392: 1291, 20393: 63099, 20394: 75453, 20395: 48266, 20396: 1543, 20397: 849, 20398: 75421, 20399: 70342, 20400: 58096, 20401: 57455, 20402: 1489, 20403: 1084, 20404: 57455, 20405: 1288, 20406: 519, 20407: 743, 20408: 71117, 20409: 1288, 20410: 57381, 20411: 449, 20412: 226, 20413: 58096, 20414: 1014, 20415: 46494, 20416: 805, 20417: 57290, 20418: 683, 20419: 1617, 20421: 65341, 20422: 82085, 20423: 1585, 20427: 68173, 20428: 78645, 20429: 48922, 20432: 44206, 20433: 1502, 20434: 57290, 20436: 182, 20437: 1188, 20438: 1502, 20439: 57381, 20440: 73383, 20441: 70342, 20442: 57381, 20443: 13828, 20444: 71117, 20445: 683, 20446: 1502, 20447: 71117, 20449: 50588, 20450: 913, 20451: 80479, 20452: 80479, 20453: 35245, 20454: 69995, 20455: 52945, 20456: 70342, 20457: 46793, 20458: 1012, 20459: 51797, 20460: 63756, 20461: 35245, 20462: 64790, 20463: 57257, 20465: 57070, 20466: 63756, 20467: 849, 20468: 743, 20469: 67720, 20471: 1014, 20472: 13828, 20473: 1188, 20475: 67720, 20476: 1259, 20481: 71117, 20482: 35245, 20484: 85646, 20485: 46793, 20486: 913, 20487: 743, 20488: 44206, 20489: 683, 20490: 519, 20491: 78645, 20492: 57381, 20493: 82080, 20494: 91896, 20495: 1585, 20496: 58096, 20497: 54448, 20499: 1054, 20501: 1347, 20503: 35259, 20504: 57070, 20505: 83288, 20506: 1012, 20507: 46494, 20508: 69995, 20509: 1012, 20510: 52945, 20511: 64727, 20512: 54448, 20513: 1291, 20514: 146, 20515: 52945, 20517: 35245, 20518: 226, 20519: 75379, 20520: 69995, 20521: 50588, 20522: 52945, 20523: 1543, 20524: 449, 20525: 728, 20527: 1617, 20528: 44206, 20530: 72051, 20531: 13828, 20532: 1259, 20533: 69990, 20534: 46793, 20535: 75958, 20536: 68173, 20537: 1617, 20538: 690, 20539: 69990, 20540: 1617, 20541: 71117, 20542: 1288, 20543: 449, 20544: 1014, 20545: 1585, 20546: 91896, 20547: 57070, 20549: 80479, 20550: 63270, 20552: 46494, 20553: 71117, 20554: 1288, 20555: 61726, 20556: 78631, 20557: 1391, 20558: 1502, 20559: 1399, 20560: 686, 20561: 46494, 20563: 65877, 20564: 1167, 20565: 85710, 20567: 69990, 20569: 51797, 20570: 743, 20571: 68173, 20572: 1347, 20573: 690, 20574: 67720, 20575: 449, 20576: 728, 20577: 48922, 20578: 1014, 20579: 1347, 20580: 35259, 20581: 75958, 20582: 48922, 20583: 743, 20584: 1347, 20585: 1543, 20587: 1161, 20588: 1012, 20589: 65161, 20590: 395, 20591: 449, 20592: 1188, 20593: 57290, 20594: 690, 20595: 522, 20596: 73383, 20597: 805, 20599: 1012, 20600: 63270, 20601: 63270, 20602: 35245, 20605: 226, 20606: 1161, 20607: 52945, 20608: 58096, 20609: 1173, 20610: 1084, 20611: 65877, 20612: 75453, 20613: 1457, 20614: 57309, 20615: 69995, 20616: 849, 20617: 1167, 20618: 1540, 20619: 765, 20620: 1457, 20621: 1167, 20622: 686, 20624: 1457, 20625: 65877, 20626: 686, 20628: 686, 20630: 66626, 20631: 519, 20633: 1107, 20634: 72051, 20635: 1084, 20636: 913, 20637: 1391, 20638: 146, 20639: 85669, 20640: 57639, 20641: 52945, 20642: 1391, 20643: 1193, 20645: 1391, 20646: 953, 20647: 686, 20648: 58096, 20650: 58096, 20651: 62344, 20652: 686, 20653: 1193, 20654: 85669, 20655: 1412, 20656: 184, 20659: 1585, 20661: 69995, 20662: 70373, 20663: 913, 20669: 522, 20670: 78631, 20671: 57639, 20672: 35259, 20673: 57972, 20675: 61726, 20676: 57972, 20677: 73235, 20678: 62344, 20680: 68173, 20681: 449, 20684: 1347, 20688: 1617, 20689: 69995, 20690: 52945, 20692: 57257, 20693: 85669, 20694: 66626, 20695: 1489, 20696: 1173, 20697: 1182, 20698: 58543, 20699: 63756, 20700: 50588, 20701: 913, 20702: 1167, 20703: 54448, 20704: 66626, 20705: 75379, 20706: 1182, 20707: 70342, 20708: 46494, 20709: 1161, 20710: 1161, 20711: 1543, 20712: 0, 20713: 75421, 20714: 52945, 20715: 690, 20716: 70342, 20717: 57639, 20719: 1585, 20720: 75453, 20721: 913, 20722: 805, 20723: 51797, 20724: 80479, 20725: 85669, 20726: 46793, 20727: 78631, 20729: 1617, 20730: 88486, 20731: 48922, 20732: 1054, 20734: 1288, 20735: 57309, 20736: 1014, 20737: 73383, 20739: 35259, 20740: 57455, 20741: 686, 20742: 1167, 20743: 1116, 20744: 68650, 20746: 69990, 20747: 91053, 20748: 58096, 20749: 69990, 20750: 686, 20751: 1399, 20752: 1502, 20754: 44206, 20757: 1161, 20758: 1012, 20759: 62344, 20761: 1482, 20762: 75453, 20763: 63099, 20764: 1084, 20765: 63099, 20766: 63099, 20768: 184, 20769: 395, 20770: 77145, 20773: 70500, 20774: 1154, 20775: 69990, 20777: 1391, 20778: 70500, 20779: 1399, 20781: 1457, 20782: 49332, 20784: 57290, 20785: 2048, 20786: 70500, 20789: 1347, 20790: 58543, 20791: 70342, 20792: 46793, 20793: 146, 20794: 49332, 20795: 59008, 20796: 1188, 20797: 75421, 20798: 13699, 20799: 70373, 20800: 1482, 20802: 69242, 20803: 85710, 20804: 57309, 20805: 69242, 20806: 1391, 20807: 72051, 20808: 82067, 20809: 1291, 20810: 63099, 20811: 57070, 20813: 48266, 20814: 1482, 20815: 85687, 20816: 57455, 20817: 85687, 20818: 1391, 20819: 1502, 20820: 1167, 20821: 1116, 20822: 85687, 20823: 46494, 20824: 57417, 20825: 75453, 20826: 75379, 20827: 46494, 20828: 184, 20829: 67720, 20831: 57290, 20832: 57639, 20833: 1291, 20834: 728, 20835: 1502, 20836: 1583, 20837: 57070, 20838: 57070, 20840: 2048, 20841: 1412, 20842: 1357, 20843: 226, 20844: 57455, 20845: 65877, 20846: 1300, 20850: 65877, 20852: 90927, 20853: 51797, 20854: 72051, 20856: 46793, 20858: 48266, 20859: 82070, 20860: 63882, 20861: 63882, 20862: 82070, 20863: 82070, 20864: 395, 20872: 953, 20873: 395, 20874: 0, 20875: 91053, 20876: 683, 20877: 83288, 20881: 75379, 20883: 75453, 20884: 57972, 20885: 59008, 20886: 64727, 20887: 1540, 20888: 82070, 20889: 683, 20890: 64727, 20891: 1391, 20892: 82070, 20894: 85669, 20895: 64790, 20897: 1540, 20900: 1457, 20901: 75379, 20902: 72039, 20904: 63099, 20905: 522, 20906: 765, 20907: 1188, 20909: 65877, 20910: 182, 20911: 849, 20913: 72051, 20916: 85669, 20917: 87001, 20918: 73383, 20919: 63882, 20921: 58543, 20922: 82070, 20923: 690, 20925: 1294, 20926: 85700, 20928: 1300, 20929: 51797, 20930: 61726, 20931: 51797, 20932: 1288, 20933: 57290, 20934: 63099, 20935: 82070, 20936: 91053, 20937: 1399, 20938: 1193, 20939: 1502, 20940: 1223, 20941: 72039, 20942: 1399, 20943: 69985, 20944: 1193, 20948: 83288, 20949: 1193, 20950: 87001, 20951: 1300, 20953: 64727, 20954: 68173, 20955: 1457, 20956: 57639, 20958: 57639, 20959: 65877, 20960: 54448, 20961: 1012, 20962: 1300, 20963: 69995, 20964: 72039, 20965: 91053, 20966: 64790, 20967: 1054, 20968: 44206, 20969: 85700, 20970: 57972, 20971: 63756, 20973: 85710, 20974: 59008, 20975: 1154, 20977: 85710, 20978: 63756, 20979: 0, 20980: 63756, 20981: 49332, 20982: 72039, 20983: 1054, 20985: 72039, 20986: 728, 20987: 64790, 20988: 1054, 20990: 85710, 20992: 68650, 20993: 72039, 20995: 1012, 20997: 83288, 20998: 82070, 20999: 87001, 21000: 63882, 21001: 70500, 21002: 57639, 21003: 57972, 21005: 83288, 21006: 72051, 21007: 2048, 21008: 69995, 21009: 65877, 21011: 72039, 21012: 87001, 21013: 57290, 21014: 65877, 21015: 91053, 21016: 72051, 21017: 64790, 21018: 1193, 21019: 184, 21020: 69985, 21021: 1543, 21022: 75379, 21023: 63270, 21028: 86055, 21030: 85700, 21032: 52945, 21033: 35245, 21034: 1154, 21035: 58543, 21036: 35259, 21037: 1223, 21038: 728, 21039: 63270, 21041: 85700, 21043: 67720, 21045: 1188, 21047: 86055, 21050: 83288, 21053: 1294, 21055: 82080, 21056: 1585, 21057: 1107, 21058: 1107, 21059: 395, 21060: 1107, 21061: 46494, 21062: 1502, 21063: 1014, 21064: 57381, 21065: 1543, 21066: 1188, 21067: 683, 21068: 73383, 21069: 46494, 21070: 69990, 21072: 1107, 21073: 1182, 21074: 67720, 21075: 78645, 21077: 1540, 21084: 1617, 21085: 88653, 21086: 90942, 21087: 57649, 21091: 85710, 21092: 58096, 21093: 85646, 21096: 2346, 21097: 74355, 21098: 63756, 21099: 2114, 21100: 2076, 21101: 2346, 21102: 2114, 21103: 1116, 21104: 59008, 21105: 80140, 21106: 2114, 21107: 73235, 21108: 56939, 21109: 56939, 21110: 80140, 21112: 1391, 21113: 89226, 21115: 2114, 21116: 89226, 21117: 80140, 21118: 83288, 21119: 89226, 21120: 2076, 21121: 74355, 21123: 80140, 21124: 88653, 21125: 88653, 21126: 74355, 21127: 56939, 21128: 74355, 21129: 74355, 21130: 53429, 21132: 57649, 21133: 87984, 21134: 53429, 21135: 56939, 21136: 53429, 21138: 57649, 21139: 56939, 21140: 57649, 21141: 86157, 21142: 80140, 21143: 53429, 21144: 2114, 21145: 53429, 21146: 89226, 21147: 88653, 21148: 53429, 21149: 80140, 21150: 80140, 21151: 86213, 21153: 53429, 21154: 1223, 21155: 86157, 21156: 87984, 21157: 1288, 21159: 2346, 21163: 146, 21164: 86157, 21165: 80140, 21166: 90998, 21167: 87984, 21168: 90998, 21170: 90998, 21171: 86213, 21172: 57649, 21173: 2076, 21174: 2114, 21175: 0, 21176: 2076, 21177: 87984, 21178: 88653, 21179: 56939, 21180: 2346, 21181: 57649, 21182: 86157, 21184: 87984, 21185: 0, 21186: 2076, 21187: 0, 21188: 0, 21189: 0, 21190: 63270, 21191: 184, 21192: 1223, 21193: 70500, 21194: 0, 21195: 1167, 21196: 70342, 21197: 74355, 21198: 2114, 21199: 86213, 21203: 2076, 21205: 53429, 21206: 86213, 21208: 87984, 21209: 89226, 21223: 1585, 21226: 1014, 21227: 69985, 21228: 46494, 21229: 395, 21230: 78645, 21231: 395, 21232: 1259, 21233: 683, 21234: 70342, 21235: 1259, 21236: 57381, 21237: 71117, 21238: 1543, 21239: 805, 21240: 82080, 21241: 395, 21244: 64727, 21249: 0, 21262: 1489, 21265: 68182, 21271: 65161, 21279: 91053, 21280: 57639, 21288: 63756, 21290: 59008, 21298: 72051, 21303: 1457, 21304: 46494, 21305: 1294, 21306: 1167, 21307: 728, 21308: 1294, 21311: 1347, 21312: 88486, 21313: 1054, 21314: 1540, 21315: 1347, 21316: 71117, 21317: 765, 21318: 395, 21319: 1294, 21322: 69985, 21324: 71117, 21325: 550, 21326: 57455, 21327: 519, 21328: 35259, 21329: 805, 21331: 57972, 21333: 51797, 21334: 57455, 21335: 1357, 21336: 765, 21338: 1054, 21339: 1457, 21340: 1294, 21341: 765, 21344: 1288, 21345: 0, 21346: 57309, 21348: 63099, 21349: 0, 21351: 1259, 21354: 78626, 21356: 77145, 21357: 85646, 21358: 35245, 21363: 1347, 21366: 65941, 21369: 88486, 21370: 1054, 21378: 70342, 21384: 1188, 21398: 805, 21445: 2114, 21446: 58096, 21447: 1357, 21448: 35259, 21450: 69990, 21454: 48922, 21455: 1014, 21460: 1482, 21462: 1585, 21463: 75453, 21465: 0, 21468: 1391, 21470: 226, 21474: 686, 21475: 1012, 21477: 91896, 21478: 61726, 21479: 1107, 21480: 519, 21481: 1161, 21482: 1161, 21483: 70373, 21484: 69995, 21487: 51797, 21488: 65161, 21489: 91053, 21490: 1259, 21491: 1113, 21492: 1161, 21493: 50453, 21494: 342}",0.0,filho
649772.2834573336,Cruzamento,1733628445.0259478,67,"{20331: 1084, 20332: 46793, 20333: 1489, 20334: 1412, 20335: 1294, 20336: 82085, 20337: 65341, 20338: 48266, 20339: 46793, 20340: 1412, 20341: 1294, 20342: 1182, 20343: 70342, 20344: 849, 20345: 63099, 20346: 1084, 20347: 1489, 20348: 48266, 20349: 1347, 20350: 69990, 20351: 1347, 20352: 57309, 20353: 57257, 20354: 46793, 20355: 1347, 20356: 849, 20357: 1583, 20358: 2048, 20359: 1291, 20360: 765, 20361: 75421, 20362: 1489, 20363: 1412, 20364: 70342, 20365: 70171, 20366: 70171, 20367: 77145, 20368: 65341, 20369: 75453, 20370: 48266, 20371: 1347, 20372: 46793, 20373: 1617, 20378: 65341, 20379: 75421, 20380: 1489, 20381: 1182, 20383: 57257, 20384: 63099, 20385: 57257, 20386: 13699, 20387: 70342, 20388: 1084, 20389: 75421, 20392: 849, 20393: 69242, 20394: 51797, 20395: 48266, 20396: 449, 20397: 1583, 20398: 765, 20399: 44206, 20400: 46793, 20401: 1412, 20402: 48266, 20403: 184, 20404: 743, 20405: 82080, 20406: 728, 20407: 395, 20408: 449, 20409: 35259, 20410: 690, 20411: 67720, 20412: 75379, 20413: 1482, 20414: 67720, 20415: 71117, 20416: 70342, 20417: 57381, 20418: 82080, 20419: 519, 20421: 1294, 20422: 1489, 20423: 1585, 20427: 44206, 20428: 57381, 20429: 449, 20432: 1543, 20433: 449, 20434: 46494, 20436: 805, 20437: 69242, 20438: 69990, 20439: 1259, 20440: 743, 20441: 46494, 20442: 69985, 20443: 690, 20444: 82080, 20445: 805, 20446: 67720, 20447: 78645, 20449: 1012, 20450: 69995, 20451: 80479, 20452: 57455, 20453: 57455, 20454: 52945, 20455: 913, 20456: 50588, 20457: 51797, 20458: 913, 20459: 1161, 20460: 1585, 20461: 63270, 20462: 69995, 20463: 49332, 20465: 65341, 20466: 1012, 20467: 1291, 20468: 1107, 20469: 1259, 20471: 57381, 20472: 57381, 20473: 743, 20475: 72051, 20476: 1617, 20481: 1107, 20482: 75379, 20484: 52945, 20485: 75379, 20486: 54448, 20487: 449, 20488: 1188, 20489: 69990, 20490: 70342, 20491: 67720, 20492: 805, 20493: 1107, 20494: 46494, 20495: 683, 20496: 75453, 20497: 50588, 20499: 65877, 20501: 44206, 20503: 57639, 20504: 69990, 20505: 62344, 20506: 85710, 20507: 1357, 20508: 1161, 20509: 50588, 20510: 913, 20511: 85646, 20512: 70342, 20513: 1291, 20514: 64790, 20515: 913, 20517: 69995, 20518: 69995, 20519: 63270, 20520: 52945, 20521: 65161, 20522: 1161, 20523: 1259, 20524: 68173, 20525: 519, 20527: 82080, 20528: 1502, 20530: 46494, 20531: 59008, 20532: 805, 20533: 75421, 20534: 65161, 20535: 48922, 20536: 44206, 20537: 69985, 20538: 69990, 20539: 449, 20540: 690, 20541: 1617, 20542: 75958, 20543: 48922, 20544: 728, 20545: 91896, 20546: 71117, 20547: 64790, 20549: 80479, 20550: 51797, 20552: 1288, 20553: 1502, 20554: 57290, 20555: 62344, 20556: 65877, 20557: 75379, 20558: 1107, 20559: 1391, 20560: 65877, 20561: 85710, 20563: 1167, 20564: 57070, 20565: 69990, 20567: 849, 20569: 52945, 20570: 91896, 20571: 1585, 20572: 1288, 20573: 35259, 20574: 48922, 20575: 44206, 20576: 75958, 20577: 69985, 20578: 1347, 20579: 71117, 20580: 68173, 20581: 1014, 20582: 35259, 20583: 1288, 20584: 71117, 20585: 2048, 20587: 1012, 20588: 63270, 20589: 52945, 20590: 82080, 20591: 57455, 20592: 683, 20593: 805, 20594: 72051, 20595: 59008, 20596: 1347, 20597: 1585, 20599: 64727, 20600: 49332, 20601: 75379, 20602: 35245, 20605: 35245, 20606: 50588, 20607: 913, 20608: 57417, 20609: 1585, 20610: 1482, 20611: 1107, 20612: 686, 20613: 57309, 20614: 1167, 20615: 75453, 20616: 953, 20617: 61726, 20618: 85669, 20619: 1182, 20620: 1054, 20621: 1457, 20622: 849, 20624: 226, 20625: 1457, 20626: 69995, 20628: 1540, 20630: 69995, 20631: 449, 20633: 69242, 20634: 73383, 20635: 1583, 20636: 54448, 20637: 1583, 20638: 226, 20639: 1391, 20640: 52945, 20641: 85669, 20642: 62344, 20643: 1391, 20645: 52945, 20646: 85669, 20647: 57639, 20648: 686, 20650: 686, 20651: 1193, 20652: 686, 20653: 1193, 20654: 85669, 20655: 1412, 20656: 184, 20659: 1585, 20661: 69995, 20662: 70373, 20663: 913, 20669: 522, 20670: 78631, 20671: 57639, 20672: 35259, 20673: 57972, 20675: 61726, 20676: 57972, 20677: 73235, 20678: 62344, 20680: 68173, 20681: 449, 20684: 1347, 20688: 1617, 20689: 69995, 20690: 52945, 20692: 57257, 20693: 85669, 20694: 66626, 20695: 1489, 20696: 1173, 20697: 1182, 20698: 58543, 20699: 63756, 20700: 50588, 20701: 913, 20702: 1167, 20703: 54448, 20704: 66626, 20705: 75379, 20706: 1182, 20707: 70342, 20708: 46494, 20709: 1161, 20710: 1161, 20711: 1543, 20712: 0, 20713: 75421, 20714: 52945, 20715: 690, 20716: 70342, 20717: 57639, 20719: 1585, 20720: 75453, 20721: 913, 20722: 805, 20723: 51797, 20724: 80479, 20725: 85669, 20726: 46793, 20727: 78631, 20729: 1617, 20730: 88486, 20731: 48922, 20732: 1054, 20734: 1288, 20735: 57309, 20736: 1014, 20737: 73383, 20739: 35259, 20740: 57455, 20741: 686, 20742: 1167, 20743: 1116, 20744: 68650, 20746: 69990, 20747: 91053, 20748: 58096, 20749: 69990, 20750: 686, 20751: 1399, 20752: 1502, 20754: 44206, 20757: 1161, 20758: 1012, 20759: 62344, 20761: 1482, 20762: 75453, 20763: 63099, 20764: 1084, 20765: 63099, 20766: 63099, 20768: 184, 20769: 395, 20770: 77145, 20773: 70500, 20774: 1154, 20775: 69990, 20777: 1391, 20778: 70500, 20779: 1399, 20781: 1457, 20782: 49332, 20784: 57290, 20785: 2048, 20786: 70500, 20789: 1347, 20790: 58543, 20791: 70342, 20792: 46793, 20793: 146, 20794: 49332, 20795: 59008, 20796: 1188, 20797: 75421, 20798: 13699, 20799: 70373, 20800: 1482, 20802: 69242, 20803: 85710, 20804: 57309, 20805: 69242, 20806: 1391, 20807: 72051, 20808: 82067, 20809: 1291, 20810: 63099, 20811: 57070, 20813: 48266, 20814: 1482, 20815: 85687, 20816: 57455, 20817: 85687, 20818: 1391, 20819: 1502, 20820: 1167, 20821: 1116, 20822: 85687, 20823: 46494, 20824: 57417, 20825: 75453, 20826: 75379, 20827: 46494, 20828: 184, 20829: 67720, 20831: 57290, 20832: 57639, 20833: 1291, 20834: 728, 20835: 1502, 20836: 1583, 20837: 57070, 20838: 57070, 20840: 2048, 20841: 1412, 20842: 1357, 20843: 226, 20844: 57455, 20845: 65877, 20846: 1300, 20850: 65877, 20852: 90927, 20853: 51797, 20854: 72051, 20856: 46793, 20858: 48266, 20859: 82070, 20860: 63882, 20861: 63882, 20862: 82070, 20863: 82070, 20864: 395, 20872: 953, 20873: 395, 20874: 0, 20875: 91053, 20876: 683, 20877: 83288, 20881: 75379, 20883: 75453, 20884: 57972, 20885: 59008, 20886: 64727, 20887: 1540, 20888: 82070, 20889: 683, 20890: 64727, 20891: 1391, 20892: 82070, 20894: 85669, 20895: 64790, 20897: 1540, 20900: 1457, 20901: 75379, 20902: 72039, 20904: 63099, 20905: 522, 20906: 765, 20907: 1188, 20909: 65877, 20910: 182, 20911: 849, 20913: 72051, 20916: 85669, 20917: 87001, 20918: 73383, 20919: 63882, 20921: 58543, 20922: 82070, 20923: 690, 20925: 1294, 20926: 85700, 20928: 1300, 20929: 51797, 20930: 61726, 20931: 51797, 20932: 1288, 20933: 57290, 20934: 63099, 20935: 82070, 20936: 91053, 20937: 1399, 20938: 1193, 20939: 1502, 20940: 1223, 20941: 72039, 20942: 1399, 20943: 69985, 20944: 1193, 20948: 83288, 20949: 1193, 20950: 87001, 20951: 1300, 20953: 64727, 20954: 68173, 20955: 1457, 20956: 57639, 20958: 57639, 20959: 65877, 20960: 54448, 20961: 1012, 20962: 1300, 20963: 69995, 20964: 72039, 20965: 91053, 20966: 64790, 20967: 1054, 20968: 44206, 20969: 85700, 20970: 57972, 20971: 63756, 20973: 85710, 20974: 59008, 20975: 1154, 20977: 85710, 20978: 63756, 20979: 0, 20980: 63756, 20981: 49332, 20982: 72039, 20983: 1054, 20985: 72039, 20986: 728, 20987: 64790, 20988: 1054, 20990: 85710, 20992: 68650, 20993: 72039, 20995: 1012, 20997: 83288, 20998: 82070, 20999: 87001, 21000: 63882, 21001: 70500, 21002: 57639, 21003: 57972, 21005: 83288, 21006: 72051, 21007: 2048, 21008: 69995, 21009: 65877, 21011: 72039, 21012: 87001, 21013: 57290, 21014: 65877, 21015: 91053, 21016: 72051, 21017: 64790, 21018: 1193, 21019: 184, 21020: 69985, 21021: 1543, 21022: 75379, 21023: 63270, 21028: 86055, 21030: 85700, 21032: 52945, 21033: 35245, 21034: 1154, 21035: 58543, 21036: 35259, 21037: 1223, 21038: 728, 21039: 63270, 21041: 85700, 21043: 67720, 21045: 1188, 21047: 86055, 21050: 83288, 21053: 1294, 21055: 82080, 21056: 1585, 21057: 1107, 21058: 1107, 21059: 395, 21060: 1107, 21061: 46494, 21062: 1502, 21063: 1014, 21064: 57381, 21065: 1543, 21066: 1188, 21067: 683, 21068: 73383, 21069: 46494, 21070: 69990, 21072: 1107, 21073: 1182, 21074: 67720, 21075: 78645, 21077: 1540, 21084: 1617, 21085: 88653, 21086: 90942, 21087: 57649, 21091: 85710, 21092: 58096, 21093: 85646, 21096: 2346, 21097: 74355, 21098: 63756, 21099: 2114, 21100: 2076, 21101: 2346, 21102: 2114, 21103: 1116, 21104: 59008, 21105: 80140, 21106: 2114, 21107: 73235, 21108: 56939, 21109: 56939, 21110: 80140, 21112: 1391, 21113: 89226, 21115: 2114, 21116: 89226, 21117: 80140, 21118: 83288, 21119: 89226, 21120: 2076, 21121: 74355, 21123: 80140, 21124: 88653, 21125: 88653, 21126: 74355, 21127: 56939, 21128: 74355, 21129: 74355, 21130: 53429, 21132: 57649, 21133: 87984, 21134: 53429, 21135: 56939, 21136: 53429, 21138: 57649, 21139: 56939, 21140: 57649, 21141: 86157, 21142: 80140, 21143: 53429, 21144: 2114, 21145: 53429, 21146: 89226, 21147: 88653, 21148: 53429, 21149: 80140, 21150: 80140, 21151: 86213, 21153: 53429, 21154: 1223, 21155: 86157, 21156: 87984, 21157: 1288, 21159: 2346, 21163: 146, 21164: 86157, 21165: 80140, 21166: 90998, 21167: 87984, 21168: 90998, 21170: 90998, 21171: 86213, 21172: 57649, 21173: 2076, 21174: 2114, 21175: 0, 21176: 2076, 21177: 87984, 21178: 88653, 21179: 56939, 21180: 2346, 21181: 57649, 21182: 86157, 21184: 87984, 21185: 0, 21186: 2076, 21187: 0, 21188: 0, 21189: 0, 21190: 63270, 21191: 184, 21192: 1223, 21193: 70500, 21194: 0, 21195: 1167, 21196: 70342, 21197: 74355, 21198: 2114, 21199: 86213, 21203: 2076, 21205: 53429, 21206: 86213, 21208: 87984, 21209: 89226, 21223: 1585, 21226: 1014, 21227: 69985, 21228: 46494, 21229: 395, 21230: 78645, 21231: 395, 21232: 1259, 21233: 683, 21234: 70342, 21235: 1259, 21236: 57381, 21237: 71117, 21238: 1543, 21239: 72051, 21240: 1107, 21241: 1347, 21244: 66626, 21249: 1012, 21262: 57070, 21265: 13699, 21271: 91053, 21279: 59008, 21280: 59008, 21288: 57290, 21290: 51797, 21298: 57639, 21303: 1347, 21304: 35259, 21305: 35259, 21306: 226, 21307: 64790, 21308: 1113, 21311: 1540, 21312: 1294, 21313: 35259, 21314: 88486, 21315: 57417, 21316: 1054, 21317: 1347, 21318: 57455, 21319: 51797, 21322: 690, 21324: 13828, 21325: 13828, 21326: 35259, 21327: 1347, 21328: 519, 21329: 78626, 21331: 72039, 21333: 57455, 21334: 57455, 21335: 226, 21336: 765, 21338: 1502, 21339: 1054, 21340: 1107, 21341: 1294, 21344: 1300, 21345: 72039, 21346: 91053, 21348: 63099, 21349: 0, 21351: 69990, 21354: 519, 21356: 90927, 21357: 75379, 21358: 184, 21363: 57257, 21366: 65941, 21369: 765, 21370: 63756, 21378: 68173, 21384: 44206, 21398: 78626, 21445: 74355, 21446: 62344, 21447: 1347, 21448: 67720, 21450: 1014, 21454: 68173, 21455: 683, 21460: 0, 21462: 82080, 21463: 75453, 21465: 0, 21468: 1391, 21470: 226, 21474: 686, 21475: 1012, 21477: 91896, 21478: 61726, 21479: 1107, 21480: 519, 21481: 1161, 21482: 1161, 21483: 70373, 21484: 69995, 21487: 51797, 21488: 65161, 21489: 91053, 21490: 1259, 21491: 1113, 21492: 1161, 21493: 50453, 21494: 342}",0.0,duplicado
650144.5829213328,Cruzamento,1733628445.0259478,67,"{20331: 1084, 20332: 46793, 20333: 1489, 20334: 1412, 20335: 1294, 20336: 82085, 20337: 65341, 20338: 48266, 20339: 46793, 20340: 1412, 20341: 1294, 20342: 1182, 20343: 70342, 20344: 849, 20345: 63099, 20346: 1084, 20347: 1489, 20348: 48266, 20349: 1347, 20350: 69990, 20351: 1347, 20352: 57309, 20353: 57257, 20354: 46793, 20355: 1347, 20356: 849, 20357: 1583, 20358: 2048, 20359: 1291, 20360: 765, 20361: 75421, 20362: 1489, 20363: 1412, 20364: 70342, 20365: 70171, 20366: 70171, 20367: 77145, 20368: 65341, 20369: 75453, 20370: 48266, 20371: 1347, 20372: 46793, 20373: 1617, 20378: 65341, 20379: 75421, 20380: 1489, 20381: 1182, 20383: 57257, 20384: 63099, 20385: 57257, 20386: 13699, 20387: 70342, 20388: 1084, 20389: 75421, 20392: 849, 20393: 69242, 20394: 51797, 20395: 48266, 20396: 449, 20397: 1583, 20398: 765, 20399: 44206, 20400: 46793, 20401: 1412, 20402: 48266, 20403: 184, 20404: 743, 20405: 82080, 20406: 728, 20407: 395, 20408: 449, 20409: 35259, 20410: 690, 20411: 67720, 20412: 75379, 20413: 1482, 20414: 67720, 20415: 71117, 20416: 70342, 20417: 57381, 20418: 82080, 20419: 519, 20421: 1294, 20422: 1489, 20423: 1585, 20427: 44206, 20428: 57381, 20429: 449, 20432: 1543, 20433: 449, 20434: 46494, 20436: 805, 20437: 69242, 20438: 69990, 20439: 1259, 20440: 743, 20441: 46494, 20442: 69985, 20443: 690, 20444: 82080, 20445: 805, 20446: 67720, 20447: 78645, 20449: 1012, 20450: 69995, 20451: 80479, 20452: 57455, 20453: 57455, 20454: 52945, 20455: 913, 20456: 50588, 20457: 51797, 20458: 913, 20459: 1161, 20460: 1585, 20461: 63270, 20462: 69995, 20463: 49332, 20465: 65341, 20466: 1012, 20467: 1291, 20468: 1107, 20469: 1259, 20471: 57381, 20472: 57381, 20473: 743, 20475: 72051, 20476: 1617, 20481: 1107, 20482: 75379, 20484: 52945, 20485: 75379, 20486: 54448, 20487: 449, 20488: 1188, 20489: 69990, 20490: 70342, 20491: 67720, 20492: 805, 20493: 1107, 20494: 46494, 20495: 683, 20496: 75453, 20497: 50588, 20499: 65877, 20501: 44206, 20503: 57639, 20504: 69990, 20505: 62344, 20506: 85710, 20507: 1357, 20508: 1161, 20509: 50588, 20510: 913, 20511: 85646, 20512: 70342, 20513: 1291, 20514: 64790, 20515: 913, 20517: 69995, 20518: 69995, 20519: 63270, 20520: 52945, 20521: 65161, 20522: 1161, 20523: 1259, 20524: 68173, 20525: 519, 20527: 82080, 20528: 1502, 20530: 46494, 20531: 59008, 20532: 805, 20533: 75421, 20534: 65161, 20535: 48922, 20536: 44206, 20537: 69985, 20538: 69990, 20539: 449, 20540: 690, 20541: 1617, 20542: 75958, 20543: 48922, 20544: 728, 20545: 91896, 20546: 71117, 20547: 64790, 20549: 80479, 20550: 51797, 20552: 1288, 20553: 1502, 20554: 57290, 20555: 62344, 20556: 65877, 20557: 75379, 20558: 1107, 20559: 1391, 20560: 65877, 20561: 85710, 20563: 1167, 20564: 57070, 20565: 69990, 20567: 849, 20569: 52945, 20570: 91896, 20571: 1585, 20572: 1288, 20573: 35259, 20574: 48922, 20575: 44206, 20576: 75958, 20577: 69985, 20578: 1347, 20579: 71117, 20580: 68173, 20581: 1014, 20582: 35259, 20583: 1288, 20584: 71117, 20585: 2048, 20587: 1012, 20588: 63270, 20589: 52945, 20590: 82080, 20591: 57455, 20592: 683, 20593: 805, 20594: 72051, 20595: 59008, 20596: 1347, 20597: 1585, 20599: 64727, 20600: 49332, 20601: 75379, 20602: 35245, 20605: 35245, 20606: 50588, 20607: 913, 20608: 57417, 20609: 1585, 20610: 1482, 20611: 1107, 20612: 686, 20613: 57309, 20614: 1167, 20615: 75453, 20616: 953, 20617: 61726, 20618: 85669, 20619: 1182, 20620: 1054, 20621: 1457, 20622: 849, 20624: 226, 20625: 1457, 20626: 69995, 20628: 1540, 20630: 69995, 20631: 449, 20633: 69242, 20634: 73383, 20635: 1583, 20636: 54448, 20637: 1583, 20638: 226, 20639: 1391, 20640: 52945, 20641: 85669, 20642: 62344, 20643: 1391, 20645: 52945, 20646: 85669, 20647: 57639, 20648: 686, 20650: 686, 20651: 1193, 20652: 58096, 20653: 1391, 20654: 953, 20655: 1482, 20656: 1084, 20659: 70342, 20661: 64727, 20662: 57309, 20663: 1161, 20669: 69242, 20670: 65877, 20671: 1540, 20672: 57972, 20673: 57639, 20675: 78631, 20676: 78631, 20677: 61726, 20678: 75379, 20680: 69990, 20681: 1188, 20684: 1543, 20688: 805, 20689: 50588, 20690: 64727, 20692: 1182, 20693: 58096, 20694: 913, 20695: 75453, 20696: 75379, 20697: 184, 20698: 85669, 20699: 70342, 20700: 54448, 20701: 54448, 20702: 1288, 20703: 66626, 20704: 1173, 20705: 50588, 20706: 57309, 20707: 54448, 20708: 1399, 20709: 1161, 20710: 1161, 20711: 1014, 20712: 0, 20713: 57257, 20714: 52945, 20715: 57290, 20716: 913, 20717: 58543, 20719: 54448, 20720: 75453, 20721: 1012, 20722: 46494, 20723: 1489, 20724: 80479, 20725: 78631, 20726: 46793, 20727: 62344, 20729: 48266, 20730: 1113, 20731: 743, 20732: 765, 20734: 690, 20735: 65877, 20736: 522, 20737: 44206, 20739: 65877, 20740: 1188, 20741: 1357, 20742: 1116, 20743: 78631, 20744: 69995, 20746: 69990, 20747: 57309, 20748: 1107, 20749: 57639, 20750: 849, 20751: 1012, 20752: 190, 20754: 743, 20757: 1585, 20758: 54448, 20759: 57639, 20761: 70373, 20762: 1084, 20763: 63099, 20764: 1617, 20765: 1347, 20766: 70373, 20768: 0, 20769: 519, 20770: 77145, 20773: 1347, 20774: 57290, 20775: 58096, 20777: 1182, 20778: 2048, 20779: 70500, 20781: 57290, 20782: 67720, 20784: 57070, 20785: 57070, 20786: 1167, 20789: 728, 20790: 58543, 20791: 184, 20792: 82085, 20793: 70500, 20794: 49332, 20795: 69242, 20796: 68650, 20797: 2048, 20798: 70373, 20799: 69242, 20800: 1482, 20802: 57381, 20803: 68650, 20804: 68650, 20805: 13699, 20806: 58543, 20807: 57381, 20808: 85687, 20809: 58096, 20810: 46793, 20811: 48266, 20813: 49332, 20814: 49332, 20815: 82067, 20816: 57309, 20817: 82067, 20818: 58096, 20819: 1502, 20820: 85669, 20821: 78631, 20822: 1399, 20823: 1014, 20824: 226, 20825: 849, 20826: 85710, 20827: 62344, 20828: 63270, 20829: 1259, 20831: 1391, 20832: 1399, 20833: 1617, 20834: 86055, 20835: 62344, 20836: 849, 20837: 0, 20838: 1347, 20840: 1583, 20841: 57455, 20842: 83288, 20843: 57290, 20844: 1482, 20845: 57639, 20846: 1223, 20850: 87001, 20852: 57309, 20853: 1457, 20854: 1585, 20856: 686, 20858: 70373, 20859: 82070, 20860: 63882, 20861: 63882, 20862: 82070, 20863: 82070, 20864: 395, 20872: 953, 20873: 226, 20874: 0, 20875: 64727, 20876: 805, 20877: 63882, 20881: 64727, 20883: 70500, 20884: 82070, 20885: 1391, 20886: 67720, 20887: 1457, 20888: 82070, 20889: 1502, 20890: 91053, 20891: 1391, 20892: 72039, 20894: 765, 20895: 44206, 20897: 85669, 20900: 1167, 20901: 68650, 20902: 83288, 20904: 1188, 20905: 73383, 20906: 849, 20907: 1188, 20909: 65877, 20910: 72051, 20911: 1107, 20913: 73383, 20916: 1116, 20917: 84328, 20918: 69990, 20919: 84328, 20921: 63099, 20922: 82070, 20923: 57381, 20925: 1294, 20926: 65941, 20928: 1300, 20929: 51797, 20930: 0, 20931: 1223, 20932: 64790, 20933: 743, 20934: 1193, 20935: 63882, 20936: 65941, 20937: 67720, 20938: 1193, 20939: 395, 20940: 65161, 20941: 87001, 20942: 75379, 20943: 57290, 20944: 59008, 20948: 65877, 20949: 1193, 20950: 63882, 20951: 64790, 20953: 64727, 20954: 48922, 20955: 1116, 20956: 58096, 20958: 63756, 20959: 87001, 20960: 1399, 20961: 1502, 20962: 184, 20963: 146, 20964: 72039, 20965: 65941, 20966: 59008, 20967: 85710, 20968: 75453, 20969: 1300, 20970: 72039, 20971: 59008, 20973: 1054, 20974: 63756, 20975: 58096, 20977: 1399, 20978: 1502, 20979: 1193, 20980: 63756, 20981: 57070, 20982: 83288, 20983: 57972, 20985: 83288, 20986: 1167, 20987: 0, 20988: 63756, 20990: 57972, 20992: 57417, 20993: 83288, 20995: 85710, 20997: 72039, 20998: 63882, 20999: 57972, 21000: 82070, 21001: 78631, 21002: 1167, 21003: 57972, 21005: 83288, 21006: 57070, 21007: 1300, 21008: 69995, 21009: 57972, 21011: 87001, 21012: 84328, 21013: 57639, 21014: 65877, 21015: 91053, 21016: 146, 21017: 85700, 21018: 35245, 21019: 63756, 21020: 68173, 21021: 1188, 21022: 63270, 21023: 1457, 21028: 86055, 21030: 85700, 21032: 54448, 21033: 728, 21034: 57417, 21035: 1399, 21036: 91896, 21037: 2048, 21038: 1457, 21039: 1300, 21041: 72051, 21043: 146, 21045: 75453, 21047: 57290, 21050: 57639, 21053: 1294, 21055: 82080, 21056: 57381, 21057: 449, 21058: 63756, 21059: 1107, 21060: 1107, 21061: 78645, 21062: 1014, 21063: 46494, 21064: 1014, 21065: 1188, 21066: 1259, 21067: 683, 21068: 72051, 21069: 72051, 21070: 57290, 21072: 71117, 21073: 69995, 21074: 1617, 21075: 78645, 21077: 1540, 21084: 67720, 21085: 88653, 21086: 90942, 21087: 57649, 21091: 85710, 21092: 58096, 21093: 85646, 21096: 2346, 21097: 74355, 21098: 63756, 21099: 2114, 21100: 2076, 21101: 2346, 21102: 2114, 21103: 1116, 21104: 59008, 21105: 80140, 21106: 2114, 21107: 73235, 21108: 56939, 21109: 56939, 21110: 80140, 21112: 1391, 21113: 89226, 21115: 2114, 21116: 89226, 21117: 80140, 21118: 83288, 21119: 89226, 21120: 2076, 21121: 74355, 21123: 80140, 21124: 88653, 21125: 88653, 21126: 74355, 21127: 56939, 21128: 74355, 21129: 74355, 21130: 53429, 21132: 57649, 21133: 87984, 21134: 53429, 21135: 56939, 21136: 53429, 21138: 57649, 21139: 56939, 21140: 57649, 21141: 86157, 21142: 80140, 21143: 53429, 21144: 2114, 21145: 53429, 21146: 89226, 21147: 88653, 21148: 53429, 21149: 80140, 21150: 80140, 21151: 86213, 21153: 53429, 21154: 1223, 21155: 86157, 21156: 87984, 21157: 1288, 21159: 2346, 21163: 146, 21164: 86157, 21165: 80140, 21166: 90998, 21167: 87984, 21168: 90998, 21170: 90998, 21171: 86213, 21172: 57649, 21173: 2076, 21174: 2114, 21175: 0, 21176: 2076, 21177: 87984, 21178: 88653, 21179: 56939, 21180: 2346, 21181: 57649, 21182: 86157, 21184: 87984, 21185: 0, 21186: 2076, 21187: 0, 21188: 0, 21189: 0, 21190: 63270, 21191: 184, 21192: 1223, 21193: 70500, 21194: 0, 21195: 1167, 21196: 70342, 21197: 74355, 21198: 2114, 21199: 86213, 21203: 2076, 21205: 53429, 21206: 86213, 21208: 87984, 21209: 89226, 21223: 1585, 21226: 1014, 21227: 69985, 21228: 46494, 21229: 395, 21230: 78645, 21231: 395, 21232: 1259, 21233: 683, 21234: 70342, 21235: 1259, 21236: 57381, 21237: 71117, 21238: 1543, 21239: 72051, 21240: 1107, 21241: 1347, 21244: 66626, 21249: 1012, 21262: 57070, 21265: 13699, 21271: 91053, 21279: 59008, 21280: 59008, 21288: 57290, 21290: 51797, 21298: 57639, 21303: 1347, 21304: 35259, 21305: 35259, 21306: 226, 21307: 64790, 21308: 1113, 21311: 1540, 21312: 1294, 21313: 35259, 21314: 88486, 21315: 57417, 21316: 1054, 21317: 1347, 21318: 57455, 21319: 51797, 21322: 690, 21324: 13828, 21325: 13828, 21326: 35259, 21327: 1347, 21328: 519, 21329: 78626, 21331: 72039, 21333: 57455, 21334: 57455, 21335: 226, 21336: 765, 21338: 1502, 21339: 1054, 21340: 1107, 21341: 1294, 21344: 1300, 21345: 72039, 21346: 91053, 21348: 63099, 21349: 0, 21351: 69990, 21354: 519, 21356: 90927, 21357: 75379, 21358: 184, 21363: 57257, 21366: 65941, 21369: 765, 21370: 63756, 21378: 68173, 21384: 44206, 21398: 78626, 21445: 74355, 21446: 62344, 21447: 1347, 21448: 67720, 21450: 1014, 21454: 68173, 21455: 683, 21460: 0, 21462: 82080, 21463: 75453, 21465: 0, 21468: 1391, 21470: 226, 21474: 686, 21475: 1012, 21477: 91896, 21478: 61726, 21479: 1107, 21480: 519, 21481: 1161, 21482: 1161, 21483: 70373, 21484: 69995, 21487: 51797, 21488: 65161, 21489: 91053, 21490: 1259, 21491: 1113, 21492: 1161, 21493: 50453, 21494: 342}",0.0,duplicado
645825.5449336666,Cruzamento,1733628451.6596036,69,"{20331: 57309, 20332: 65341, 20333: 82085, 20334: 57070, 20335: 1182, 20336: 1489, 20337: 1291, 20338: 1084, 20339: 184, 20340: 57309, 20341: 65341, 20342: 1182, 20343: 1489, 20344: 1489, 20345: 68182, 20346: 70373, 20347: 70342, 20348: 1084, 20349: 63099, 20350: 57309, 20351: 51797, 20352: 58096, 20353: 46793, 20354: 849, 20355: 48266, 20356: 1291, 20357: 58096, 20358: 1084, 20359: 46793, 20360: 69990, 20361: 1412, 20362: 765, 20363: 57455, 20364: 1291, 20365: 82085, 20366: 75453, 20367: 90927, 20368: 1617, 20369: 65341, 20370: 70342, 20371: 57070, 20372: 48266, 20373: 1412, 20378: 82085, 20379: 57455, 20380: 1391, 20381: 686, 20383: 13699, 20384: 686, 20385: 69990, 20386: 57257, 20387: 13699, 20388: 75421, 20389: 68182, 20392: 63099, 20393: 58096, 20394: 51797, 20395: 184, 20396: 1347, 20397: 65341, 20398: 2048, 20399: 805, 20400: 1084, 20401: 1482, 20402: 46793, 20403: 1482, 20404: 67720, 20405: 1107, 20406: 57381, 20407: 1502, 20408: 743, 20409: 743, 20410: 1347, 20411: 395, 20412: 1585, 20413: 1489, 20414: 449, 20415: 1188, 20416: 67720, 20417: 519, 20418: 46494, 20419: 71117, 20421: 1347, 20422: 1617, 20423: 1585, 20427: 72051, 20428: 48922, 20429: 44206, 20432: 683, 20433: 1502, 20434: 690, 20436: 1259, 20437: 57381, 20438: 48922, 20439: 683, 20440: 69985, 20441: 690, 20442: 69242, 20443: 46494, 20444: 522, 20445: 522, 20446: 69242, 20447: 69242, 20449: 69995, 20450: 57455, 20451: 1012, 20452: 54448, 20453: 1585, 20454: 50588, 20455: 52945, 20456: 50588, 20457: 63756, 20458: 65161, 20459: 1585, 20460: 1161, 20461: 80479, 20462: 57290, 20463: 1412, 20465: 69990, 20466: 1012, 20467: 57257, 20468: 67720, 20469: 743, 20471: 1014, 20472: 71117, 20473: 1107, 20475: 805, 20476: 690, 20481: 1107, 20482: 35245, 20484: 75379, 20485: 69995, 20486: 913, 20487: 743, 20488: 44206, 20489: 683, 20490: 519, 20491: 78645, 20492: 57381, 20493: 82080, 20494: 91896, 20495: 1585, 20496: 58096, 20497: 54448, 20499: 1054, 20501: 1347, 20503: 35259, 20504: 57070, 20505: 83288, 20506: 1012, 20507: 46494, 20508: 69995, 20509: 1012, 20510: 52945, 20511: 64727, 20512: 54448, 20513: 1291, 20514: 146, 20515: 52945, 20517: 35245, 20518: 226, 20519: 75379, 20520: 69995, 20521: 50588, 20522: 52945, 20523: 1543, 20524: 449, 20525: 728, 20527: 1617, 20528: 44206, 20530: 72051, 20531: 13828, 20532: 1259, 20533: 69990, 20534: 46793, 20535: 75958, 20536: 68173, 20537: 1617, 20538: 690, 20539: 69990, 20540: 1617, 20541: 71117, 20542: 1288, 20543: 449, 20544: 1014, 20545: 1585, 20546: 91896, 20547: 57070, 20549: 80479, 20550: 63270, 20552: 46494, 20553: 71117, 20554: 1288, 20555: 61726, 20556: 78631, 20557: 1391, 20558: 1502, 20559: 1399, 20560: 686, 20561: 46494, 20563: 65877, 20564: 1167, 20565: 85710, 20567: 69990, 20569: 51797, 20570: 743, 20571: 68173, 20572: 1347, 20573: 690, 20574: 67720, 20575: 449, 20576: 728, 20577: 48922, 20578: 1014, 20579: 1347, 20580: 35259, 20581: 75958, 20582: 48922, 20583: 743, 20584: 1347, 20585: 1543, 20587: 1161, 20588: 1012, 20589: 65161, 20590: 395, 20591: 449, 20592: 1188, 20593: 57290, 20594: 690, 20595: 522, 20596: 73383, 20597: 805, 20599: 1012, 20600: 63270, 20601: 63270, 20602: 35245, 20605: 226, 20606: 1161, 20607: 52945, 20608: 58096, 20609: 1173, 20610: 1084, 20611: 65877, 20612: 75453, 20613: 1457, 20614: 57309, 20615: 69995, 20616: 849, 20617: 1167, 20618: 1540, 20619: 765, 20620: 1457, 20621: 1167, 20622: 686, 20624: 1457, 20625: 65877, 20626: 686, 20628: 686, 20630: 66626, 20631: 519, 20633: 1107, 20634: 72051, 20635: 1084, 20636: 913, 20637: 1391, 20638: 146, 20639: 85669, 20640: 57639, 20641: 52945, 20642: 1391, 20643: 1193, 20645: 1391, 20646: 953, 20647: 686, 20648: 58096, 20650: 58096, 20651: 62344, 20652: 686, 20653: 1193, 20654: 85669, 20655: 1412, 20656: 184, 20659: 1585, 20661: 69995, 20662: 70373, 20663: 913, 20669: 522, 20670: 78631, 20671: 57639, 20672: 35259, 20673: 57972, 20675: 61726, 20676: 57972, 20677: 73235, 20678: 62344, 20680: 68173, 20681: 449, 20684: 1347, 20688: 1617, 20689: 69995, 20690: 52945, 20692: 57257, 20693: 85669, 20694: 66626, 20695: 1489, 20696: 1173, 20697: 1182, 20698: 58543, 20699: 63756, 20700: 50588, 20701: 913, 20702: 1167, 20703: 54448, 20704: 66626, 20705: 75379, 20706: 1182, 20707: 70342, 20708: 46494, 20709: 1161, 20710: 1161, 20711: 1543, 20712: 0, 20713: 75421, 20714: 52945, 20715: 690, 20716: 70342, 20717: 57639, 20719: 1585, 20720: 75453, 20721: 913, 20722: 805, 20723: 51797, 20724: 80479, 20725: 85669, 20726: 46793, 20727: 78631, 20729: 1617, 20730: 88486, 20731: 48922, 20732: 1054, 20734: 1288, 20735: 57309, 20736: 1014, 20737: 73383, 20739: 35259, 20740: 57455, 20741: 686, 20742: 1167, 20743: 1116, 20744: 68650, 20746: 69990, 20747: 91053, 20748: 58096, 20749: 69990, 20750: 686, 20751: 1399, 20752: 1502, 20754: 44206, 20757: 1161, 20758: 1012, 20759: 62344, 20761: 1482, 20762: 75453, 20763: 63099, 20764: 1084, 20765: 63099, 20766: 63099, 20768: 184, 20769: 395, 20770: 77145, 20773: 70500, 20774: 1154, 20775: 69990, 20777: 1391, 20778: 70500, 20779: 1399, 20781: 1457, 20782: 49332, 20784: 57290, 20785: 2048, 20786: 70500, 20789: 1347, 20790: 58543, 20791: 70342, 20792: 46793, 20793: 146, 20794: 49332, 20795: 59008, 20796: 1188, 20797: 75421, 20798: 13699, 20799: 70373, 20800: 1482, 20802: 69242, 20803: 85710, 20804: 57309, 20805: 69242, 20806: 1391, 20807: 72051, 20808: 82067, 20809: 1291, 20810: 63099, 20811: 57070, 20813: 48266, 20814: 1482, 20815: 85687, 20816: 57455, 20817: 85687, 20818: 1391, 20819: 1502, 20820: 1167, 20821: 1116, 20822: 85687, 20823: 46494, 20824: 57417, 20825: 75453, 20826: 75379, 20827: 46494, 20828: 184, 20829: 67720, 20831: 57290, 20832: 57639, 20833: 1291, 20834: 728, 20835: 1502, 20836: 1583, 20837: 57070, 20838: 57070, 20840: 2048, 20841: 1412, 20842: 1357, 20843: 226, 20844: 57455, 20845: 65877, 20846: 1300, 20850: 65877, 20852: 90927, 20853: 51797, 20854: 72051, 20856: 46793, 20858: 48266, 20859: 82070, 20860: 63882, 20861: 63882, 20862: 82070, 20863: 82070, 20864: 395, 20872: 953, 20873: 395, 20874: 0, 20875: 91053, 20876: 683, 20877: 83288, 20881: 75379, 20883: 75453, 20884: 57972, 20885: 59008, 20886: 64727, 20887: 1540, 20888: 82070, 20889: 683, 20890: 64727, 20891: 1391, 20892: 82070, 20894: 85669, 20895: 64790, 20897: 1540, 20900: 1457, 20901: 75379, 20902: 72039, 20904: 63099, 20905: 522, 20906: 765, 20907: 1188, 20909: 65877, 20910: 182, 20911: 849, 20913: 72051, 20916: 85669, 20917: 87001, 20918: 73383, 20919: 63882, 20921: 58543, 20922: 82070, 20923: 690, 20925: 1294, 20926: 85700, 20928: 1300, 20929: 51797, 20930: 61726, 20931: 51797, 20932: 1288, 20933: 57290, 20934: 63099, 20935: 82070, 20936: 91053, 20937: 1399, 20938: 1193, 20939: 1502, 20940: 1223, 20941: 72039, 20942: 1399, 20943: 69985, 20944: 1193, 20948: 83288, 20949: 1193, 20950: 87001, 20951: 1300, 20953: 64727, 20954: 68173, 20955: 1457, 20956: 57639, 20958: 57639, 20959: 65877, 20960: 54448, 20961: 1012, 20962: 1300, 20963: 69995, 20964: 72039, 20965: 91053, 20966: 64790, 20967: 1054, 20968: 44206, 20969: 85700, 20970: 57972, 20971: 63756, 20973: 85710, 20974: 59008, 20975: 1154, 20977: 85710, 20978: 63756, 20979: 0, 20980: 63756, 20981: 49332, 20982: 72039, 20983: 1054, 20985: 72039, 20986: 728, 20987: 64790, 20988: 1054, 20990: 85710, 20992: 68650, 20993: 72039, 20995: 1012, 20997: 83288, 20998: 82070, 20999: 87001, 21000: 63882, 21001: 70500, 21002: 57639, 21003: 57972, 21005: 83288, 21006: 72051, 21007: 2048, 21008: 69995, 21009: 65877, 21011: 72039, 21012: 87001, 21013: 57290, 21014: 65877, 21015: 91053, 21016: 72051, 21017: 64790, 21018: 1193, 21019: 184, 21020: 69985, 21021: 1543, 21022: 75379, 21023: 63270, 21028: 86055, 21030: 85700, 21032: 52945, 21033: 35245, 21034: 1154, 21035: 58543, 21036: 35259, 21037: 1223, 21038: 728, 21039: 63270, 21041: 85700, 21043: 67720, 21045: 1188, 21047: 86055, 21050: 83288, 21053: 1294, 21055: 82080, 21056: 1585, 21057: 1107, 21058: 1107, 21059: 395, 21060: 1107, 21061: 46494, 21062: 1502, 21063: 1014, 21064: 57381, 21065: 1543, 21066: 1188, 21067: 683, 21068: 73383, 21069: 46494, 21070: 69990, 21072: 1107, 21073: 1182, 21074: 67720, 21075: 78645, 21077: 1540, 21084: 1617, 21085: 2114, 21086: 89226, 21087: 87984, 21091: 1012, 21092: 78631, 21093: 63270, 21096: 2114, 21097: 53429, 21098: 65941, 21099: 2114, 21100: 2076, 21101: 57649, 21102: 80140, 21103: 1457, 21104: 51797, 21105: 88653, 21106: 2346, 21107: 62344, 21108: 2346, 21109: 2114, 21110: 90942, 21112: 75379, 21113: 88653, 21115: 2346, 21116: 80140, 21117: 57649, 21118: 88486, 21119: 2076, 21120: 2076, 21121: 74355, 21123: 57649, 21124: 2076, 21125: 53429, 21126: 57649, 21127: 74355, 21128: 57649, 21129: 2114, 21130: 74355, 21132: 53429, 21133: 87984, 21134: 57649, 21135: 88653, 21136: 74355, 21138: 53429, 21139: 88653, 21140: 53429, 21141: 80140, 21142: 2346, 21143: 57649, 21144: 2114, 21145: 88653, 21146: 89226, 21147: 53429, 21148: 2114, 21149: 2076, 21150: 86213, 21151: 87984, 21153: 2114, 21154: 44206, 21155: 86157, 21156: 80140, 21157: 1188, 21159: 89226, 21163: 146, 21164: 86157, 21165: 88653, 21166: 88653, 21167: 80140, 21168: 2114, 21170: 88653, 21171: 53429, 21172: 57649, 21173: 56939, 21174: 90998, 21175: 1223, 21176: 56939, 21177: 56939, 21178: 57649, 21179: 86213, 21180: 90998, 21181: 86213, 21182: 86157, 21184: 56939, 21185: 86213, 21186: 86213, 21187: 0, 21188: 0, 21189: 0, 21190: 78631, 21191: 184, 21192: 59008, 21193: 57639, 21194: 0, 21195: 395, 21196: 1489, 21197: 57649, 21198: 74355, 21199: 2076, 21203: 90998, 21205: 74355, 21206: 86213, 21208: 87984, 21209: 89226, 21223: 683, 21226: 683, 21227: 1585, 21228: 68173, 21229: 0, 21230: 69990, 21231: 519, 21232: 57381, 21233: 1259, 21234: 805, 21235: 690, 21236: 71117, 21237: 71117, 21238: 1288, 21239: 72051, 21240: 1107, 21241: 1347, 21244: 66626, 21249: 1012, 21262: 57070, 21265: 13699, 21271: 91053, 21279: 59008, 21280: 59008, 21288: 57290, 21290: 51797, 21298: 57639, 21303: 1347, 21304: 35259, 21305: 35259, 21306: 226, 21307: 64790, 21308: 1113, 21311: 1540, 21312: 1294, 21313: 35259, 21314: 88486, 21315: 57417, 21316: 1054, 21317: 1347, 21318: 57455, 21319: 51797, 21322: 690, 21324: 13828, 21325: 13828, 21326: 35259, 21327: 1347, 21328: 519, 21329: 78626, 21331: 72039, 21333: 57455, 21334: 57455, 21335: 226, 21336: 765, 21338: 1502, 21339: 1054, 21340: 1107, 21341: 1294, 21344: 1300, 21345: 72039, 21346: 91053, 21348: 63099, 21349: 0, 21351: 69990, 21354: 519, 21356: 90927, 21357: 75379, 21358: 184, 21363: 57257, 21366: 65941, 21369: 765, 21370: 63756, 21378: 68173, 21384: 44206, 21398: 78626, 21445: 74355, 21446: 62344, 21447: 1347, 21448: 67720, 21450: 1014, 21454: 68173, 21455: 683, 21460: 0, 21462: 82080, 21463: 75453, 21465: 0, 21468: 1391, 21470: 226, 21474: 686, 21475: 1012, 21477: 91896, 21478: 61726, 21479: 1107, 21480: 519, 21481: 1161, 21482: 1161, 21483: 70373, 21484: 69995, 21487: 51797, 21488: 65161, 21489: 91053, 21490: 1259, 21491: 1113, 21492: 1161, 21493: 50453, 21494: 342}",0.0,invalido
642153.279382,Cruzamento,1733628451.6596036,69,"{20331: 1294, 20332: 70342, 20333: 1482, 20334: 82085, 20335: 1294, 20336: 57257, 20337: 65341, 20338: 1182, 20339: 1084, 20340: 57309, 20341: 765, 20342: 2048, 20343: 69242, 20344: 849, 20345: 57257, 20346: 1412, 20347: 63099, 20348: 1084, 20349: 75453, 20350: 63099, 20351: 75453, 20352: 69242, 20353: 70342, 20354: 849, 20355: 1489, 20356: 1489, 20357: 849, 20358: 70342, 20359: 57257, 20360: 2048, 20361: 58096, 20362: 1412, 20363: 1489, 20364: 184, 20365: 1617, 20366: 70171, 20367: 57309, 20368: 90927, 20369: 1617, 20370: 48266, 20371: 70373, 20372: 49332, 20373: 1291, 20378: 1182, 20379: 69990, 20380: 70342, 20381: 57070, 20383: 1583, 20384: 686, 20385: 75421, 20386: 68182, 20387: 75421, 20388: 13699, 20389: 68182, 20392: 1291, 20393: 63099, 20394: 75453, 20395: 48266, 20396: 1543, 20397: 849, 20398: 75421, 20399: 70342, 20400: 58096, 20401: 57455, 20402: 1489, 20403: 1084, 20404: 57455, 20405: 1288, 20406: 519, 20407: 743, 20408: 71117, 20409: 1288, 20410: 57381, 20411: 449, 20412: 226, 20413: 58096, 20414: 1014, 20415: 46494, 20416: 805, 20417: 57290, 20418: 683, 20419: 1617, 20421: 65341, 20422: 82085, 20423: 1585, 20427: 68173, 20428: 78645, 20429: 48922, 20432: 44206, 20433: 1502, 20434: 57290, 20436: 182, 20437: 1188, 20438: 1502, 20439: 57381, 20440: 73383, 20441: 70342, 20442: 57381, 20443: 13828, 20444: 71117, 20445: 683, 20446: 1502, 20447: 71117, 20449: 50588, 20450: 913, 20451: 80479, 20452: 80479, 20453: 35245, 20454: 69995, 20455: 52945, 20456: 70342, 20457: 46793, 20458: 1012, 20459: 51797, 20460: 63756, 20461: 35245, 20462: 64790, 20463: 57257, 20465: 57070, 20466: 63756, 20467: 849, 20468: 743, 20469: 67720, 20471: 1014, 20472: 13828, 20473: 1188, 20475: 67720, 20476: 1259, 20481: 71117, 20482: 35245, 20484: 85646, 20485: 46793, 20486: 54448, 20487: 1502, 20488: 1188, 20489: 728, 20490: 71117, 20491: 57381, 20492: 44206, 20493: 1014, 20494: 91896, 20495: 72051, 20496: 849, 20497: 69995, 20499: 88486, 20501: 71117, 20503: 1357, 20504: 765, 20505: 1167, 20506: 1294, 20507: 65877, 20508: 54448, 20509: 46793, 20510: 52945, 20511: 75379, 20512: 52945, 20513: 1291, 20514: 69995, 20515: 70342, 20517: 63270, 20518: 913, 20519: 1012, 20520: 54448, 20521: 63270, 20522: 913, 20523: 519, 20524: 70342, 20525: 1259, 20527: 68173, 20528: 57381, 20530: 91896, 20531: 182, 20532: 71117, 20533: 75421, 20534: 35245, 20535: 71117, 20536: 44206, 20537: 75958, 20538: 35259, 20539: 70342, 20540: 67720, 20541: 1014, 20542: 48922, 20543: 59008, 20544: 1014, 20545: 449, 20546: 1585, 20547: 69995, 20549: 913, 20550: 1161, 20552: 1502, 20553: 728, 20554: 1188, 20555: 85710, 20556: 1182, 20557: 849, 20558: 1399, 20559: 1391, 20560: 1116, 20561: 57070, 20563: 78631, 20564: 44206, 20565: 1167, 20567: 1457, 20569: 63756, 20570: 59008, 20571: 743, 20572: 68173, 20573: 728, 20574: 70342, 20575: 1347, 20576: 44206, 20577: 690, 20578: 91896, 20579: 75958, 20580: 449, 20581: 69990, 20582: 35259, 20583: 69985, 20584: 91896, 20585: 75379, 20587: 63756, 20588: 85646, 20589: 913, 20590: 46494, 20591: 1259, 20592: 57290, 20593: 69985, 20594: 70342, 20595: 1502, 20596: 67720, 20597: 69985, 20599: 1585, 20600: 75379, 20601: 1161, 20602: 226, 20605: 35245, 20606: 64727, 20607: 1585, 20608: 1223, 20609: 64727, 20610: 1482, 20611: 65877, 20612: 69995, 20613: 1457, 20614: 69995, 20615: 686, 20616: 69990, 20617: 1540, 20618: 1116, 20619: 85710, 20620: 1107, 20621: 1107, 20622: 75453, 20624: 75453, 20625: 686, 20626: 953, 20628: 953, 20630: 66626, 20631: 1543, 20633: 46494, 20634: 690, 20635: 68182, 20636: 54448, 20637: 75421, 20638: 1288, 20639: 1391, 20640: 85669, 20641: 57639, 20642: 1193, 20643: 62344, 20645: 52945, 20646: 52945, 20647: 1193, 20648: 58096, 20650: 953, 20651: 85669, 20652: 1391, 20653: 57639, 20654: 686, 20655: 1583, 20656: 70342, 20659: 1173, 20661: 75379, 20662: 75453, 20663: 913, 20669: 69985, 20670: 35259, 20671: 57639, 20672: 65877, 20673: 73235, 20675: 61726, 20676: 75453, 20677: 1540, 20678: 78631, 20680: 1543, 20681: 728, 20684: 743, 20688: 82080, 20689: 1161, 20690: 66626, 20692: 57257, 20693: 58543, 20694: 913, 20695: 1489, 20696: 1161, 20697: 184, 20698: 62344, 20699: 50588, 20700: 1173, 20701: 63756, 20702: 1182, 20703: 54448, 20704: 63756, 20705: 64727, 20706: 69242, 20707: 63756, 20708: 1054, 20709: 1161, 20710: 1161, 20711: 68173, 20712: 0, 20713: 75421, 20714: 52945, 20715: 73383, 20716: 70342, 20717: 58543, 20719: 52945, 20720: 46793, 20721: 1012, 20722: 46494, 20723: 184, 20724: 46793, 20725: 78631, 20726: 80479, 20727: 1347, 20729: 1412, 20730: 57972, 20731: 1014, 20732: 83288, 20734: 57455, 20735: 62344, 20736: 73383, 20737: 59008, 20739: 75379, 20740: 1543, 20741: 85710, 20742: 75379, 20743: 686, 20744: 395, 20746: 1457, 20747: 49332, 20748: 1357, 20749: 63756, 20750: 1012, 20751: 85710, 20752: 46494, 20754: 1259, 20757: 1012, 20758: 35245, 20759: 58096, 20761: 63099, 20762: 75453, 20763: 1084, 20764: 1617, 20765: 1482, 20766: 75453, 20768: 0, 20769: 449, 20770: 77145, 20773: 63270, 20774: 1300, 20775: 57070, 20777: 57070, 20778: 146, 20779: 1347, 20781: 1543, 20782: 1223, 20784: 146, 20785: 146, 20786: 1154, 20789: 690, 20790: 58543, 20791: 1583, 20792: 49332, 20793: 728, 20794: 48266, 20795: 44206, 20796: 78631, 20797: 69242, 20798: 75421, 20799: 2048, 20800: 13699, 20802: 13828, 20803: 1288, 20804: 1154, 20805: 13699, 20806: 1391, 20807: 522, 20808: 85687, 20809: 1347, 20810: 46793, 20811: 70342, 20813: 70373, 20814: 2048, 20815: 85687, 20816: 184, 20817: 85687, 20818: 1347, 20819: 1502, 20820: 62344, 20821: 62344, 20822: 849, 20823: 805, 20824: 57309, 20825: 78631, 20826: 184, 20827: 69990, 20828: 70500, 20829: 1347, 20831: 57290, 20832: 1182, 20833: 1294, 20834: 72051, 20835: 1399, 20836: 58096, 20837: 70373, 20838: 1502, 20840: 49332, 20841: 1182, 20842: 58096, 20843: 1223, 20844: 82085, 20845: 85669, 20846: 1300, 20850: 72039, 20852: 1391, 20853: 1167, 20854: 82080, 20856: 46793, 20858: 70373, 20859: 82070, 20860: 82070, 20861: 63882, 20862: 63882, 20863: 82070, 20864: 395, 20872: 953, 20873: 35245, 20874: 0, 20875: 91053, 20876: 13828, 20877: 57972, 20881: 57417, 20883: 57639, 20884: 83288, 20885: 57417, 20886: 78631, 20887: 71117, 20888: 63882, 20889: 57381, 20890: 59008, 20891: 70500, 20892: 82070, 20894: 69990, 20895: 63270, 20897: 226, 20900: 953, 20901: 1223, 20902: 72039, 20904: 1300, 20905: 44206, 20906: 75453, 20907: 65941, 20909: 65877, 20910: 70342, 20911: 69995, 20913: 73383, 20916: 57309, 20917: 63882, 20918: 57290, 20919: 87001, 20921: 72051, 20922: 84328, 20923: 690, 20925: 1294, 20926: 65941, 20928: 72051, 20929: 85710, 20930: 61726, 20931: 64790, 20932: 69995, 20933: 805, 20934: 63099, 20935: 63882, 20936: 58543, 20937: 146, 20938: 1193, 20939: 35259, 20940: 72051, 20941: 82070, 20942: 67720, 20943: 48922, 20944: 64790, 20948: 63882, 20949: 57639, 20950: 72039, 20951: 64790, 20953: 63099, 20954: 48922, 20955: 1457, 20956: 63099, 20958: 1188, 20959: 87001, 20960: 64790, 20961: 1054, 20962: 51797, 20963: 1193, 20964: 83288, 20965: 57639, 20966: 1399, 20967: 85710, 20968: 59008, 20969: 70500, 20970: 65877, 20971: 52945, 20973: 1116, 20974: 57639, 20975: 63270, 20977: 57070, 20978: 57972, 20979: 1288, 20980: 64727, 20981: 57309, 20982: 72039, 20983: 1502, 20985: 65877, 20986: 1399, 20987: 1399, 20988: 1502, 20990: 1116, 20992: 70500, 20993: 72039, 20995: 63756, 20997: 87001, 20998: 63882, 20999: 87001, 21000: 82070, 21001: 48266, 21002: 1357, 21003: 83288, 21005: 65877, 21006: 57290, 21007: 1288, 21008: 686, 21009: 63882, 21011: 84328, 21012: 87001, 21013: 57417, 21014: 57972, 21015: 85700, 21016: 64790, 21017: 70500, 21018: 35245, 21019: 91053, 21020: 1347, 21021: 44206, 21022: 52945, 21023: 63270, 21028: 85700, 21030: 86055, 21032: 57417, 21033: 85710, 21034: 2048, 21035: 226, 21036: 67720, 21037: 68650, 21038: 395, 21039: 67720, 21041: 1193, 21043: 75379, 21045: 1300, 21047: 52945, 21050: 83288, 21053: 1294, 21055: 82080, 21056: 57381, 21057: 0, 21058: 1161, 21059: 395, 21060: 395, 21061: 78645, 21062: 78645, 21063: 1543, 21064: 46494, 21065: 68173, 21066: 44206, 21067: 1259, 21068: 46494, 21069: 48922, 21070: 1107, 21072: 69990, 21073: 1167, 21074: 67720, 21075: 78645, 21077: 1540, 21084: 1617, 21085: 87984, 21086: 80140, 21087: 90998, 21091: 1357, 21092: 1457, 21093: 85646, 21096: 57649, 21097: 57649, 21098: 63099, 21099: 2114, 21100: 74355, 21101: 2114, 21102: 56939, 21103: 1107, 21104: 91053, 21105: 2076, 21106: 57649, 21107: 57972, 21108: 74355, 21109: 53429, 21110: 80140, 21112: 1540, 21113: 57649, 21115: 89226, 21116: 57649, 21117: 74355, 21118: 58096, 21119: 80140, 21120: 80140, 21121: 56939, 21123: 56939, 21124: 2076, 21125: 53429, 21126: 53429, 21127: 88653, 21128: 74355, 21129: 2114, 21130: 74355, 21132: 57649, 21133: 90998, 21134: 57649, 21135: 80140, 21136: 57649, 21138: 53429, 21139: 89226, 21140: 57649, 21141: 87984, 21142: 80140, 21143: 74355, 21144: 2114, 21145: 2346, 21146: 89226, 21147: 2076, 21148: 53429, 21149: 56939, 21150: 86157, 21151: 2076, 21153: 74355, 21154: 146, 21155: 86213, 21156: 86157, 21157: 1188, 21159: 89226, 21163: 1288, 21164: 86157, 21165: 87984, 21166: 86213, 21167: 87984, 21168: 87984, 21170: 2346, 21171: 56939, 21172: 56939, 21173: 86213, 21174: 2076, 21175: 1188, 21176: 86213, 21177: 56939, 21178: 57649, 21179: 86213, 21180: 90998, 21181: 2114, 21182: 0, 21184: 86157, 21185: 0, 21186: 2076, 21187: 0, 21188: 1223, 21189: 0, 21190: 1457, 21191: 184, 21192: 65941, 21193: 1193, 21194: 0, 21195: 57290, 21196: 849, 21197: 53429, 21198: 74355, 21199: 2076, 21203: 86213, 21205: 2346, 21206: 90998, 21208: 87984, 21209: 89226, 21223: 743, 21226: 683, 21227: 449, 21228: 57290, 21229: 519, 21230: 57290, 21231: 1107, 21232: 57381, 21233: 82080, 21234: 82080, 21235: 522, 21236: 82080, 21237: 57290, 21238: 71117, 21239: 0, 21240: 805, 21241: 46494, 21244: 1173, 21249: 80479, 21262: 1391, 21265: 75421, 21271: 75453, 21279: 91053, 21280: 57639, 21288: 1188, 21290: 65941, 21298: 52945, 21303: 57455, 21304: 226, 21305: 88486, 21306: 1457, 21307: 226, 21308: 765, 21311: 46494, 21312: 63756, 21313: 35259, 21314: 88486, 21315: 64790, 21316: 63756, 21317: 1113, 21318: 64790, 21319: 1347, 21322: 82080, 21324: 395, 21325: 78626, 21326: 13828, 21327: 395, 21328: 13828, 21329: 550, 21331: 65877, 21333: 51797, 21334: 57455, 21335: 1113, 21336: 85669, 21338: 226, 21339: 71117, 21340: 1457, 21341: 1294, 21344: 51797, 21345: 0, 21346: 70500, 21348: 1193, 21349: 0, 21351: 72051, 21354: 13828, 21356: 57309, 21357: 64727, 21358: 226, 21363: 1412, 21366: 51797, 21369: 1347, 21370: 1357, 21378: 1014, 21384: 46494, 21398: 550, 21445: 53429, 21446: 57070, 21447: 1399, 21448: 69990, 21450: 78645, 21454: 48922, 21455: 1014, 21460: 1482, 21462: 1585, 21463: 75453, 21465: 0, 21468: 1391, 21470: 226, 21474: 686, 21475: 1012, 21477: 91896, 21478: 61726, 21479: 1107, 21480: 519, 21481: 1161, 21482: 1161, 21483: 70373, 21484: 69995, 21487: 51797, 21488: 65161, 21489: 91053, 21490: 1259, 21491: 1113, 21492: 1161, 21493: 50453, 21494: 342}",0.0,invalido
646205.4358319996,Cruzamento,1733628454.602103,70,"{20331: 1084, 20332: 46793, 20333: 1489, 20334: 1412, 20335: 1294, 20336: 82085, 20337: 65341, 20338: 48266, 20339: 184, 20340: 57309, 20341: 65341, 20342: 1182, 20343: 1489, 20344: 1489, 20345: 68182, 20346: 70373, 20347: 70342, 20348: 1084, 20349: 63099, 20350: 57309, 20351: 51797, 20352: 58096, 20353: 46793, 20354: 849, 20355: 48266, 20356: 1291, 20357: 58096, 20358: 1084, 20359: 46793, 20360: 69990, 20361: 1412, 20362: 765, 20363: 57455, 20364: 1291, 20365: 82085, 20366: 75453, 20367: 90927, 20368: 1617, 20369: 65341, 20370: 70342, 20371: 57070, 20372: 48266, 20373: 1412, 20378: 82085, 20379: 57455, 20380: 1391, 20381: 686, 20383: 13699, 20384: 686, 20385: 69990, 20386: 57257, 20387: 13699, 20388: 75421, 20389: 68182, 20392: 63099, 20393: 58096, 20394: 51797, 20395: 184, 20396: 1347, 20397: 65341, 20398: 2048, 20399: 805, 20400: 1084, 20401: 1482, 20402: 46793, 20403: 1482, 20404: 67720, 20405: 1107, 20406: 57381, 20407: 1502, 20408: 743, 20409: 743, 20410: 1347, 20411: 395, 20412: 1585, 20413: 1489, 20414: 449, 20415: 1188, 20416: 67720, 20417: 519, 20418: 46494, 20419: 71117, 20421: 1347, 20422: 1617, 20423: 1585, 20427: 72051, 20428: 48922, 20429: 44206, 20432: 683, 20433: 1502, 20434: 690, 20436: 1259, 20437: 57381, 20438: 48922, 20439: 683, 20440: 69985, 20441: 690, 20442: 69242, 20443: 46494, 20444: 522, 20445: 522, 20446: 69242, 20447: 69242, 20449: 69995, 20450: 57455, 20451: 1012, 20452: 54448, 20453: 1585, 20454: 50588, 20455: 52945, 20456: 50588, 20457: 63756, 20458: 65161, 20459: 1585, 20460: 1161, 20461: 80479, 20462: 57290, 20463: 1412, 20465: 69990, 20466: 1012, 20467: 57257, 20468: 67720, 20469: 743, 20471: 1014, 20472: 71117, 20473: 1107, 20475: 805, 20476: 690, 20481: 1107, 20482: 35245, 20484: 75379, 20485: 69995, 20486: 54448, 20487: 1502, 20488: 1188, 20489: 728, 20490: 71117, 20491: 57381, 20492: 44206, 20493: 1014, 20494: 91896, 20495: 72051, 20496: 849, 20497: 69995, 20499: 88486, 20501: 71117, 20503: 1357, 20504: 765, 20505: 1167, 20506: 1294, 20507: 65877, 20508: 54448, 20509: 46793, 20510: 52945, 20511: 75379, 20512: 52945, 20513: 1291, 20514: 69995, 20515: 70342, 20517: 63270, 20518: 913, 20519: 1012, 20520: 54448, 20521: 63270, 20522: 913, 20523: 519, 20524: 70342, 20525: 1259, 20527: 68173, 20528: 57381, 20530: 91896, 20531: 182, 20532: 71117, 20533: 75421, 20534: 35245, 20535: 71117, 20536: 44206, 20537: 75958, 20538: 35259, 20539: 70342, 20540: 67720, 20541: 1014, 20542: 48922, 20543: 59008, 20544: 1014, 20545: 449, 20546: 1585, 20547: 69995, 20549: 913, 20550: 1161, 20552: 1502, 20553: 728, 20554: 1188, 20555: 85710, 20556: 1182, 20557: 849, 20558: 1399, 20559: 1391, 20560: 1116, 20561: 57070, 20563: 78631, 20564: 44206, 20565: 1167, 20567: 1457, 20569: 63756, 20570: 59008, 20571: 743, 20572: 68173, 20573: 728, 20574: 70342, 20575: 1347, 20576: 44206, 20577: 690, 20578: 91896, 20579: 75958, 20580: 449, 20581: 69990, 20582: 35259, 20583: 69985, 20584: 91896, 20585: 75379, 20587: 63756, 20588: 85646, 20589: 913, 20590: 46494, 20591: 1259, 20592: 57290, 20593: 69985, 20594: 70342, 20595: 1502, 20596: 67720, 20597: 69985, 20599: 1585, 20600: 75379, 20601: 1161, 20602: 226, 20605: 35245, 20606: 64727, 20607: 1585, 20608: 1223, 20609: 64727, 20610: 1482, 20611: 65877, 20612: 69995, 20613: 1457, 20614: 69995, 20615: 686, 20616: 69990, 20617: 1540, 20618: 1116, 20619: 85710, 20620: 1107, 20621: 1107, 20622: 75453, 20624: 75453, 20625: 686, 20626: 953, 20628: 953, 20630: 66626, 20631: 1543, 20633: 46494, 20634: 690, 20635: 68182, 20636: 54448, 20637: 75421, 20638: 1288, 20639: 1391, 20640: 85669, 20641: 57639, 20642: 1193, 20643: 62344, 20645: 52945, 20646: 52945, 20647: 1193, 20648: 58096, 20650: 953, 20651: 85669, 20652: 1391, 20653: 57639, 20654: 686, 20655: 1583, 20656: 70342, 20659: 1173, 20661: 75379, 20662: 75453, 20663: 913, 20669: 69985, 20670: 35259, 20671: 57639, 20672: 65877, 20673: 73235, 20675: 61726, 20676: 75453, 20677: 1540, 20678: 78631, 20680: 1543, 20681: 728, 20684: 743, 20688: 82080, 20689: 1161, 20690: 66626, 20692: 57257, 20693: 58543, 20694: 913, 20695: 1489, 20696: 1161, 20697: 184, 20698: 62344, 20699: 50588, 20700: 1173, 20701: 63756, 20702: 1182, 20703: 54448, 20704: 63756, 20705: 64727, 20706: 69242, 20707: 63756, 20708: 1054, 20709: 1161, 20710: 1161, 20711: 68173, 20712: 0, 20713: 75421, 20714: 52945, 20715: 73383, 20716: 70342, 20717: 58543, 20719: 52945, 20720: 46793, 20721: 1012, 20722: 46494, 20723: 184, 20724: 46793, 20725: 78631, 20726: 80479, 20727: 1347, 20729: 1412, 20730: 57972, 20731: 1014, 20732: 83288, 20734: 57455, 20735: 62344, 20736: 73383, 20737: 59008, 20739: 75379, 20740: 1543, 20741: 85710, 20742: 75379, 20743: 686, 20744: 395, 20746: 1457, 20747: 49332, 20748: 1357, 20749: 63756, 20750: 1012, 20751: 85710, 20752: 46494, 20754: 1259, 20757: 1012, 20758: 35245, 20759: 58096, 20761: 63099, 20762: 75453, 20763: 1084, 20764: 1617, 20765: 1482, 20766: 75453, 20768: 0, 20769: 449, 20770: 77145, 20773: 63270, 20774: 1300, 20775: 57070, 20777: 57070, 20778: 146, 20779: 1347, 20781: 1543, 20782: 1223, 20784: 146, 20785: 146, 20786: 1154, 20789: 690, 20790: 58543, 20791: 1583, 20792: 49332, 20793: 728, 20794: 48266, 20795: 44206, 20796: 78631, 20797: 69242, 20798: 75421, 20799: 2048, 20800: 13699, 20802: 13828, 20803: 1288, 20804: 1154, 20805: 13699, 20806: 1391, 20807: 522, 20808: 85687, 20809: 1347, 20810: 46793, 20811: 70342, 20813: 70373, 20814: 2048, 20815: 85687, 20816: 184, 20817: 85687, 20818: 1347, 20819: 1502, 20820: 62344, 20821: 62344, 20822: 849, 20823: 805, 20824: 57309, 20825: 78631, 20826: 184, 20827: 69990, 20828: 70500, 20829: 1347, 20831: 57290, 20832: 1182, 20833: 1294, 20834: 72051, 20835: 1399, 20836: 58096, 20837: 70373, 20838: 1502, 20840: 49332, 20841: 1182, 20842: 58096, 20843: 1223, 20844: 82085, 20845: 85669, 20846: 1300, 20850: 72039, 20852: 1391, 20853: 1167, 20854: 82080, 20856: 46793, 20858: 70373, 20859: 82070, 20860: 82070, 20861: 63882, 20862: 63882, 20863: 82070, 20864: 395, 20872: 953, 20873: 35245, 20874: 0, 20875: 91053, 20876: 13828, 20877: 57972, 20881: 57417, 20883: 57639, 20884: 83288, 20885: 57417, 20886: 78631, 20887: 71117, 20888: 63882, 20889: 57381, 20890: 59008, 20891: 70500, 20892: 82070, 20894: 69990, 20895: 63270, 20897: 226, 20900: 953, 20901: 1223, 20902: 72039, 20904: 1300, 20905: 44206, 20906: 75453, 20907: 65941, 20909: 65877, 20910: 70342, 20911: 69995, 20913: 73383, 20916: 57309, 20917: 63882, 20918: 57290, 20919: 87001, 20921: 72051, 20922: 84328, 20923: 690, 20925: 1294, 20926: 65941, 20928: 72051, 20929: 85710, 20930: 61726, 20931: 64790, 20932: 69995, 20933: 805, 20934: 63099, 20935: 63882, 20936: 58543, 20937: 146, 20938: 1193, 20939: 35259, 20940: 72051, 20941: 82070, 20942: 67720, 20943: 48922, 20944: 64790, 20948: 63882, 20949: 57639, 20950: 72039, 20951: 64790, 20953: 63099, 20954: 48922, 20955: 1457, 20956: 63099, 20958: 1188, 20959: 87001, 20960: 64790, 20961: 1054, 20962: 51797, 20963: 1193, 20964: 83288, 20965: 57639, 20966: 1399, 20967: 85710, 20968: 59008, 20969: 70500, 20970: 65877, 20971: 52945, 20973: 1116, 20974: 57639, 20975: 63270, 20977: 57070, 20978: 57972, 20979: 1288, 20980: 64727, 20981: 57309, 20982: 72039, 20983: 1502, 20985: 65877, 20986: 1399, 20987: 1399, 20988: 1502, 20990: 1116, 20992: 70500, 20993: 72039, 20995: 63756, 20997: 87001, 20998: 63882, 20999: 87001, 21000: 82070, 21001: 48266, 21002: 1357, 21003: 83288, 21005: 65877, 21006: 57290, 21007: 1288, 21008: 686, 21009: 63882, 21011: 84328, 21012: 87001, 21013: 57417, 21014: 57972, 21015: 85700, 21016: 64790, 21017: 70500, 21018: 35245, 21019: 91053, 21020: 1347, 21021: 44206, 21022: 52945, 21023: 63270, 21028: 85700, 21030: 86055, 21032: 57417, 21033: 85710, 21034: 2048, 21035: 226, 21036: 67720, 21037: 68650, 21038: 395, 21039: 67720, 21041: 1193, 21043: 75379, 21045: 1300, 21047: 52945, 21050: 83288, 21053: 1294, 21055: 82080, 21056: 57381, 21057: 0, 21058: 1161, 21059: 395, 21060: 395, 21061: 78645, 21062: 78645, 21063: 1543, 21064: 46494, 21065: 68173, 21066: 44206, 21067: 1259, 21068: 46494, 21069: 48922, 21070: 1107, 21072: 69990, 21073: 1167, 21074: 67720, 21075: 78645, 21077: 1540, 21084: 1617, 21085: 87984, 21086: 80140, 21087: 90998, 21091: 1357, 21092: 1457, 21093: 85646, 21096: 57649, 21097: 57649, 21098: 63099, 21099: 2114, 21100: 74355, 21101: 2114, 21102: 56939, 21103: 1107, 21104: 91053, 21105: 2076, 21106: 57649, 21107: 57972, 21108: 74355, 21109: 53429, 21110: 80140, 21112: 1540, 21113: 57649, 21115: 89226, 21116: 57649, 21117: 74355, 21118: 58096, 21119: 80140, 21120: 80140, 21121: 56939, 21123: 56939, 21124: 2076, 21125: 53429, 21126: 53429, 21127: 88653, 21128: 74355, 21129: 2114, 21130: 74355, 21132: 57649, 21133: 90998, 21134: 57649, 21135: 80140, 21136: 57649, 21138: 53429, 21139: 89226, 21140: 57649, 21141: 87984, 21142: 80140, 21143: 74355, 21144: 2114, 21145: 2346, 21146: 89226, 21147: 2076, 21148: 53429, 21149: 56939, 21150: 86157, 21151: 2076, 21153: 74355, 21154: 146, 21155: 86213, 21156: 86157, 21157: 1188, 21159: 89226, 21163: 1288, 21164: 86157, 21165: 87984, 21166: 86213, 21167: 87984, 21168: 87984, 21170: 2346, 21171: 56939, 21172: 56939, 21173: 86213, 21174: 2076, 21175: 1188, 21176: 86213, 21177: 56939, 21178: 57649, 21179: 86213, 21180: 90998, 21181: 2114, 21182: 0, 21184: 86157, 21185: 0, 21186: 2076, 21187: 0, 21188: 1223, 21189: 0, 21190: 1457, 21191: 184, 21192: 65941, 21193: 1193, 21194: 0, 21195: 57290, 21196: 849, 21197: 53429, 21198: 74355, 21199: 2076, 21203: 86213, 21205: 2346, 21206: 90998, 21208: 87984, 21209: 89226, 21223: 743, 21226: 683, 21227: 449, 21228: 57290, 21229: 519, 21230: 57290, 21231: 1107, 21232: 57381, 21233: 82080, 21234: 82080, 21235: 522, 21236: 82080, 21237: 57290, 21238: 71117, 21239: 0, 21240: 805, 21241: 46494, 21244: 1173, 21249: 80479, 21262: 1391, 21265: 75421, 21271: 75453, 21279: 91053, 21280: 57639, 21288: 1188, 21290: 65941, 21298: 52945, 21303: 57455, 21304: 226, 21305: 88486, 21306: 1457, 21307: 226, 21308: 765, 21311: 46494, 21312: 63756, 21313: 35259, 21314: 88486, 21315: 64790, 21316: 63756, 21317: 1113, 21318: 64790, 21319: 1347, 21322: 82080, 21324: 395, 21325: 78626, 21326: 13828, 21327: 395, 21328: 13828, 21329: 550, 21331: 65877, 21333: 51797, 21334: 57455, 21335: 1113, 21336: 85669, 21338: 226, 21339: 71117, 21340: 1457, 21341: 1294, 21344: 51797, 21345: 0, 21346: 70500, 21348: 1193, 21349: 0, 21351: 72051, 21354: 13828, 21356: 57309, 21357: 64727, 21358: 226, 21363: 1412, 21366: 51797, 21369: 1347, 21370: 1357, 21378: 1014, 21384: 46494, 21398: 550, 21445: 53429, 21446: 57070, 21447: 1399, 21448: 69990, 21450: 78645, 21454: 48922, 21455: 1014, 21460: 1482, 21462: 1585, 21463: 75453, 21465: 0, 21468: 1391, 21470: 226, 21474: 686, 21475: 1012, 21477: 91896, 21478: 61726, 21479: 1107, 21480: 519, 21481: 1161, 21482: 1161, 21483: 70373, 21484: 69995, 21487: 51797, 21488: 65161, 21489: 91053, 21490: 1259, 21491: 1113, 21492: 1161, 21493: 50453, 21494: 342}",0.0,filho
649988.8416573335,Cruzamento,1733628454.602103,70,"{20331: 57309, 20332: 65341, 20333: 82085, 20334: 57070, 20335: 1182, 20336: 1489, 20337: 1291, 20338: 1084, 20339: 46793, 20340: 1412, 20341: 1294, 20342: 1182, 20343: 70342, 20344: 849, 20345: 63099, 20346: 1084, 20347: 1489, 20348: 48266, 20349: 1347, 20350: 69990, 20351: 1347, 20352: 57309, 20353: 57257, 20354: 46793, 20355: 1347, 20356: 849, 20357: 1583, 20358: 2048, 20359: 1291, 20360: 765, 20361: 75421, 20362: 1489, 20363: 1412, 20364: 70342, 20365: 70171, 20366: 70171, 20367: 77145, 20368: 65341, 20369: 75453, 20370: 48266, 20371: 1347, 20372: 46793, 20373: 1617, 20378: 65341, 20379: 75421, 20380: 1489, 20381: 1182, 20383: 57257, 20384: 63099, 20385: 57257, 20386: 13699, 20387: 70342, 20388: 1084, 20389: 75421, 20392: 849, 20393: 69242, 20394: 51797, 20395: 48266, 20396: 449, 20397: 1583, 20398: 765, 20399: 44206, 20400: 46793, 20401: 1412, 20402: 48266, 20403: 184, 20404: 743, 20405: 82080, 20406: 728, 20407: 395, 20408: 449, 20409: 35259, 20410: 690, 20411: 67720, 20412: 75379, 20413: 1482, 20414: 67720, 20415: 71117, 20416: 70342, 20417: 57381, 20418: 82080, 20419: 519, 20421: 1294, 20422: 1489, 20423: 1585, 20427: 44206, 20428: 57381, 20429: 449, 20432: 1543, 20433: 449, 20434: 46494, 20436: 805, 20437: 69242, 20438: 69990, 20439: 1259, 20440: 743, 20441: 46494, 20442: 69985, 20443: 690, 20444: 82080, 20445: 805, 20446: 67720, 20447: 78645, 20449: 1012, 20450: 69995, 20451: 80479, 20452: 57455, 20453: 57455, 20454: 52945, 20455: 913, 20456: 50588, 20457: 51797, 20458: 913, 20459: 1161, 20460: 1585, 20461: 63270, 20462: 69995, 20463: 49332, 20465: 65341, 20466: 1012, 20467: 1291, 20468: 1107, 20469: 1259, 20471: 57381, 20472: 57381, 20473: 743, 20475: 72051, 20476: 1617, 20481: 1107, 20482: 75379, 20484: 52945, 20485: 75379, 20486: 54448, 20487: 449, 20488: 1188, 20489: 69990, 20490: 70342, 20491: 67720, 20492: 805, 20493: 1107, 20494: 46494, 20495: 683, 20496: 75453, 20497: 50588, 20499: 65877, 20501: 44206, 20503: 57639, 20504: 69990, 20505: 62344, 20506: 85710, 20507: 1357, 20508: 1161, 20509: 50588, 20510: 913, 20511: 85646, 20512: 70342, 20513: 1291, 20514: 64790, 20515: 913, 20517: 69995, 20518: 69995, 20519: 63270, 20520: 52945, 20521: 65161, 20522: 1161, 20523: 1259, 20524: 68173, 20525: 519, 20527: 82080, 20528: 1502, 20530: 46494, 20531: 59008, 20532: 805, 20533: 75421, 20534: 65161, 20535: 48922, 20536: 44206, 20537: 69985, 20538: 69990, 20539: 449, 20540: 690, 20541: 1617, 20542: 75958, 20543: 48922, 20544: 728, 20545: 91896, 20546: 71117, 20547: 64790, 20549: 80479, 20550: 51797, 20552: 1288, 20553: 1502, 20554: 57290, 20555: 62344, 20556: 65877, 20557: 75379, 20558: 1107, 20559: 1391, 20560: 65877, 20561: 85710, 20563: 1167, 20564: 57070, 20565: 69990, 20567: 849, 20569: 52945, 20570: 91896, 20571: 1585, 20572: 1288, 20573: 35259, 20574: 48922, 20575: 44206, 20576: 75958, 20577: 69985, 20578: 1347, 20579: 71117, 20580: 68173, 20581: 1014, 20582: 35259, 20583: 1288, 20584: 71117, 20585: 2048, 20587: 1012, 20588: 63270, 20589: 52945, 20590: 82080, 20591: 57455, 20592: 683, 20593: 805, 20594: 72051, 20595: 59008, 20596: 1347, 20597: 1585, 20599: 64727, 20600: 49332, 20601: 75379, 20602: 35245, 20605: 35245, 20606: 50588, 20607: 913, 20608: 57417, 20609: 1585, 20610: 1482, 20611: 1107, 20612: 686, 20613: 57309, 20614: 1167, 20615: 75453, 20616: 953, 20617: 61726, 20618: 85669, 20619: 1182, 20620: 1054, 20621: 1457, 20622: 849, 20624: 226, 20625: 1457, 20626: 69995, 20628: 1540, 20630: 69995, 20631: 449, 20633: 69242, 20634: 73383, 20635: 1583, 20636: 54448, 20637: 1583, 20638: 226, 20639: 1391, 20640: 52945, 20641: 85669, 20642: 62344, 20643: 1391, 20645: 52945, 20646: 85669, 20647: 57639, 20648: 686, 20650: 686, 20651: 1193, 20652: 686, 20653: 1193, 20654: 85669, 20655: 1412, 20656: 184, 20659: 1585, 20661: 69995, 20662: 70373, 20663: 913, 20669: 522, 20670: 78631, 20671: 57639, 20672: 35259, 20673: 57972, 20675: 61726, 20676: 57972, 20677: 73235, 20678: 62344, 20680: 68173, 20681: 449, 20684: 1347, 20688: 1617, 20689: 69995, 20690: 52945, 20692: 57257, 20693: 85669, 20694: 66626, 20695: 1489, 20696: 1173, 20697: 1182, 20698: 58543, 20699: 63756, 20700: 50588, 20701: 913, 20702: 1167, 20703: 54448, 20704: 66626, 20705: 75379, 20706: 1182, 20707: 70342, 20708: 46494, 20709: 1161, 20710: 1161, 20711: 1543, 20712: 0, 20713: 75421, 20714: 52945, 20715: 690, 20716: 70342, 20717: 57639, 20719: 1585, 20720: 75453, 20721: 913, 20722: 805, 20723: 51797, 20724: 80479, 20725: 85669, 20726: 46793, 20727: 78631, 20729: 1617, 20730: 88486, 20731: 48922, 20732: 1054, 20734: 1288, 20735: 57309, 20736: 1014, 20737: 73383, 20739: 35259, 20740: 57455, 20741: 686, 20742: 1167, 20743: 1116, 20744: 68650, 20746: 69990, 20747: 91053, 20748: 58096, 20749: 69990, 20750: 686, 20751: 1399, 20752: 1502, 20754: 44206, 20757: 1161, 20758: 1012, 20759: 62344, 20761: 1482, 20762: 75453, 20763: 63099, 20764: 1084, 20765: 63099, 20766: 63099, 20768: 184, 20769: 395, 20770: 77145, 20773: 70500, 20774: 1154, 20775: 69990, 20777: 1391, 20778: 70500, 20779: 1399, 20781: 1457, 20782: 49332, 20784: 57290, 20785: 2048, 20786: 70500, 20789: 1347, 20790: 58543, 20791: 70342, 20792: 46793, 20793: 146, 20794: 49332, 20795: 59008, 20796: 1188, 20797: 75421, 20798: 13699, 20799: 70373, 20800: 1482, 20802: 69242, 20803: 85710, 20804: 57309, 20805: 69242, 20806: 1391, 20807: 72051, 20808: 82067, 20809: 1291, 20810: 63099, 20811: 57070, 20813: 48266, 20814: 1482, 20815: 85687, 20816: 57455, 20817: 85687, 20818: 1391, 20819: 1502, 20820: 1167, 20821: 1116, 20822: 85687, 20823: 46494, 20824: 57417, 20825: 75453, 20826: 75379, 20827: 46494, 20828: 184, 20829: 67720, 20831: 57290, 20832: 57639, 20833: 1291, 20834: 728, 20835: 1502, 20836: 1583, 20837: 57070, 20838: 57070, 20840: 2048, 20841: 1412, 20842: 1357, 20843: 226, 20844: 57455, 20845: 65877, 20846: 1300, 20850: 65877, 20852: 90927, 20853: 51797, 20854: 72051, 20856: 46793, 20858: 48266, 20859: 82070, 20860: 63882, 20861: 63882, 20862: 82070, 20863: 82070, 20864: 395, 20872: 953, 20873: 395, 20874: 0, 20875: 91053, 20876: 683, 20877: 83288, 20881: 75379, 20883: 75453, 20884: 57972, 20885: 59008, 20886: 64727, 20887: 1540, 20888: 82070, 20889: 683, 20890: 64727, 20891: 1391, 20892: 82070, 20894: 85669, 20895: 64790, 20897: 1540, 20900: 1457, 20901: 75379, 20902: 72039, 20904: 63099, 20905: 522, 20906: 765, 20907: 1188, 20909: 65877, 20910: 182, 20911: 849, 20913: 72051, 20916: 85669, 20917: 87001, 20918: 73383, 20919: 63882, 20921: 58543, 20922: 82070, 20923: 690, 20925: 1294, 20926: 85700, 20928: 1300, 20929: 51797, 20930: 61726, 20931: 51797, 20932: 1288, 20933: 57290, 20934: 63099, 20935: 82070, 20936: 91053, 20937: 1399, 20938: 1193, 20939: 1502, 20940: 1223, 20941: 72039, 20942: 1399, 20943: 69985, 20944: 1193, 20948: 83288, 20949: 1193, 20950: 87001, 20951: 1300, 20953: 64727, 20954: 68173, 20955: 1457, 20956: 57639, 20958: 57639, 20959: 65877, 20960: 54448, 20961: 1012, 20962: 1300, 20963: 69995, 20964: 72039, 20965: 91053, 20966: 64790, 20967: 1054, 20968: 44206, 20969: 85700, 20970: 57972, 20971: 63756, 20973: 85710, 20974: 59008, 20975: 1154, 20977: 85710, 20978: 63756, 20979: 0, 20980: 63756, 20981: 49332, 20982: 72039, 20983: 1054, 20985: 72039, 20986: 728, 20987: 64790, 20988: 1054, 20990: 85710, 20992: 68650, 20993: 72039, 20995: 1012, 20997: 83288, 20998: 82070, 20999: 87001, 21000: 63882, 21001: 70500, 21002: 57639, 21003: 57972, 21005: 83288, 21006: 72051, 21007: 2048, 21008: 69995, 21009: 65877, 21011: 72039, 21012: 87001, 21013: 57290, 21014: 65877, 21015: 91053, 21016: 72051, 21017: 64790, 21018: 1193, 21019: 184, 21020: 69985, 21021: 1543, 21022: 75379, 21023: 63270, 21028: 86055, 21030: 85700, 21032: 52945, 21033: 35245, 21034: 1154, 21035: 58543, 21036: 35259, 21037: 1223, 21038: 728, 21039: 63270, 21041: 85700, 21043: 67720, 21045: 1188, 21047: 86055, 21050: 83288, 21053: 1294, 21055: 82080, 21056: 1585, 21057: 1107, 21058: 1107, 21059: 395, 21060: 1107, 21061: 46494, 21062: 1502, 21063: 1014, 21064: 57381, 21065: 1543, 21066: 1188, 21067: 683, 21068: 73383, 21069: 46494, 21070: 69990, 21072: 1107, 21073: 1182, 21074: 67720, 21075: 78645, 21077: 1540, 21084: 1617, 21085: 88653, 21086: 90942, 21087: 57649, 21091: 85710, 21092: 58096, 21093: 85646, 21096: 2346, 21097: 74355, 21098: 63756, 21099: 2114, 21100: 2076, 21101: 2346, 21102: 2114, 21103: 1116, 21104: 59008, 21105: 80140, 21106: 2114, 21107: 73235, 21108: 56939, 21109: 56939, 21110: 80140, 21112: 1391, 21113: 89226, 21115: 2114, 21116: 89226, 21117: 80140, 21118: 83288, 21119: 89226, 21120: 2076, 21121: 74355, 21123: 80140, 21124: 88653, 21125: 88653, 21126: 74355, 21127: 56939, 21128: 74355, 21129: 74355, 21130: 53429, 21132: 57649, 21133: 87984, 21134: 53429, 21135: 56939, 21136: 53429, 21138: 57649, 21139: 56939, 21140: 57649, 21141: 86157, 21142: 80140, 21143: 53429, 21144: 2114, 21145: 53429, 21146: 89226, 21147: 88653, 21148: 53429, 21149: 80140, 21150: 80140, 21151: 86213, 21153: 53429, 21154: 1223, 21155: 86157, 21156: 87984, 21157: 1288, 21159: 2346, 21163: 146, 21164: 86157, 21165: 80140, 21166: 90998, 21167: 87984, 21168: 90998, 21170: 90998, 21171: 86213, 21172: 57649, 21173: 2076, 21174: 2114, 21175: 0, 21176: 2076, 21177: 87984, 21178: 88653, 21179: 56939, 21180: 2346, 21181: 57649, 21182: 86157, 21184: 87984, 21185: 0, 21186: 2076, 21187: 0, 21188: 0, 21189: 0, 21190: 63270, 21191: 184, 21192: 1223, 21193: 70500, 21194: 0, 21195: 1167, 21196: 70342, 21197: 74355, 21198: 2114, 21199: 86213, 21203: 2076, 21205: 53429, 21206: 86213, 21208: 87984, 21209: 89226, 21223: 1585, 21226: 1014, 21227: 69985, 21228: 46494, 21229: 395, 21230: 78645, 21231: 395, 21232: 1259, 21233: 683, 21234: 70342, 21235: 1259, 21236: 57381, 21237: 71117, 21238: 1543, 21239: 72051, 21240: 1107, 21241: 1347, 21244: 66626, 21249: 1012, 21262: 57070, 21265: 13699, 21271: 91053, 21279: 59008, 21280: 59008, 21288: 57290, 21290: 51797, 21298: 57639, 21303: 1347, 21304: 35259, 21305: 35259, 21306: 226, 21307: 64790, 21308: 1113, 21311: 1540, 21312: 1294, 21313: 35259, 21314: 88486, 21315: 57417, 21316: 1054, 21317: 1347, 21318: 57455, 21319: 51797, 21322: 690, 21324: 13828, 21325: 13828, 21326: 35259, 21327: 1347, 21328: 519, 21329: 78626, 21331: 72039, 21333: 57455, 21334: 57455, 21335: 226, 21336: 765, 21338: 1502, 21339: 1054, 21340: 1107, 21341: 1294, 21344: 1300, 21345: 72039, 21346: 91053, 21348: 63099, 21349: 0, 21351: 69990, 21354: 519, 21356: 90927, 21357: 75379, 21358: 184, 21363: 57257, 21366: 65941, 21369: 765, 21370: 63756, 21378: 68173, 21384: 44206, 21398: 78626, 21445: 74355, 21446: 62344, 21447: 1347, 21448: 67720, 21450: 1014, 21454: 68173, 21455: 683, 21460: 0, 21462: 82080, 21463: 75453, 21465: 0, 21468: 1391, 21470: 226, 21474: 686, 21475: 1012, 21477: 91896, 21478: 61726, 21479: 1107, 21480: 519, 21481: 1161, 21482: 1161, 21483: 70373, 21484: 69995, 21487: 51797, 21488: 65161, 21489: 91053, 21490: 1259, 21491: 1113, 21492: 1161, 21493: 50453, 21494: 342}",0.0,filho
649601.3728143335,Cruzamento,1733628460.8710022,72,"{20331: 57070, 20332: 1182, 20333: 57309, 20334: 65341, 20335: 1412, 20336: 1412, 20337: 1084, 20338: 1482, 20339: 1617, 20340: 49332, 20341: 1583, 20342: 69242, 20343: 69990, 20344: 1182, 20345: 70342, 20346: 1084, 20347: 1489, 20348: 48266, 20349: 1347, 20350: 69990, 20351: 1347, 20352: 57309, 20353: 57257, 20354: 46793, 20355: 1347, 20356: 849, 20357: 1583, 20358: 2048, 20359: 1291, 20360: 765, 20361: 75421, 20362: 1489, 20363: 1412, 20364: 70342, 20365: 70171, 20366: 70171, 20367: 77145, 20368: 65341, 20369: 75453, 20370: 48266, 20371: 1347, 20372: 46793, 20373: 1617, 20378: 65341, 20379: 75421, 20380: 1489, 20381: 1182, 20383: 57257, 20384: 63099, 20385: 57257, 20386: 13699, 20387: 70342, 20388: 1084, 20389: 75421, 20392: 849, 20393: 69242, 20394: 51797, 20395: 48266, 20396: 449, 20397: 1583, 20398: 765, 20399: 44206, 20400: 46793, 20401: 1412, 20402: 48266, 20403: 184, 20404: 743, 20405: 82080, 20406: 728, 20407: 395, 20408: 449, 20409: 35259, 20410: 690, 20411: 67720, 20412: 75379, 20413: 1482, 20414: 67720, 20415: 71117, 20416: 70342, 20417: 57381, 20418: 82080, 20419: 519, 20421: 1294, 20422: 1489, 20423: 1585, 20427: 44206, 20428: 57381, 20429: 449, 20432: 1543, 20433: 449, 20434: 46494, 20436: 805, 20437: 69242, 20438: 69990, 20439: 1259, 20440: 743, 20441: 46494, 20442: 69985, 20443: 690, 20444: 82080, 20445: 805, 20446: 67720, 20447: 78645, 20449: 1012, 20450: 69995, 20451: 80479, 20452: 57455, 20453: 57455, 20454: 52945, 20455: 913, 20456: 50588, 20457: 51797, 20458: 913, 20459: 1161, 20460: 1585, 20461: 63270, 20462: 69995, 20463: 49332, 20465: 65341, 20466: 1012, 20467: 1291, 20468: 1107, 20469: 1259, 20471: 57381, 20472: 57381, 20473: 743, 20475: 72051, 20476: 1617, 20481: 1107, 20482: 75379, 20484: 52945, 20485: 75379, 20486: 54448, 20487: 449, 20488: 1188, 20489: 69990, 20490: 70342, 20491: 67720, 20492: 805, 20493: 1107, 20494: 46494, 20495: 683, 20496: 75453, 20497: 50588, 20499: 65877, 20501: 44206, 20503: 57639, 20504: 69990, 20505: 62344, 20506: 85710, 20507: 1357, 20508: 1161, 20509: 50588, 20510: 913, 20511: 85646, 20512: 70342, 20513: 1291, 20514: 64790, 20515: 913, 20517: 69995, 20518: 69995, 20519: 63270, 20520: 52945, 20521: 65161, 20522: 1161, 20523: 1259, 20524: 68173, 20525: 519, 20527: 82080, 20528: 1502, 20530: 46494, 20531: 59008, 20532: 805, 20533: 75421, 20534: 65161, 20535: 48922, 20536: 44206, 20537: 69985, 20538: 69990, 20539: 449, 20540: 690, 20541: 1617, 20542: 75958, 20543: 48922, 20544: 728, 20545: 91896, 20546: 71117, 20547: 64790, 20549: 80479, 20550: 51797, 20552: 1288, 20553: 1502, 20554: 57290, 20555: 62344, 20556: 65877, 20557: 75379, 20558: 1107, 20559: 1391, 20560: 65877, 20561: 85710, 20563: 1167, 20564: 57070, 20565: 69990, 20567: 849, 20569: 52945, 20570: 91896, 20571: 1585, 20572: 1288, 20573: 35259, 20574: 48922, 20575: 44206, 20576: 75958, 20577: 69985, 20578: 1347, 20579: 71117, 20580: 68173, 20581: 1014, 20582: 35259, 20583: 1288, 20584: 71117, 20585: 2048, 20587: 1012, 20588: 63270, 20589: 52945, 20590: 82080, 20591: 57455, 20592: 683, 20593: 805, 20594: 72051, 20595: 59008, 20596: 1347, 20597: 1585, 20599: 64727, 20600: 49332, 20601: 75379, 20602: 35245, 20605: 35245, 20606: 50588, 20607: 913, 20608: 57417, 20609: 1585, 20610: 1482, 20611: 1107, 20612: 686, 20613: 57309, 20614: 1167, 20615: 75453, 20616: 953, 20617: 61726, 20618: 85669, 20619: 1182, 20620: 1054, 20621: 1457, 20622: 849, 20624: 226, 20625: 1457, 20626: 69995, 20628: 1540, 20630: 69995, 20631: 449, 20633: 69242, 20634: 73383, 20635: 1583, 20636: 54448, 20637: 1583, 20638: 226, 20639: 1391, 20640: 52945, 20641: 85669, 20642: 62344, 20643: 1391, 20645: 52945, 20646: 85669, 20647: 57639, 20648: 686, 20650: 686, 20651: 1193, 20652: 58096, 20653: 1391, 20654: 953, 20655: 1482, 20656: 1084, 20659: 70342, 20661: 64727, 20662: 57309, 20663: 1161, 20669: 69242, 20670: 65877, 20671: 1540, 20672: 57972, 20673: 57639, 20675: 78631, 20676: 78631, 20677: 61726, 20678: 75379, 20680: 69990, 20681: 1188, 20684: 1543, 20688: 805, 20689: 50588, 20690: 64727, 20692: 1182, 20693: 85669, 20694: 66626, 20695: 1489, 20696: 1173, 20697: 1182, 20698: 58543, 20699: 63756, 20700: 50588, 20701: 913, 20702: 1167, 20703: 54448, 20704: 66626, 20705: 75379, 20706: 1182, 20707: 70342, 20708: 46494, 20709: 1161, 20710: 1161, 20711: 1543, 20712: 0, 20713: 75421, 20714: 52945, 20715: 690, 20716: 70342, 20717: 57639, 20719: 1585, 20720: 75453, 20721: 913, 20722: 805, 20723: 51797, 20724: 80479, 20725: 85669, 20726: 46793, 20727: 78631, 20729: 1617, 20730: 88486, 20731: 48922, 20732: 1054, 20734: 1288, 20735: 57309, 20736: 1014, 20737: 73383, 20739: 35259, 20740: 57455, 20741: 686, 20742: 1167, 20743: 1116, 20744: 68650, 20746: 69990, 20747: 91053, 20748: 58096, 20749: 69990, 20750: 686, 20751: 1399, 20752: 1502, 20754: 44206, 20757: 1161, 20758: 1012, 20759: 62344, 20761: 1482, 20762: 75453, 20763: 63099, 20764: 1084, 20765: 63099, 20766: 63099, 20768: 184, 20769: 395, 20770: 77145, 20773: 70500, 20774: 1154, 20775: 69990, 20777: 1391, 20778: 70500, 20779: 1399, 20781: 1457, 20782: 49332, 20784: 57290, 20785: 146, 20786: 1154, 20789: 690, 20790: 58543, 20791: 1583, 20792: 49332, 20793: 728, 20794: 48266, 20795: 44206, 20796: 78631, 20797: 69242, 20798: 75421, 20799: 2048, 20800: 13699, 20802: 13828, 20803: 1288, 20804: 1154, 20805: 13699, 20806: 1391, 20807: 522, 20808: 85687, 20809: 1347, 20810: 46793, 20811: 70342, 20813: 70373, 20814: 2048, 20815: 85687, 20816: 184, 20817: 85687, 20818: 1347, 20819: 1502, 20820: 62344, 20821: 62344, 20822: 849, 20823: 805, 20824: 57309, 20825: 78631, 20826: 184, 20827: 69990, 20828: 70500, 20829: 1347, 20831: 57290, 20832: 1182, 20833: 1294, 20834: 72051, 20835: 1399, 20836: 58096, 20837: 70373, 20838: 1502, 20840: 49332, 20841: 1182, 20842: 58096, 20843: 1223, 20844: 82085, 20845: 85669, 20846: 1300, 20850: 72039, 20852: 1391, 20853: 1167, 20854: 82080, 20856: 46793, 20858: 70373, 20859: 82070, 20860: 82070, 20861: 63882, 20862: 63882, 20863: 82070, 20864: 395, 20872: 953, 20873: 35245, 20874: 0, 20875: 91053, 20876: 13828, 20877: 57972, 20881: 57417, 20883: 57639, 20884: 83288, 20885: 57417, 20886: 78631, 20887: 71117, 20888: 63882, 20889: 57381, 20890: 59008, 20891: 70500, 20892: 82070, 20894: 69990, 20895: 63270, 20897: 226, 20900: 953, 20901: 1223, 20902: 72039, 20904: 1300, 20905: 44206, 20906: 75453, 20907: 65941, 20909: 65877, 20910: 70342, 20911: 69995, 20913: 73383, 20916: 57309, 20917: 63882, 20918: 57290, 20919: 87001, 20921: 72051, 20922: 84328, 20923: 690, 20925: 1294, 20926: 65941, 20928: 72051, 20929: 85710, 20930: 61726, 20931: 64790, 20932: 69995, 20933: 805, 20934: 63099, 20935: 63882, 20936: 58543, 20937: 146, 20938: 1193, 20939: 35259, 20940: 72051, 20941: 82070, 20942: 67720, 20943: 48922, 20944: 64790, 20948: 63882, 20949: 57639, 20950: 72039, 20951: 64790, 20953: 63099, 20954: 48922, 20955: 1457, 20956: 63099, 20958: 1188, 20959: 87001, 20960: 64790, 20961: 1054, 20962: 51797, 20963: 1193, 20964: 83288, 20965: 57639, 20966: 1399, 20967: 85710, 20968: 59008, 20969: 70500, 20970: 65877, 20971: 52945, 20973: 1116, 20974: 57639, 20975: 63270, 20977: 57070, 20978: 57972, 20979: 1288, 20980: 64727, 20981: 57309, 20982: 72039, 20983: 1502, 20985: 65877, 20986: 1399, 20987: 1399, 20988: 1502, 20990: 1116, 20992: 70500, 20993: 72039, 20995: 63756, 20997: 87001, 20998: 63882, 20999: 87001, 21000: 82070, 21001: 48266, 21002: 1357, 21003: 83288, 21005: 65877, 21006: 57290, 21007: 1288, 21008: 686, 21009: 63882, 21011: 84328, 21012: 87001, 21013: 57417, 21014: 57972, 21015: 85700, 21016: 64790, 21017: 70500, 21018: 35245, 21019: 91053, 21020: 1347, 21021: 44206, 21022: 52945, 21023: 63270, 21028: 85700, 21030: 86055, 21032: 57417, 21033: 85710, 21034: 2048, 21035: 226, 21036: 67720, 21037: 68650, 21038: 395, 21039: 67720, 21041: 1193, 21043: 75379, 21045: 1300, 21047: 52945, 21050: 83288, 21053: 1294, 21055: 82080, 21056: 57381, 21057: 0, 21058: 1161, 21059: 395, 21060: 395, 21061: 78645, 21062: 78645, 21063: 1543, 21064: 46494, 21065: 68173, 21066: 44206, 21067: 1259, 21068: 46494, 21069: 48922, 21070: 1107, 21072: 69990, 21073: 1167, 21074: 67720, 21075: 78645, 21077: 1540, 21084: 1617, 21085: 87984, 21086: 80140, 21087: 90998, 21091: 1357, 21092: 1457, 21093: 85646, 21096: 57649, 21097: 57649, 21098: 63099, 21099: 2114, 21100: 74355, 21101: 2114, 21102: 56939, 21103: 1107, 21104: 91053, 21105: 2076, 21106: 57649, 21107: 57972, 21108: 74355, 21109: 53429, 21110: 80140, 21112: 1540, 21113: 57649, 21115: 89226, 21116: 57649, 21117: 74355, 21118: 58096, 21119: 80140, 21120: 80140, 21121: 56939, 21123: 56939, 21124: 2076, 21125: 53429, 21126: 53429, 21127: 88653, 21128: 74355, 21129: 2114, 21130: 74355, 21132: 57649, 21133: 90998, 21134: 57649, 21135: 80140, 21136: 57649, 21138: 53429, 21139: 89226, 21140: 57649, 21141: 87984, 21142: 80140, 21143: 74355, 21144: 2114, 21145: 2346, 21146: 89226, 21147: 2076, 21148: 53429, 21149: 56939, 21150: 86157, 21151: 2076, 21153: 74355, 21154: 146, 21155: 86213, 21156: 86157, 21157: 1188, 21159: 89226, 21163: 1288, 21164: 86157, 21165: 87984, 21166: 86213, 21167: 87984, 21168: 87984, 21170: 2346, 21171: 56939, 21172: 56939, 21173: 86213, 21174: 2076, 21175: 1188, 21176: 86213, 21177: 56939, 21178: 57649, 21179: 86213, 21180: 90998, 21181: 2114, 21182: 0, 21184: 86157, 21185: 0, 21186: 2076, 21187: 0, 21188: 1223, 21189: 0, 21190: 1457, 21191: 184, 21192: 65941, 21193: 1193, 21194: 0, 21195: 57290, 21196: 849, 21197: 53429, 21198: 74355, 21199: 2076, 21203: 86213, 21205: 2346, 21206: 90998, 21208: 87984, 21209: 89226, 21223: 743, 21226: 683, 21227: 449, 21228: 57290, 21229: 519, 21230: 57290, 21231: 1107, 21232: 57381, 21233: 82080, 21234: 82080, 21235: 522, 21236: 82080, 21237: 57290, 21238: 71117, 21239: 0, 21240: 805, 21241: 46494, 21244: 1173, 21249: 80479, 21262: 1391, 21265: 75421, 21271: 75453, 21279: 91053, 21280: 57639, 21288: 1188, 21290: 65941, 21298: 52945, 21303: 57455, 21304: 226, 21305: 88486, 21306: 1457, 21307: 226, 21308: 765, 21311: 46494, 21312: 63756, 21313: 35259, 21314: 88486, 21315: 64790, 21316: 63756, 21317: 1113, 21318: 64790, 21319: 1347, 21322: 82080, 21324: 395, 21325: 78626, 21326: 13828, 21327: 395, 21328: 13828, 21329: 550, 21331: 65877, 21333: 51797, 21334: 57455, 21335: 1113, 21336: 85669, 21338: 226, 21339: 71117, 21340: 1457, 21341: 1294, 21344: 51797, 21345: 0, 21346: 70500, 21348: 1193, 21349: 0, 21351: 72051, 21354: 13828, 21356: 57309, 21357: 64727, 21358: 226, 21363: 1412, 21366: 51797, 21369: 1347, 21370: 1357, 21378: 1014, 21384: 46494, 21398: 550, 21445: 53429, 21446: 57070, 21447: 1399, 21448: 69990, 21450: 78645, 21454: 48922, 21455: 1014, 21460: 1482, 21462: 1585, 21463: 75453, 21465: 0, 21468: 1391, 21470: 226, 21474: 686, 21475: 1012, 21477: 91896, 21478: 61726, 21479: 1107, 21480: 519, 21481: 1161, 21482: 1161, 21483: 70373, 21484: 69995, 21487: 51797, 21488: 65161, 21489: 91053, 21490: 1259, 21491: 1113, 21492: 1161, 21493: 50453, 21494: 342}",0.0,invalido
639587.7425213327,Cruzamento,1733628460.8710022,72,"{20331: 1294, 20332: 70342, 20333: 1482, 20334: 82085, 20335: 1294, 20336: 57257, 20337: 65341, 20338: 1182, 20339: 1084, 20340: 57309, 20341: 765, 20342: 2048, 20343: 69242, 20344: 849, 20345: 63099, 20346: 1583, 20347: 1084, 20348: 69242, 20349: 1291, 20350: 1291, 20351: 46793, 20352: 46793, 20353: 1084, 20354: 75421, 20355: 51797, 20356: 1412, 20357: 1291, 20358: 2048, 20359: 765, 20360: 2048, 20361: 58096, 20362: 1412, 20363: 1489, 20364: 184, 20365: 1617, 20366: 70171, 20367: 57309, 20368: 90927, 20369: 1617, 20370: 48266, 20371: 70373, 20372: 49332, 20373: 1291, 20378: 1182, 20379: 69990, 20380: 70342, 20381: 57070, 20383: 1583, 20384: 686, 20385: 75421, 20386: 68182, 20387: 75421, 20388: 13699, 20389: 68182, 20392: 1291, 20393: 63099, 20394: 75453, 20395: 48266, 20396: 1543, 20397: 849, 20398: 75421, 20399: 70342, 20400: 58096, 20401: 57455, 20402: 1489, 20403: 1084, 20404: 57455, 20405: 1288, 20406: 519, 20407: 743, 20408: 71117, 20409: 1288, 20410: 57381, 20411: 449, 20412: 226, 20413: 58096, 20414: 1014, 20415: 46494, 20416: 805, 20417: 57290, 20418: 683, 20419: 1617, 20421: 65341, 20422: 82085, 20423: 1585, 20427: 68173, 20428: 78645, 20429: 48922, 20432: 44206, 20433: 1502, 20434: 57290, 20436: 182, 20437: 1188, 20438: 1502, 20439: 57381, 20440: 73383, 20441: 70342, 20442: 57381, 20443: 13828, 20444: 71117, 20445: 683, 20446: 1502, 20447: 71117, 20449: 50588, 20450: 913, 20451: 80479, 20452: 80479, 20453: 35245, 20454: 69995, 20455: 52945, 20456: 70342, 20457: 46793, 20458: 1012, 20459: 51797, 20460: 63756, 20461: 35245, 20462: 64790, 20463: 57257, 20465: 57070, 20466: 63756, 20467: 849, 20468: 743, 20469: 67720, 20471: 1014, 20472: 13828, 20473: 1188, 20475: 67720, 20476: 1259, 20481: 71117, 20482: 35245, 20484: 85646, 20485: 46793, 20486: 913, 20487: 743, 20488: 44206, 20489: 683, 20490: 519, 20491: 78645, 20492: 57381, 20493: 82080, 20494: 91896, 20495: 1585, 20496: 58096, 20497: 54448, 20499: 1054, 20501: 1347, 20503: 35259, 20504: 57070, 20505: 83288, 20506: 1012, 20507: 46494, 20508: 69995, 20509: 1012, 20510: 52945, 20511: 64727, 20512: 54448, 20513: 1291, 20514: 146, 20515: 52945, 20517: 35245, 20518: 226, 20519: 75379, 20520: 69995, 20521: 50588, 20522: 52945, 20523: 1543, 20524: 449, 20525: 728, 20527: 1617, 20528: 44206, 20530: 72051, 20531: 13828, 20532: 1259, 20533: 69990, 20534: 46793, 20535: 75958, 20536: 68173, 20537: 1617, 20538: 690, 20539: 69990, 20540: 1617, 20541: 71117, 20542: 1288, 20543: 449, 20544: 1014, 20545: 1585, 20546: 91896, 20547: 57070, 20549: 80479, 20550: 63270, 20552: 46494, 20553: 71117, 20554: 1288, 20555: 61726, 20556: 78631, 20557: 1391, 20558: 1502, 20559: 1399, 20560: 686, 20561: 46494, 20563: 65877, 20564: 1167, 20565: 85710, 20567: 69990, 20569: 51797, 20570: 743, 20571: 68173, 20572: 1347, 20573: 690, 20574: 67720, 20575: 449, 20576: 728, 20577: 48922, 20578: 1014, 20579: 1347, 20580: 35259, 20581: 75958, 20582: 48922, 20583: 743, 20584: 1347, 20585: 1543, 20587: 1161, 20588: 1012, 20589: 65161, 20590: 395, 20591: 449, 20592: 1188, 20593: 57290, 20594: 690, 20595: 522, 20596: 73383, 20597: 805, 20599: 1012, 20600: 63270, 20601: 63270, 20602: 35245, 20605: 226, 20606: 1161, 20607: 52945, 20608: 58096, 20609: 1173, 20610: 1084, 20611: 65877, 20612: 75453, 20613: 1457, 20614: 57309, 20615: 69995, 20616: 849, 20617: 1167, 20618: 1540, 20619: 765, 20620: 1457, 20621: 1167, 20622: 686, 20624: 1457, 20625: 65877, 20626: 686, 20628: 686, 20630: 66626, 20631: 519, 20633: 1107, 20634: 72051, 20635: 1084, 20636: 913, 20637: 1391, 20638: 146, 20639: 85669, 20640: 57639, 20641: 52945, 20642: 1391, 20643: 1193, 20645: 1391, 20646: 953, 20647: 686, 20648: 58096, 20650: 58096, 20651: 62344, 20652: 686, 20653: 1193, 20654: 85669, 20655: 1412, 20656: 184, 20659: 1585, 20661: 69995, 20662: 70373, 20663: 913, 20669: 522, 20670: 78631, 20671: 57639, 20672: 35259, 20673: 57972, 20675: 61726, 20676: 57972, 20677: 73235, 20678: 62344, 20680: 68173, 20681: 449, 20684: 1347, 20688: 1617, 20689: 69995, 20690: 52945, 20692: 57257, 20693: 58096, 20694: 913, 20695: 75453, 20696: 75379, 20697: 184, 20698: 85669, 20699: 70342, 20700: 54448, 20701: 54448, 20702: 1288, 20703: 66626, 20704: 1173, 20705: 50588, 20706: 57309, 20707: 54448, 20708: 1399, 20709: 1161, 20710: 1161, 20711: 1014, 20712: 0, 20713: 57257, 20714: 52945, 20715: 57290, 20716: 913, 20717: 58543, 20719: 54448, 20720: 75453, 20721: 1012, 20722: 46494, 20723: 1489, 20724: 80479, 20725: 78631, 20726: 46793, 20727: 62344, 20729: 48266, 20730: 1113, 20731: 743, 20732: 765, 20734: 690, 20735: 65877, 20736: 522, 20737: 44206, 20739: 65877, 20740: 1188, 20741: 1357, 20742: 1116, 20743: 78631, 20744: 69995, 20746: 69990, 20747: 57309, 20748: 1107, 20749: 57639, 20750: 849, 20751: 1012, 20752: 190, 20754: 743, 20757: 1585, 20758: 54448, 20759: 57639, 20761: 70373, 20762: 1084, 20763: 63099, 20764: 1617, 20765: 1347, 20766: 70373, 20768: 0, 20769: 519, 20770: 77145, 20773: 1347, 20774: 57290, 20775: 58096, 20777: 1182, 20778: 2048, 20779: 70500, 20781: 57290, 20782: 67720, 20784: 57070, 20785: 57070, 20786: 1167, 20789: 728, 20790: 58543, 20791: 184, 20792: 82085, 20793: 70500, 20794: 49332, 20795: 69242, 20796: 68650, 20797: 2048, 20798: 70373, 20799: 69242, 20800: 1482, 20802: 57381, 20803: 68650, 20804: 68650, 20805: 13699, 20806: 58543, 20807: 57381, 20808: 85687, 20809: 58096, 20810: 46793, 20811: 48266, 20813: 49332, 20814: 49332, 20815: 82067, 20816: 57309, 20817: 82067, 20818: 58096, 20819: 1502, 20820: 85669, 20821: 78631, 20822: 1399, 20823: 1014, 20824: 226, 20825: 849, 20826: 85710, 20827: 62344, 20828: 63270, 20829: 1259, 20831: 1391, 20832: 1399, 20833: 1617, 20834: 86055, 20835: 62344, 20836: 849, 20837: 0, 20838: 1347, 20840: 1583, 20841: 57455, 20842: 83288, 20843: 57290, 20844: 1482, 20845: 57639, 20846: 1223, 20850: 87001, 20852: 57309, 20853: 1457, 20854: 1585, 20856: 686, 20858: 70373, 20859: 82070, 20860: 63882, 20861: 63882, 20862: 82070, 20863: 82070, 20864: 395, 20872: 953, 20873: 226, 20874: 0, 20875: 64727, 20876: 805, 20877: 63882, 20881: 64727, 20883: 70500, 20884: 82070, 20885: 1391, 20886: 67720, 20887: 1457, 20888: 82070, 20889: 1502, 20890: 91053, 20891: 1391, 20892: 72039, 20894: 765, 20895: 44206, 20897: 85669, 20900: 1167, 20901: 68650, 20902: 83288, 20904: 1188, 20905: 73383, 20906: 849, 20907: 1188, 20909: 65877, 20910: 72051, 20911: 1107, 20913: 73383, 20916: 1116, 20917: 84328, 20918: 69990, 20919: 84328, 20921: 63099, 20922: 82070, 20923: 57381, 20925: 1294, 20926: 65941, 20928: 1300, 20929: 51797, 20930: 0, 20931: 1223, 20932: 64790, 20933: 743, 20934: 1193, 20935: 63882, 20936: 65941, 20937: 67720, 20938: 1193, 20939: 395, 20940: 65161, 20941: 87001, 20942: 75379, 20943: 57290, 20944: 59008, 20948: 65877, 20949: 1193, 20950: 63882, 20951: 64790, 20953: 64727, 20954: 48922, 20955: 1116, 20956: 58096, 20958: 63756, 20959: 87001, 20960: 1399, 20961: 1502, 20962: 184, 20963: 146, 20964: 72039, 20965: 65941, 20966: 59008, 20967: 85710, 20968: 75453, 20969: 1300, 20970: 72039, 20971: 59008, 20973: 1054, 20974: 63756, 20975: 58096, 20977: 1399, 20978: 1502, 20979: 1193, 20980: 63756, 20981: 57070, 20982: 83288, 20983: 57972, 20985: 83288, 20986: 1167, 20987: 0, 20988: 63756, 20990: 57972, 20992: 57417, 20993: 83288, 20995: 85710, 20997: 72039, 20998: 63882, 20999: 57972, 21000: 82070, 21001: 78631, 21002: 1167, 21003: 57972, 21005: 83288, 21006: 57070, 21007: 1300, 21008: 69995, 21009: 57972, 21011: 87001, 21012: 84328, 21013: 57639, 21014: 65877, 21015: 91053, 21016: 146, 21017: 85700, 21018: 35245, 21019: 63756, 21020: 68173, 21021: 1188, 21022: 63270, 21023: 1457, 21028: 86055, 21030: 85700, 21032: 54448, 21033: 728, 21034: 57417, 21035: 1399, 21036: 91896, 21037: 2048, 21038: 1457, 21039: 1300, 21041: 72051, 21043: 146, 21045: 75453, 21047: 57290, 21050: 57639, 21053: 1294, 21055: 82080, 21056: 57381, 21057: 449, 21058: 63756, 21059: 1107, 21060: 1107, 21061: 78645, 21062: 1014, 21063: 46494, 21064: 1014, 21065: 1188, 21066: 1259, 21067: 683, 21068: 72051, 21069: 72051, 21070: 57290, 21072: 71117, 21073: 69995, 21074: 1617, 21075: 78645, 21077: 1540, 21084: 67720, 21085: 88653, 21086: 90942, 21087: 57649, 21091: 85710, 21092: 58096, 21093: 85646, 21096: 2346, 21097: 74355, 21098: 63756, 21099: 2114, 21100: 2076, 21101: 2346, 21102: 2114, 21103: 1116, 21104: 59008, 21105: 80140, 21106: 2114, 21107: 73235, 21108: 56939, 21109: 56939, 21110: 80140, 21112: 1391, 21113: 89226, 21115: 2114, 21116: 89226, 21117: 80140, 21118: 83288, 21119: 89226, 21120: 2076, 21121: 74355, 21123: 80140, 21124: 88653, 21125: 88653, 21126: 74355, 21127: 56939, 21128: 74355, 21129: 74355, 21130: 53429, 21132: 57649, 21133: 87984, 21134: 53429, 21135: 56939, 21136: 53429, 21138: 57649, 21139: 56939, 21140: 57649, 21141: 86157, 21142: 80140, 21143: 53429, 21144: 2114, 21145: 53429, 21146: 89226, 21147: 88653, 21148: 53429, 21149: 80140, 21150: 80140, 21151: 86213, 21153: 53429, 21154: 1223, 21155: 86157, 21156: 87984, 21157: 1288, 21159: 2346, 21163: 146, 21164: 86157, 21165: 80140, 21166: 90998, 21167: 87984, 21168: 90998, 21170: 90998, 21171: 86213, 21172: 57649, 21173: 2076, 21174: 2114, 21175: 0, 21176: 2076, 21177: 87984, 21178: 88653, 21179: 56939, 21180: 2346, 21181: 57649, 21182: 86157, 21184: 87984, 21185: 0, 21186: 2076, 21187: 0, 21188: 0, 21189: 0, 21190: 63270, 21191: 184, 21192: 1223, 21193: 70500, 21194: 0, 21195: 1167, 21196: 70342, 21197: 74355, 21198: 2114, 21199: 86213, 21203: 2076, 21205: 53429, 21206: 86213, 21208: 87984, 21209: 89226, 21223: 1585, 21226: 1014, 21227: 69985, 21228: 46494, 21229: 395, 21230: 78645, 21231: 395, 21232: 1259, 21233: 683, 21234: 70342, 21235: 1259, 21236: 57381, 21237: 71117, 21238: 1543, 21239: 72051, 21240: 1107, 21241: 1347, 21244: 66626, 21249: 1012, 21262: 57070, 21265: 13699, 21271: 91053, 21279: 59008, 21280: 59008, 21288: 57290, 21290: 51797, 21298: 57639, 21303: 1347, 21304: 35259, 21305: 35259, 21306: 226, 21307: 64790, 21308: 1113, 21311: 1540, 21312: 1294, 21313: 35259, 21314: 88486, 21315: 57417, 21316: 1054, 21317: 1347, 21318: 57455, 21319: 51797, 21322: 690, 21324: 13828, 21325: 13828, 21326: 35259, 21327: 1347, 21328: 519, 21329: 78626, 21331: 72039, 21333: 57455, 21334: 57455, 21335: 226, 21336: 765, 21338: 1502, 21339: 1054, 21340: 1107, 21341: 1294, 21344: 1300, 21345: 72039, 21346: 91053, 21348: 63099, 21349: 0, 21351: 69990, 21354: 519, 21356: 90927, 21357: 75379, 21358: 184, 21363: 57257, 21366: 65941, 21369: 765, 21370: 63756, 21378: 68173, 21384: 44206, 21398: 78626, 21445: 74355, 21446: 62344, 21447: 1347, 21448: 67720, 21450: 1014, 21454: 68173, 21455: 683, 21460: 0, 21462: 82080, 21463: 75453, 21465: 0, 21468: 1391, 21470: 226, 21474: 686, 21475: 1012, 21477: 91896, 21478: 61726, 21479: 1107, 21480: 519, 21481: 1161, 21482: 1161, 21483: 70373, 21484: 69995, 21487: 51797, 21488: 65161, 21489: 91053, 21490: 1259, 21491: 1113, 21492: 1161, 21493: 50453, 21494: 342}",0.0,invalido
650144.5829213328,Cruzamento,1733628463.4163501,73,"{20331: 1084, 20332: 46793, 20333: 1489, 20334: 1412, 20335: 1294, 20336: 82085, 20337: 65341, 20338: 48266, 20339: 46793, 20340: 1412, 20341: 1294, 20342: 1182, 20343: 70342, 20344: 849, 20345: 63099, 20346: 1084, 20347: 1489, 20348: 48266, 20349: 1347, 20350: 69990, 20351: 1347, 20352: 57309, 20353: 57257, 20354: 46793, 20355: 1347, 20356: 849, 20357: 1583, 20358: 2048, 20359: 1291, 20360: 765, 20361: 75421, 20362: 1489, 20363: 1412, 20364: 70342, 20365: 70171, 20366: 70171, 20367: 77145, 20368: 65341, 20369: 75453, 20370: 48266, 20371: 1347, 20372: 46793, 20373: 1617, 20378: 65341, 20379: 75421, 20380: 1489, 20381: 1182, 20383: 57257, 20384: 63099, 20385: 57257, 20386: 13699, 20387: 70342, 20388: 1084, 20389: 75421, 20392: 849, 20393: 69242, 20394: 51797, 20395: 48266, 20396: 449, 20397: 1583, 20398: 765, 20399: 44206, 20400: 46793, 20401: 1412, 20402: 48266, 20403: 184, 20404: 743, 20405: 82080, 20406: 728, 20407: 395, 20408: 449, 20409: 35259, 20410: 690, 20411: 67720, 20412: 75379, 20413: 1482, 20414: 67720, 20415: 71117, 20416: 70342, 20417: 57381, 20418: 82080, 20419: 519, 20421: 1294, 20422: 1489, 20423: 1585, 20427: 44206, 20428: 57381, 20429: 449, 20432: 1543, 20433: 449, 20434: 46494, 20436: 805, 20437: 69242, 20438: 69990, 20439: 1259, 20440: 743, 20441: 46494, 20442: 69985, 20443: 690, 20444: 82080, 20445: 805, 20446: 67720, 20447: 78645, 20449: 1012, 20450: 69995, 20451: 80479, 20452: 57455, 20453: 57455, 20454: 52945, 20455: 913, 20456: 50588, 20457: 51797, 20458: 913, 20459: 1161, 20460: 1585, 20461: 63270, 20462: 69995, 20463: 49332, 20465: 65341, 20466: 1012, 20467: 1291, 20468: 1107, 20469: 1259, 20471: 57381, 20472: 57381, 20473: 743, 20475: 72051, 20476: 1617, 20481: 1107, 20482: 75379, 20484: 52945, 20485: 75379, 20486: 54448, 20487: 449, 20488: 1188, 20489: 69990, 20490: 70342, 20491: 67720, 20492: 805, 20493: 1107, 20494: 46494, 20495: 683, 20496: 75453, 20497: 50588, 20499: 65877, 20501: 44206, 20503: 57639, 20504: 69990, 20505: 62344, 20506: 85710, 20507: 1357, 20508: 1161, 20509: 50588, 20510: 913, 20511: 85646, 20512: 70342, 20513: 1291, 20514: 64790, 20515: 913, 20517: 69995, 20518: 69995, 20519: 63270, 20520: 52945, 20521: 65161, 20522: 1161, 20523: 1259, 20524: 68173, 20525: 519, 20527: 82080, 20528: 1502, 20530: 46494, 20531: 59008, 20532: 805, 20533: 75421, 20534: 65161, 20535: 48922, 20536: 44206, 20537: 69985, 20538: 69990, 20539: 449, 20540: 690, 20541: 1617, 20542: 75958, 20543: 48922, 20544: 728, 20545: 91896, 20546: 71117, 20547: 64790, 20549: 80479, 20550: 51797, 20552: 1288, 20553: 1502, 20554: 57290, 20555: 62344, 20556: 65877, 20557: 75379, 20558: 1107, 20559: 1391, 20560: 65877, 20561: 85710, 20563: 1167, 20564: 57070, 20565: 69990, 20567: 849, 20569: 52945, 20570: 91896, 20571: 1585, 20572: 1288, 20573: 35259, 20574: 48922, 20575: 44206, 20576: 75958, 20577: 69985, 20578: 1347, 20579: 71117, 20580: 68173, 20581: 1014, 20582: 35259, 20583: 1288, 20584: 71117, 20585: 2048, 20587: 1012, 20588: 63270, 20589: 52945, 20590: 82080, 20591: 57455, 20592: 683, 20593: 805, 20594: 72051, 20595: 59008, 20596: 1347, 20597: 1585, 20599: 64727, 20600: 49332, 20601: 75379, 20602: 35245, 20605: 35245, 20606: 50588, 20607: 913, 20608: 57417, 20609: 1585, 20610: 1482, 20611: 1107, 20612: 686, 20613: 57309, 20614: 1167, 20615: 75453, 20616: 953, 20617: 61726, 20618: 85669, 20619: 1182, 20620: 1054, 20621: 1457, 20622: 849, 20624: 226, 20625: 1457, 20626: 69995, 20628: 1540, 20630: 69995, 20631: 449, 20633: 69242, 20634: 73383, 20635: 1583, 20636: 54448, 20637: 1583, 20638: 226, 20639: 1391, 20640: 52945, 20641: 85669, 20642: 62344, 20643: 1391, 20645: 52945, 20646: 85669, 20647: 57639, 20648: 686, 20650: 686, 20651: 1193, 20652: 58096, 20653: 1391, 20654: 953, 20655: 1482, 20656: 1084, 20659: 70342, 20661: 64727, 20662: 57309, 20663: 1161, 20669: 69242, 20670: 65877, 20671: 1540, 20672: 57972, 20673: 57639, 20675: 78631, 20676: 78631, 20677: 61726, 20678: 75379, 20680: 69990, 20681: 1188, 20684: 1543, 20688: 805, 20689: 50588, 20690: 64727, 20692: 1182, 20693: 58096, 20694: 913, 20695: 75453, 20696: 75379, 20697: 184, 20698: 85669, 20699: 70342, 20700: 54448, 20701: 54448, 20702: 1288, 20703: 66626, 20704: 1173, 20705: 50588, 20706: 57309, 20707: 54448, 20708: 1399, 20709: 1161, 20710: 1161, 20711: 1014, 20712: 0, 20713: 57257, 20714: 52945, 20715: 57290, 20716: 913, 20717: 58543, 20719: 54448, 20720: 75453, 20721: 1012, 20722: 46494, 20723: 1489, 20724: 80479, 20725: 78631, 20726: 46793, 20727: 62344, 20729: 48266, 20730: 1113, 20731: 743, 20732: 765, 20734: 690, 20735: 65877, 20736: 522, 20737: 44206, 20739: 65877, 20740: 1188, 20741: 1357, 20742: 1116, 20743: 78631, 20744: 69995, 20746: 69990, 20747: 57309, 20748: 1107, 20749: 57639, 20750: 849, 20751: 1012, 20752: 190, 20754: 743, 20757: 1585, 20758: 54448, 20759: 57639, 20761: 70373, 20762: 1084, 20763: 63099, 20764: 1617, 20765: 1347, 20766: 70373, 20768: 0, 20769: 519, 20770: 77145, 20773: 1347, 20774: 57290, 20775: 58096, 20777: 1182, 20778: 2048, 20779: 70500, 20781: 57290, 20782: 67720, 20784: 57070, 20785: 57070, 20786: 1167, 20789: 728, 20790: 58543, 20791: 184, 20792: 82085, 20793: 70500, 20794: 49332, 20795: 69242, 20796: 68650, 20797: 2048, 20798: 70373, 20799: 69242, 20800: 1482, 20802: 57381, 20803: 68650, 20804: 68650, 20805: 13699, 20806: 58543, 20807: 57381, 20808: 85687, 20809: 58096, 20810: 46793, 20811: 48266, 20813: 49332, 20814: 49332, 20815: 82067, 20816: 57309, 20817: 82067, 20818: 58096, 20819: 1502, 20820: 85669, 20821: 78631, 20822: 1399, 20823: 1014, 20824: 226, 20825: 849, 20826: 85710, 20827: 62344, 20828: 63270, 20829: 1259, 20831: 1391, 20832: 1399, 20833: 1617, 20834: 86055, 20835: 62344, 20836: 849, 20837: 0, 20838: 1347, 20840: 1583, 20841: 57455, 20842: 83288, 20843: 57290, 20844: 1482, 20845: 57639, 20846: 1223, 20850: 87001, 20852: 57309, 20853: 1457, 20854: 1585, 20856: 686, 20858: 70373, 20859: 82070, 20860: 63882, 20861: 63882, 20862: 82070, 20863: 82070, 20864: 395, 20872: 953, 20873: 226, 20874: 0, 20875: 64727, 20876: 805, 20877: 63882, 20881: 64727, 20883: 70500, 20884: 82070, 20885: 1391, 20886: 67720, 20887: 1457, 20888: 82070, 20889: 1502, 20890: 91053, 20891: 1391, 20892: 72039, 20894: 765, 20895: 44206, 20897: 85669, 20900: 1167, 20901: 68650, 20902: 83288, 20904: 1188, 20905: 73383, 20906: 849, 20907: 1188, 20909: 65877, 20910: 72051, 20911: 1107, 20913: 73383, 20916: 1116, 20917: 84328, 20918: 69990, 20919: 84328, 20921: 63099, 20922: 82070, 20923: 57381, 20925: 1294, 20926: 65941, 20928: 1300, 20929: 51797, 20930: 0, 20931: 1223, 20932: 64790, 20933: 743, 20934: 1193, 20935: 63882, 20936: 65941, 20937: 67720, 20938: 1193, 20939: 395, 20940: 65161, 20941: 87001, 20942: 75379, 20943: 57290, 20944: 59008, 20948: 65877, 20949: 1193, 20950: 63882, 20951: 64790, 20953: 64727, 20954: 48922, 20955: 1116, 20956: 58096, 20958: 63756, 20959: 87001, 20960: 1399, 20961: 1502, 20962: 184, 20963: 146, 20964: 72039, 20965: 65941, 20966: 59008, 20967: 85710, 20968: 75453, 20969: 1300, 20970: 72039, 20971: 59008, 20973: 1054, 20974: 63756, 20975: 58096, 20977: 1399, 20978: 1502, 20979: 1193, 20980: 63756, 20981: 57070, 20982: 83288, 20983: 57972, 20985: 83288, 20986: 1167, 20987: 0, 20988: 63756, 20990: 57972, 20992: 57417, 20993: 83288, 20995: 85710, 20997: 72039, 20998: 63882, 20999: 57972, 21000: 82070, 21001: 78631, 21002: 1167, 21003: 57972, 21005: 83288, 21006: 57070, 21007: 1300, 21008: 69995, 21009: 57972, 21011: 87001, 21012: 84328, 21013: 57639, 21014: 65877, 21015: 91053, 21016: 146, 21017: 85700, 21018: 35245, 21019: 63756, 21020: 68173, 21021: 1188, 21022: 63270, 21023: 1457, 21028: 86055, 21030: 85700, 21032: 54448, 21033: 728, 21034: 57417, 21035: 1399, 21036: 91896, 21037: 2048, 21038: 1457, 21039: 1300, 21041: 72051, 21043: 146, 21045: 75453, 21047: 57290, 21050: 57639, 21053: 1294, 21055: 82080, 21056: 57381, 21057: 449, 21058: 63756, 21059: 1107, 21060: 1107, 21061: 78645, 21062: 1014, 21063: 46494, 21064: 1014, 21065: 1188, 21066: 1259, 21067: 683, 21068: 72051, 21069: 72051, 21070: 57290, 21072: 71117, 21073: 69995, 21074: 1617, 21075: 78645, 21077: 1540, 21084: 67720, 21085: 88653, 21086: 90942, 21087: 57649, 21091: 85710, 21092: 58096, 21093: 85646, 21096: 2346, 21097: 74355, 21098: 63756, 21099: 2114, 21100: 2076, 21101: 2346, 21102: 2114, 21103: 1116, 21104: 59008, 21105: 80140, 21106: 2114, 21107: 73235, 21108: 56939, 21109: 56939, 21110: 80140, 21112: 1391, 21113: 89226, 21115: 2114, 21116: 89226, 21117: 80140, 21118: 83288, 21119: 89226, 21120: 2076, 21121: 74355, 21123: 80140, 21124: 88653, 21125: 88653, 21126: 74355, 21127: 56939, 21128: 74355, 21129: 74355, 21130: 53429, 21132: 57649, 21133: 87984, 21134: 53429, 21135: 56939, 21136: 53429, 21138: 57649, 21139: 56939, 21140: 57649, 21141: 86157, 21142: 80140, 21143: 53429, 21144: 2114, 21145: 53429, 21146: 89226, 21147: 88653, 21148: 53429, 21149: 80140, 21150: 80140, 21151: 86213, 21153: 53429, 21154: 1223, 21155: 86157, 21156: 87984, 21157: 1288, 21159: 2346, 21163: 146, 21164: 86157, 21165: 80140, 21166: 90998, 21167: 87984, 21168: 90998, 21170: 90998, 21171: 86213, 21172: 57649, 21173: 2076, 21174: 2114, 21175: 0, 21176: 2076, 21177: 87984, 21178: 88653, 21179: 56939, 21180: 2346, 21181: 57649, 21182: 86157, 21184: 87984, 21185: 0, 21186: 2076, 21187: 0, 21188: 0, 21189: 0, 21190: 63270, 21191: 184, 21192: 1223, 21193: 70500, 21194: 0, 21195: 1167, 21196: 70342, 21197: 74355, 21198: 2114, 21199: 86213, 21203: 2076, 21205: 53429, 21206: 86213, 21208: 87984, 21209: 89226, 21223: 1585, 21226: 1014, 21227: 69985, 21228: 46494, 21229: 395, 21230: 78645, 21231: 395, 21232: 1259, 21233: 683, 21234: 70342, 21235: 1259, 21236: 57381, 21237: 71117, 21238: 1543, 21239: 72051, 21240: 1107, 21241: 1347, 21244: 66626, 21249: 1012, 21262: 57070, 21265: 13699, 21271: 91053, 21279: 59008, 21280: 59008, 21288: 57290, 21290: 51797, 21298: 57639, 21303: 1347, 21304: 35259, 21305: 35259, 21306: 226, 21307: 64790, 21308: 1113, 21311: 1540, 21312: 1294, 21313: 35259, 21314: 88486, 21315: 57417, 21316: 1054, 21317: 1347, 21318: 57455, 21319: 51797, 21322: 690, 21324: 13828, 21325: 13828, 21326: 35259, 21327: 1347, 21328: 519, 21329: 78626, 21331: 72039, 21333: 57455, 21334: 57455, 21335: 226, 21336: 765, 21338: 1502, 21339: 1054, 21340: 1107, 21341: 1294, 21344: 1300, 21345: 72039, 21346: 91053, 21348: 63099, 21349: 0, 21351: 69990, 21354: 519, 21356: 90927, 21357: 75379, 21358: 184, 21363: 57257, 21366: 65941, 21369: 765, 21370: 63756, 21378: 68173, 21384: 44206, 21398: 78626, 21445: 74355, 21446: 62344, 21447: 1347, 21448: 67720, 21450: 1014, 21454: 68173, 21455: 683, 21460: 0, 21462: 82080, 21463: 75453, 21465: 0, 21468: 1391, 21470: 226, 21474: 686, 21475: 1012, 21477: 91896, 21478: 61726, 21479: 1107, 21480: 519, 21481: 1161, 21482: 1161, 21483: 70373, 21484: 69995, 21487: 51797, 21488: 65161, 21489: 91053, 21490: 1259, 21491: 1113, 21492: 1161, 21493: 50453, 21494: 342}",0.0,duplicado
649516.2325879998,Cruzamento,1733628463.4163501,73,"{20331: 57070, 20332: 1182, 20333: 57309, 20334: 65341, 20335: 1412, 20336: 1412, 20337: 1084, 20338: 1482, 20339: 1617, 20340: 49332, 20341: 1583, 20342: 69242, 20343: 69990, 20344: 1182, 20345: 70342, 20346: 1084, 20347: 1489, 20348: 48266, 20349: 1347, 20350: 69990, 20351: 1347, 20352: 57309, 20353: 57257, 20354: 46793, 20355: 1347, 20356: 849, 20357: 1583, 20358: 2048, 20359: 1291, 20360: 765, 20361: 75421, 20362: 1489, 20363: 1412, 20364: 70342, 20365: 70171, 20366: 70171, 20367: 77145, 20368: 65341, 20369: 75453, 20370: 48266, 20371: 1347, 20372: 46793, 20373: 1617, 20378: 65341, 20379: 75421, 20380: 1489, 20381: 1182, 20383: 57257, 20384: 63099, 20385: 57257, 20386: 13699, 20387: 70342, 20388: 1084, 20389: 75421, 20392: 849, 20393: 69242, 20394: 51797, 20395: 48266, 20396: 449, 20397: 1583, 20398: 765, 20399: 44206, 20400: 46793, 20401: 1412, 20402: 48266, 20403: 184, 20404: 743, 20405: 82080, 20406: 728, 20407: 395, 20408: 449, 20409: 35259, 20410: 690, 20411: 67720, 20412: 75379, 20413: 1482, 20414: 67720, 20415: 71117, 20416: 70342, 20417: 57381, 20418: 82080, 20419: 519, 20421: 1294, 20422: 1489, 20423: 1585, 20427: 44206, 20428: 57381, 20429: 449, 20432: 1543, 20433: 449, 20434: 46494, 20436: 805, 20437: 69242, 20438: 69990, 20439: 1259, 20440: 743, 20441: 46494, 20442: 69985, 20443: 690, 20444: 82080, 20445: 805, 20446: 67720, 20447: 78645, 20449: 1012, 20450: 69995, 20451: 80479, 20452: 57455, 20453: 57455, 20454: 52945, 20455: 913, 20456: 50588, 20457: 51797, 20458: 913, 20459: 1161, 20460: 1585, 20461: 63270, 20462: 69995, 20463: 49332, 20465: 65341, 20466: 1012, 20467: 1291, 20468: 1107, 20469: 1259, 20471: 57381, 20472: 57381, 20473: 743, 20475: 72051, 20476: 1617, 20481: 1107, 20482: 75379, 20484: 52945, 20485: 75379, 20486: 54448, 20487: 449, 20488: 1188, 20489: 69990, 20490: 70342, 20491: 67720, 20492: 805, 20493: 1107, 20494: 46494, 20495: 683, 20496: 75453, 20497: 50588, 20499: 65877, 20501: 44206, 20503: 57639, 20504: 69990, 20505: 62344, 20506: 85710, 20507: 1357, 20508: 1161, 20509: 50588, 20510: 913, 20511: 85646, 20512: 70342, 20513: 1291, 20514: 64790, 20515: 913, 20517: 69995, 20518: 69995, 20519: 63270, 20520: 52945, 20521: 65161, 20522: 1161, 20523: 1259, 20524: 68173, 20525: 519, 20527: 82080, 20528: 1502, 20530: 46494, 20531: 59008, 20532: 805, 20533: 75421, 20534: 65161, 20535: 48922, 20536: 44206, 20537: 69985, 20538: 69990, 20539: 449, 20540: 690, 20541: 1617, 20542: 75958, 20543: 48922, 20544: 728, 20545: 91896, 20546: 71117, 20547: 64790, 20549: 80479, 20550: 51797, 20552: 1288, 20553: 1502, 20554: 57290, 20555: 62344, 20556: 65877, 20557: 75379, 20558: 1107, 20559: 1391, 20560: 65877, 20561: 85710, 20563: 1167, 20564: 57070, 20565: 69990, 20567: 849, 20569: 52945, 20570: 91896, 20571: 1585, 20572: 1288, 20573: 35259, 20574: 48922, 20575: 44206, 20576: 75958, 20577: 69985, 20578: 1347, 20579: 71117, 20580: 68173, 20581: 1014, 20582: 35259, 20583: 1288, 20584: 71117, 20585: 2048, 20587: 1012, 20588: 63270, 20589: 52945, 20590: 82080, 20591: 57455, 20592: 683, 20593: 805, 20594: 72051, 20595: 59008, 20596: 1347, 20597: 1585, 20599: 64727, 20600: 49332, 20601: 75379, 20602: 35245, 20605: 35245, 20606: 50588, 20607: 913, 20608: 57417, 20609: 1585, 20610: 1482, 20611: 1107, 20612: 686, 20613: 57309, 20614: 1167, 20615: 75453, 20616: 953, 20617: 61726, 20618: 85669, 20619: 1182, 20620: 1054, 20621: 1457, 20622: 849, 20624: 226, 20625: 1457, 20626: 69995, 20628: 1540, 20630: 69995, 20631: 449, 20633: 69242, 20634: 73383, 20635: 1583, 20636: 54448, 20637: 1583, 20638: 226, 20639: 1391, 20640: 52945, 20641: 85669, 20642: 62344, 20643: 1391, 20645: 52945, 20646: 85669, 20647: 57639, 20648: 686, 20650: 686, 20651: 1193, 20652: 58096, 20653: 1391, 20654: 953, 20655: 1482, 20656: 1084, 20659: 70342, 20661: 64727, 20662: 57309, 20663: 1161, 20669: 69242, 20670: 65877, 20671: 1540, 20672: 57972, 20673: 57639, 20675: 78631, 20676: 78631, 20677: 61726, 20678: 75379, 20680: 69990, 20681: 1188, 20684: 1543, 20688: 805, 20689: 50588, 20690: 64727, 20692: 1182, 20693: 58096, 20694: 913, 20695: 75453, 20696: 75379, 20697: 184, 20698: 85669, 20699: 70342, 20700: 54448, 20701: 54448, 20702: 1288, 20703: 66626, 20704: 1173, 20705: 50588, 20706: 57309, 20707: 54448, 20708: 1399, 20709: 1161, 20710: 1161, 20711: 1014, 20712: 0, 20713: 57257, 20714: 52945, 20715: 57290, 20716: 913, 20717: 58543, 20719: 54448, 20720: 75453, 20721: 1012, 20722: 46494, 20723: 1489, 20724: 80479, 20725: 78631, 20726: 46793, 20727: 62344, 20729: 48266, 20730: 1113, 20731: 743, 20732: 765, 20734: 690, 20735: 65877, 20736: 522, 20737: 44206, 20739: 65877, 20740: 1188, 20741: 1357, 20742: 1116, 20743: 78631, 20744: 69995, 20746: 69990, 20747: 57309, 20748: 1107, 20749: 57639, 20750: 849, 20751: 1012, 20752: 190, 20754: 743, 20757: 1585, 20758: 54448, 20759: 57639, 20761: 70373, 20762: 1084, 20763: 63099, 20764: 1617, 20765: 1347, 20766: 70373, 20768: 0, 20769: 519, 20770: 77145, 20773: 1347, 20774: 57290, 20775: 58096, 20777: 1182, 20778: 2048, 20779: 70500, 20781: 57290, 20782: 67720, 20784: 57070, 20785: 57070, 20786: 1167, 20789: 728, 20790: 58543, 20791: 184, 20792: 82085, 20793: 70500, 20794: 49332, 20795: 69242, 20796: 68650, 20797: 2048, 20798: 70373, 20799: 69242, 20800: 1482, 20802: 57381, 20803: 68650, 20804: 68650, 20805: 13699, 20806: 58543, 20807: 57381, 20808: 85687, 20809: 58096, 20810: 46793, 20811: 48266, 20813: 49332, 20814: 49332, 20815: 82067, 20816: 57309, 20817: 82067, 20818: 58096, 20819: 1502, 20820: 85669, 20821: 78631, 20822: 1399, 20823: 1014, 20824: 226, 20825: 849, 20826: 85710, 20827: 62344, 20828: 63270, 20829: 1259, 20831: 1391, 20832: 1399, 20833: 1617, 20834: 86055, 20835: 62344, 20836: 849, 20837: 0, 20838: 1347, 20840: 1583, 20841: 57455, 20842: 83288, 20843: 57290, 20844: 1482, 20845: 57639, 20846: 1223, 20850: 87001, 20852: 57309, 20853: 1457, 20854: 1585, 20856: 686, 20858: 70373, 20859: 82070, 20860: 63882, 20861: 63882, 20862: 82070, 20863: 82070, 20864: 395, 20872: 953, 20873: 226, 20874: 0, 20875: 64727, 20876: 805, 20877: 63882, 20881: 64727, 20883: 70500, 20884: 82070, 20885: 1391, 20886: 67720, 20887: 1457, 20888: 82070, 20889: 1502, 20890: 91053, 20891: 1391, 20892: 72039, 20894: 765, 20895: 44206, 20897: 85669, 20900: 1167, 20901: 68650, 20902: 83288, 20904: 1188, 20905: 73383, 20906: 849, 20907: 1188, 20909: 65877, 20910: 72051, 20911: 1107, 20913: 73383, 20916: 1116, 20917: 84328, 20918: 69990, 20919: 84328, 20921: 63099, 20922: 82070, 20923: 57381, 20925: 1294, 20926: 65941, 20928: 1300, 20929: 51797, 20930: 0, 20931: 1223, 20932: 64790, 20933: 743, 20934: 1193, 20935: 63882, 20936: 65941, 20937: 67720, 20938: 1193, 20939: 395, 20940: 65161, 20941: 87001, 20942: 75379, 20943: 57290, 20944: 59008, 20948: 65877, 20949: 1193, 20950: 63882, 20951: 64790, 20953: 64727, 20954: 48922, 20955: 1116, 20956: 58096, 20958: 63756, 20959: 87001, 20960: 1399, 20961: 1502, 20962: 184, 20963: 146, 20964: 72039, 20965: 65941, 20966: 59008, 20967: 85710, 20968: 75453, 20969: 1300, 20970: 72039, 20971: 59008, 20973: 1054, 20974: 63756, 20975: 58096, 20977: 1399, 20978: 1502, 20979: 1193, 20980: 63756, 20981: 57070, 20982: 83288, 20983: 57972, 20985: 83288, 20986: 1167, 20987: 0, 20988: 63756, 20990: 57972, 20992: 57417, 20993: 83288, 20995: 85710, 20997: 72039, 20998: 63882, 20999: 57972, 21000: 82070, 21001: 78631, 21002: 1167, 21003: 57972, 21005: 83288, 21006: 57070, 21007: 1300, 21008: 69995, 21009: 57972, 21011: 87001, 21012: 84328, 21013: 57639, 21014: 65877, 21015: 91053, 21016: 146, 21017: 85700, 21018: 35245, 21019: 63756, 21020: 68173, 21021: 1188, 21022: 63270, 21023: 1457, 21028: 86055, 21030: 85700, 21032: 54448, 21033: 728, 21034: 57417, 21035: 1399, 21036: 91896, 21037: 2048, 21038: 1457, 21039: 1300, 21041: 72051, 21043: 146, 21045: 75453, 21047: 57290, 21050: 57639, 21053: 1294, 21055: 82080, 21056: 57381, 21057: 449, 21058: 63756, 21059: 1107, 21060: 1107, 21061: 78645, 21062: 1014, 21063: 46494, 21064: 1014, 21065: 1188, 21066: 1259, 21067: 683, 21068: 72051, 21069: 72051, 21070: 57290, 21072: 71117, 21073: 69995, 21074: 1617, 21075: 78645, 21077: 1540, 21084: 67720, 21085: 88653, 21086: 90942, 21087: 57649, 21091: 85710, 21092: 58096, 21093: 85646, 21096: 2346, 21097: 74355, 21098: 63756, 21099: 2114, 21100: 2076, 21101: 2346, 21102: 2114, 21103: 1116, 21104: 59008, 21105: 80140, 21106: 2114, 21107: 73235, 21108: 56939, 21109: 56939, 21110: 80140, 21112: 1391, 21113: 89226, 21115: 2114, 21116: 89226, 21117: 80140, 21118: 83288, 21119: 89226, 21120: 2076, 21121: 74355, 21123: 80140, 21124: 88653, 21125: 88653, 21126: 74355, 21127: 56939, 21128: 74355, 21129: 74355, 21130: 53429, 21132: 57649, 21133: 87984, 21134: 53429, 21135: 56939, 21136: 53429, 21138: 57649, 21139: 56939, 21140: 57649, 21141: 86157, 21142: 80140, 21143: 53429, 21144: 2114, 21145: 53429, 21146: 89226, 21147: 88653, 21148: 53429, 21149: 80140, 21150: 80140, 21151: 86213, 21153: 53429, 21154: 1223, 21155: 86157, 21156: 87984, 21157: 1288, 21159: 2346, 21163: 146, 21164: 86157, 21165: 80140, 21166: 90998, 21167: 87984, 21168: 90998, 21170: 90998, 21171: 86213, 21172: 57649, 21173: 2076, 21174: 2114, 21175: 0, 21176: 2076, 21177: 87984, 21178: 88653, 21179: 56939, 21180: 2346, 21181: 57649, 21182: 86157, 21184: 87984, 21185: 0, 21186: 2076, 21187: 0, 21188: 0, 21189: 0, 21190: 63270, 21191: 184, 21192: 1223, 21193: 70500, 21194: 0, 21195: 1167, 21196: 70342, 21197: 74355, 21198: 2114, 21199: 86213, 21203: 2076, 21205: 53429, 21206: 86213, 21208: 87984, 21209: 89226, 21223: 1585, 21226: 1014, 21227: 69985, 21228: 46494, 21229: 395, 21230: 78645, 21231: 395, 21232: 1259, 21233: 683, 21234: 70342, 21235: 1259, 21236: 57381, 21237: 71117, 21238: 1543, 21239: 72051, 21240: 1107, 21241: 1347, 21244: 66626, 21249: 1012, 21262: 57070, 21265: 13699, 21271: 91053, 21279: 59008, 21280: 59008, 21288: 57290, 21290: 51797, 21298: 57639, 21303: 1347, 21304: 35259, 21305: 35259, 21306: 226, 21307: 64790, 21308: 1113, 21311: 1540, 21312: 1294, 21313: 35259, 21314: 88486, 21315: 57417, 21316: 1054, 21317: 1347, 21318: 57455, 21319: 51797, 21322: 690, 21324: 13828, 21325: 13828, 21326: 35259, 21327: 1347, 21328: 519, 21329: 78626, 21331: 72039, 21333: 57455, 21334: 57455, 21335: 226, 21336: 765, 21338: 1502, 21339: 1054, 21340: 1107, 21341: 1294, 21344: 1300, 21345: 72039, 21346: 91053, 21348: 63099, 21349: 0, 21351: 69990, 21354: 519, 21356: 90927, 21357: 75379, 21358: 184, 21363: 57257, 21366: 65941, 21369: 765, 21370: 63756, 21378: 68173, 21384: 44206, 21398: 78626, 21445: 74355, 21446: 62344, 21447: 1347, 21448: 67720, 21450: 1014, 21454: 68173, 21455: 683, 21460: 0, 21462: 82080, 21463: 75453, 21465: 0, 21468: 1391, 21470: 226, 21474: 686, 21475: 1012, 21477: 91896, 21478: 61726, 21479: 1107, 21480: 519, 21481: 1161, 21482: 1161, 21483: 70373, 21484: 69995, 21487: 51797, 21488: 65161, 21489: 91053, 21490: 1259, 21491: 1113, 21492: 1161, 21493: 50453, 21494: 342}",0.0,duplicado
646681.2333576663,Cruzamento,1733628465.6302807,74,"{20331: 1294, 20332: 70342, 20333: 1482, 20334: 82085, 20335: 1294, 20336: 57257, 20337: 65341, 20338: 1182, 20339: 1084, 20340: 57309, 20341: 765, 20342: 2048, 20343: 69242, 20344: 849, 20345: 57257, 20346: 1412, 20347: 63099, 20348: 1084, 20349: 75453, 20350: 63099, 20351: 75453, 20352: 69242, 20353: 70342, 20354: 849, 20355: 1489, 20356: 1489, 20357: 849, 20358: 70342, 20359: 57257, 20360: 2048, 20361: 58096, 20362: 1412, 20363: 1489, 20364: 184, 20365: 1617, 20366: 70171, 20367: 57309, 20368: 90927, 20369: 1617, 20370: 48266, 20371: 70373, 20372: 49332, 20373: 1291, 20378: 1182, 20379: 69990, 20380: 70342, 20381: 57070, 20383: 1583, 20384: 686, 20385: 75421, 20386: 68182, 20387: 75421, 20388: 13699, 20389: 68182, 20392: 1291, 20393: 63099, 20394: 75453, 20395: 48266, 20396: 1543, 20397: 849, 20398: 75421, 20399: 70342, 20400: 58096, 20401: 57455, 20402: 1489, 20403: 1084, 20404: 57455, 20405: 1288, 20406: 519, 20407: 743, 20408: 71117, 20409: 1288, 20410: 57381, 20411: 449, 20412: 226, 20413: 58096, 20414: 1014, 20415: 46494, 20416: 805, 20417: 57290, 20418: 683, 20419: 1617, 20421: 65341, 20422: 82085, 20423: 1585, 20427: 68173, 20428: 78645, 20429: 48922, 20432: 44206, 20433: 1502, 20434: 57290, 20436: 182, 20437: 1188, 20438: 1502, 20439: 57381, 20440: 73383, 20441: 70342, 20442: 57381, 20443: 13828, 20444: 71117, 20445: 683, 20446: 1502, 20447: 71117, 20449: 50588, 20450: 913, 20451: 80479, 20452: 80479, 20453: 35245, 20454: 69995, 20455: 52945, 20456: 70342, 20457: 46793, 20458: 1012, 20459: 51797, 20460: 63756, 20461: 35245, 20462: 64790, 20463: 57257, 20465: 57070, 20466: 63756, 20467: 849, 20468: 743, 20469: 67720, 20471: 1014, 20472: 13828, 20473: 1188, 20475: 67720, 20476: 1259, 20481: 71117, 20482: 35245, 20484: 85646, 20485: 46793, 20486: 913, 20487: 743, 20488: 44206, 20489: 683, 20490: 519, 20491: 78645, 20492: 57381, 20493: 82080, 20494: 91896, 20495: 1585, 20496: 58096, 20497: 54448, 20499: 1054, 20501: 1347, 20503: 35259, 20504: 57070, 20505: 83288, 20506: 1012, 20507: 46494, 20508: 69995, 20509: 1012, 20510: 52945, 20511: 64727, 20512: 54448, 20513: 1291, 20514: 146, 20515: 52945, 20517: 35245, 20518: 226, 20519: 75379, 20520: 69995, 20521: 50588, 20522: 52945, 20523: 1543, 20524: 449, 20525: 728, 20527: 1617, 20528: 44206, 20530: 72051, 20531: 13828, 20532: 1259, 20533: 69990, 20534: 46793, 20535: 75958, 20536: 68173, 20537: 1617, 20538: 690, 20539: 69990, 20540: 1617, 20541: 71117, 20542: 1288, 20543: 449, 20544: 1014, 20545: 1585, 20546: 91896, 20547: 57070, 20549: 80479, 20550: 63270, 20552: 46494, 20553: 71117, 20554: 1288, 20555: 61726, 20556: 78631, 20557: 1391, 20558: 1502, 20559: 1399, 20560: 686, 20561: 46494, 20563: 65877, 20564: 1167, 20565: 85710, 20567: 69990, 20569: 51797, 20570: 743, 20571: 68173, 20572: 1347, 20573: 690, 20574: 67720, 20575: 449, 20576: 728, 20577: 48922, 20578: 1014, 20579: 1347, 20580: 35259, 20581: 75958, 20582: 48922, 20583: 743, 20584: 1347, 20585: 1543, 20587: 1161, 20588: 1012, 20589: 65161, 20590: 395, 20591: 449, 20592: 1188, 20593: 57290, 20594: 690, 20595: 522, 20596: 73383, 20597: 805, 20599: 1012, 20600: 63270, 20601: 63270, 20602: 35245, 20605: 226, 20606: 1161, 20607: 52945, 20608: 58096, 20609: 1173, 20610: 1084, 20611: 65877, 20612: 75453, 20613: 1457, 20614: 57309, 20615: 69995, 20616: 849, 20617: 1167, 20618: 1540, 20619: 765, 20620: 1457, 20621: 1167, 20622: 686, 20624: 1457, 20625: 65877, 20626: 686, 20628: 686, 20630: 66626, 20631: 519, 20633: 1107, 20634: 72051, 20635: 1084, 20636: 913, 20637: 1391, 20638: 146, 20639: 85669, 20640: 57639, 20641: 52945, 20642: 1391, 20643: 1193, 20645: 1391, 20646: 953, 20647: 686, 20648: 58096, 20650: 58096, 20651: 62344, 20652: 686, 20653: 1193, 20654: 85669, 20655: 1412, 20656: 184, 20659: 1585, 20661: 69995, 20662: 70373, 20663: 913, 20669: 522, 20670: 78631, 20671: 57639, 20672: 35259, 20673: 57972, 20675: 61726, 20676: 57972, 20677: 73235, 20678: 62344, 20680: 68173, 20681: 449, 20684: 1347, 20688: 1617, 20689: 69995, 20690: 52945, 20692: 57257, 20693: 85669, 20694: 66626, 20695: 1489, 20696: 1173, 20697: 1182, 20698: 58543, 20699: 63756, 20700: 50588, 20701: 913, 20702: 1167, 20703: 54448, 20704: 66626, 20705: 75379, 20706: 1182, 20707: 70342, 20708: 46494, 20709: 1161, 20710: 1161, 20711: 1543, 20712: 0, 20713: 75421, 20714: 52945, 20715: 690, 20716: 70342, 20717: 57639, 20719: 1585, 20720: 75453, 20721: 913, 20722: 805, 20723: 51797, 20724: 80479, 20725: 85669, 20726: 46793, 20727: 78631, 20729: 1617, 20730: 88486, 20731: 48922, 20732: 1054, 20734: 1288, 20735: 57309, 20736: 1014, 20737: 73383, 20739: 35259, 20740: 57455, 20741: 686, 20742: 1167, 20743: 1116, 20744: 68650, 20746: 69990, 20747: 91053, 20748: 58096, 20749: 69990, 20750: 686, 20751: 1399, 20752: 1502, 20754: 44206, 20757: 1161, 20758: 1012, 20759: 62344, 20761: 1482, 20762: 75453, 20763: 63099, 20764: 1084, 20765: 63099, 20766: 63099, 20768: 184, 20769: 395, 20770: 77145, 20773: 70500, 20774: 1154, 20775: 69990, 20777: 1391, 20778: 70500, 20779: 1399, 20781: 1457, 20782: 49332, 20784: 57290, 20785: 2048, 20786: 70500, 20789: 1347, 20790: 58543, 20791: 70342, 20792: 46793, 20793: 146, 20794: 49332, 20795: 59008, 20796: 1188, 20797: 75421, 20798: 13699, 20799: 70373, 20800: 1482, 20802: 69242, 20803: 85710, 20804: 57309, 20805: 69242, 20806: 1391, 20807: 72051, 20808: 82067, 20809: 1291, 20810: 63099, 20811: 57070, 20813: 48266, 20814: 1482, 20815: 85687, 20816: 57455, 20817: 85687, 20818: 1391, 20819: 1502, 20820: 1167, 20821: 1116, 20822: 85687, 20823: 46494, 20824: 57417, 20825: 75453, 20826: 75379, 20827: 46494, 20828: 184, 20829: 67720, 20831: 57290, 20832: 57639, 20833: 1291, 20834: 728, 20835: 1502, 20836: 1583, 20837: 57070, 20838: 57070, 20840: 2048, 20841: 1412, 20842: 1357, 20843: 226, 20844: 57455, 20845: 65877, 20846: 1300, 20850: 65877, 20852: 90927, 20853: 51797, 20854: 72051, 20856: 46793, 20858: 48266, 20859: 82070, 20860: 63882, 20861: 63882, 20862: 82070, 20863: 82070, 20864: 395, 20872: 953, 20873: 395, 20874: 0, 20875: 91053, 20876: 683, 20877: 83288, 20881: 75379, 20883: 75453, 20884: 57972, 20885: 59008, 20886: 64727, 20887: 1540, 20888: 82070, 20889: 683, 20890: 64727, 20891: 1391, 20892: 82070, 20894: 85669, 20895: 64790, 20897: 1540, 20900: 1457, 20901: 75379, 20902: 72039, 20904: 63099, 20905: 522, 20906: 765, 20907: 1188, 20909: 65877, 20910: 182, 20911: 849, 20913: 72051, 20916: 85669, 20917: 87001, 20918: 73383, 20919: 63882, 20921: 58543, 20922: 82070, 20923: 690, 20925: 1294, 20926: 85700, 20928: 1300, 20929: 51797, 20930: 61726, 20931: 51797, 20932: 1288, 20933: 57290, 20934: 63099, 20935: 82070, 20936: 91053, 20937: 1399, 20938: 1193, 20939: 1502, 20940: 1223, 20941: 72039, 20942: 1399, 20943: 69985, 20944: 1193, 20948: 83288, 20949: 1193, 20950: 87001, 20951: 1300, 20953: 64727, 20954: 68173, 20955: 1457, 20956: 57639, 20958: 57639, 20959: 65877, 20960: 54448, 20961: 1012, 20962: 1300, 20963: 69995, 20964: 72039, 20965: 91053, 20966: 64790, 20967: 1054, 20968: 44206, 20969: 85700, 20970: 57972, 20971: 63756, 20973: 85710, 20974: 59008, 20975: 1154, 20977: 85710, 20978: 63756, 20979: 0, 20980: 63756, 20981: 49332, 20982: 72039, 20983: 1054, 20985: 72039, 20986: 728, 20987: 64790, 20988: 1054, 20990: 85710, 20992: 68650, 20993: 72039, 20995: 1012, 20997: 83288, 20998: 82070, 20999: 87001, 21000: 63882, 21001: 70500, 21002: 57639, 21003: 57972, 21005: 83288, 21006: 72051, 21007: 2048, 21008: 69995, 21009: 65877, 21011: 72039, 21012: 87001, 21013: 57290, 21014: 65877, 21015: 91053, 21016: 72051, 21017: 64790, 21018: 1193, 21019: 184, 21020: 69985, 21021: 1543, 21022: 75379, 21023: 63270, 21028: 86055, 21030: 85700, 21032: 52945, 21033: 35245, 21034: 1154, 21035: 58543, 21036: 35259, 21037: 1223, 21038: 728, 21039: 63270, 21041: 85700, 21043: 67720, 21045: 1188, 21047: 86055, 21050: 83288, 21053: 1294, 21055: 82080, 21056: 1585, 21057: 1107, 21058: 1107, 21059: 395, 21060: 1107, 21061: 46494, 21062: 1502, 21063: 1014, 21064: 57381, 21065: 1543, 21066: 1188, 21067: 683, 21068: 73383, 21069: 46494, 21070: 69990, 21072: 1107, 21073: 1182, 21074: 67720, 21075: 78645, 21077: 1540, 21084: 1617, 21085: 2114, 21086: 89226, 21087: 87984, 21091: 1012, 21092: 78631, 21093: 63270, 21096: 2114, 21097: 53429, 21098: 65941, 21099: 2114, 21100: 2076, 21101: 57649, 21102: 80140, 21103: 1457, 21104: 51797, 21105: 88653, 21106: 2346, 21107: 62344, 21108: 2346, 21109: 2114, 21110: 90942, 21112: 75379, 21113: 88653, 21115: 2346, 21116: 80140, 21117: 57649, 21118: 88486, 21119: 2076, 21120: 2076, 21121: 74355, 21123: 57649, 21124: 2076, 21125: 53429, 21126: 57649, 21127: 74355, 21128: 57649, 21129: 2114, 21130: 74355, 21132: 53429, 21133: 87984, 21134: 57649, 21135: 88653, 21136: 74355, 21138: 53429, 21139: 88653, 21140: 53429, 21141: 80140, 21142: 2346, 21143: 57649, 21144: 2114, 21145: 88653, 21146: 89226, 21147: 53429, 21148: 2114, 21149: 2076, 21150: 86213, 21151: 87984, 21153: 2114, 21154: 44206, 21155: 86157, 21156: 80140, 21157: 1188, 21159: 89226, 21163: 146, 21164: 86157, 21165: 88653, 21166: 88653, 21167: 80140, 21168: 2114, 21170: 88653, 21171: 53429, 21172: 57649, 21173: 56939, 21174: 90998, 21175: 1223, 21176: 56939, 21177: 56939, 21178: 57649, 21179: 86213, 21180: 90998, 21181: 86213, 21182: 86157, 21184: 56939, 21185: 86213, 21186: 86213, 21187: 0, 21188: 0, 21189: 0, 21190: 78631, 21191: 184, 21192: 59008, 21193: 57639, 21194: 0, 21195: 395, 21196: 1489, 21197: 57649, 21198: 74355, 21199: 2076, 21203: 90998, 21205: 74355, 21206: 86213, 21208: 87984, 21209: 89226, 21223: 683, 21226: 683, 21227: 1585, 21228: 68173, 21229: 0, 21230: 69990, 21231: 519, 21232: 57381, 21233: 1259, 21234: 805, 21235: 690, 21236: 71117, 21237: 71117, 21238: 1288, 21239: 805, 21240: 82080, 21241: 395, 21244: 64727, 21249: 0, 21262: 1489, 21265: 68182, 21271: 65161, 21279: 91053, 21280: 57639, 21288: 63756, 21290: 59008, 21298: 72051, 21303: 1457, 21304: 46494, 21305: 1294, 21306: 1167, 21307: 728, 21308: 1294, 21311: 1347, 21312: 88486, 21313: 1054, 21314: 1540, 21315: 1347, 21316: 71117, 21317: 765, 21318: 395, 21319: 1294, 21322: 69985, 21324: 71117, 21325: 550, 21326: 57455, 21327: 519, 21328: 35259, 21329: 805, 21331: 57972, 21333: 51797, 21334: 57455, 21335: 1357, 21336: 765, 21338: 1054, 21339: 1457, 21340: 1294, 21341: 765, 21344: 1288, 21345: 0, 21346: 57309, 21348: 63099, 21349: 0, 21351: 1259, 21354: 78626, 21356: 77145, 21357: 85646, 21358: 35245, 21363: 1347, 21366: 65941, 21369: 88486, 21370: 1054, 21378: 70342, 21384: 1188, 21398: 805, 21445: 2114, 21446: 58096, 21447: 1357, 21448: 35259, 21450: 69990, 21454: 48922, 21455: 1014, 21460: 1482, 21462: 1585, 21463: 75453, 21465: 0, 21468: 1391, 21470: 226, 21474: 686, 21475: 1012, 21477: 91896, 21478: 61726, 21479: 1107, 21480: 519, 21481: 1161, 21482: 1161, 21483: 70373, 21484: 69995, 21487: 51797, 21488: 65161, 21489: 91053, 21490: 1259, 21491: 1113, 21492: 1161, 21493: 50453, 21494: 342}",0.0,duplicado
645097.0105690002,Cruzamento,1733628465.6302807,74,"{20331: 1294, 20332: 70342, 20333: 1482, 20334: 82085, 20335: 1294, 20336: 57257, 20337: 65341, 20338: 1182, 20339: 1084, 20340: 57309, 20341: 765, 20342: 2048, 20343: 69242, 20344: 849, 20345: 63099, 20346: 1583, 20347: 1084, 20348: 69242, 20349: 1291, 20350: 1291, 20351: 46793, 20352: 46793, 20353: 1084, 20354: 75421, 20355: 51797, 20356: 1412, 20357: 1291, 20358: 2048, 20359: 765, 20360: 2048, 20361: 58096, 20362: 1412, 20363: 1489, 20364: 184, 20365: 1617, 20366: 70171, 20367: 57309, 20368: 90927, 20369: 1617, 20370: 48266, 20371: 70373, 20372: 49332, 20373: 1291, 20378: 1182, 20379: 69990, 20380: 70342, 20381: 57070, 20383: 1583, 20384: 686, 20385: 75421, 20386: 68182, 20387: 75421, 20388: 13699, 20389: 68182, 20392: 1291, 20393: 63099, 20394: 75453, 20395: 48266, 20396: 1543, 20397: 849, 20398: 75421, 20399: 70342, 20400: 58096, 20401: 57455, 20402: 1489, 20403: 1084, 20404: 57455, 20405: 1288, 20406: 519, 20407: 743, 20408: 71117, 20409: 1288, 20410: 57381, 20411: 449, 20412: 226, 20413: 58096, 20414: 1014, 20415: 46494, 20416: 805, 20417: 57290, 20418: 683, 20419: 1617, 20421: 65341, 20422: 82085, 20423: 1585, 20427: 68173, 20428: 78645, 20429: 48922, 20432: 44206, 20433: 1502, 20434: 57290, 20436: 182, 20437: 1188, 20438: 1502, 20439: 57381, 20440: 73383, 20441: 70342, 20442: 57381, 20443: 13828, 20444: 71117, 20445: 683, 20446: 1502, 20447: 71117, 20449: 50588, 20450: 913, 20451: 80479, 20452: 80479, 20453: 35245, 20454: 69995, 20455: 52945, 20456: 70342, 20457: 46793, 20458: 1012, 20459: 51797, 20460: 63756, 20461: 35245, 20462: 64790, 20463: 57257, 20465: 57070, 20466: 63756, 20467: 849, 20468: 743, 20469: 67720, 20471: 1014, 20472: 13828, 20473: 1188, 20475: 67720, 20476: 1259, 20481: 71117, 20482: 35245, 20484: 85646, 20485: 46793, 20486: 913, 20487: 743, 20488: 44206, 20489: 683, 20490: 519, 20491: 78645, 20492: 57381, 20493: 82080, 20494: 91896, 20495: 1585, 20496: 58096, 20497: 54448, 20499: 1054, 20501: 1347, 20503: 35259, 20504: 57070, 20505: 83288, 20506: 1012, 20507: 46494, 20508: 69995, 20509: 1012, 20510: 52945, 20511: 64727, 20512: 54448, 20513: 1291, 20514: 146, 20515: 52945, 20517: 35245, 20518: 226, 20519: 75379, 20520: 69995, 20521: 50588, 20522: 52945, 20523: 1543, 20524: 449, 20525: 728, 20527: 1617, 20528: 44206, 20530: 72051, 20531: 13828, 20532: 1259, 20533: 69990, 20534: 46793, 20535: 75958, 20536: 68173, 20537: 1617, 20538: 690, 20539: 69990, 20540: 1617, 20541: 71117, 20542: 1288, 20543: 449, 20544: 1014, 20545: 1585, 20546: 91896, 20547: 57070, 20549: 80479, 20550: 63270, 20552: 46494, 20553: 71117, 20554: 1288, 20555: 61726, 20556: 78631, 20557: 1391, 20558: 1502, 20559: 1399, 20560: 686, 20561: 46494, 20563: 65877, 20564: 1167, 20565: 85710, 20567: 69990, 20569: 51797, 20570: 743, 20571: 68173, 20572: 1347, 20573: 690, 20574: 67720, 20575: 449, 20576: 728, 20577: 48922, 20578: 1014, 20579: 1347, 20580: 35259, 20581: 75958, 20582: 48922, 20583: 743, 20584: 1347, 20585: 1543, 20587: 1161, 20588: 1012, 20589: 65161, 20590: 395, 20591: 449, 20592: 1188, 20593: 57290, 20594: 690, 20595: 522, 20596: 73383, 20597: 805, 20599: 1012, 20600: 63270, 20601: 63270, 20602: 35245, 20605: 226, 20606: 1161, 20607: 52945, 20608: 58096, 20609: 1173, 20610: 1084, 20611: 65877, 20612: 75453, 20613: 1457, 20614: 57309, 20615: 69995, 20616: 849, 20617: 1167, 20618: 1540, 20619: 765, 20620: 1457, 20621: 1167, 20622: 686, 20624: 1457, 20625: 65877, 20626: 686, 20628: 686, 20630: 66626, 20631: 519, 20633: 1107, 20634: 72051, 20635: 1084, 20636: 913, 20637: 1391, 20638: 146, 20639: 85669, 20640: 57639, 20641: 52945, 20642: 1391, 20643: 1193, 20645: 1391, 20646: 953, 20647: 686, 20648: 58096, 20650: 58096, 20651: 62344, 20652: 686, 20653: 1193, 20654: 85669, 20655: 1412, 20656: 184, 20659: 1585, 20661: 69995, 20662: 70373, 20663: 913, 20669: 522, 20670: 78631, 20671: 57639, 20672: 35259, 20673: 57972, 20675: 61726, 20676: 57972, 20677: 73235, 20678: 62344, 20680: 68173, 20681: 449, 20684: 1347, 20688: 1617, 20689: 69995, 20690: 52945, 20692: 57257, 20693: 85669, 20694: 66626, 20695: 1489, 20696: 1173, 20697: 1182, 20698: 58543, 20699: 63756, 20700: 50588, 20701: 913, 20702: 1167, 20703: 54448, 20704: 66626, 20705: 75379, 20706: 1182, 20707: 70342, 20708: 46494, 20709: 1161, 20710: 1161, 20711: 1543, 20712: 0, 20713: 75421, 20714: 52945, 20715: 690, 20716: 70342, 20717: 57639, 20719: 1585, 20720: 75453, 20721: 913, 20722: 805, 20723: 51797, 20724: 80479, 20725: 85669, 20726: 46793, 20727: 78631, 20729: 1617, 20730: 88486, 20731: 48922, 20732: 1054, 20734: 1288, 20735: 57309, 20736: 1014, 20737: 73383, 20739: 35259, 20740: 57455, 20741: 686, 20742: 1167, 20743: 1116, 20744: 68650, 20746: 69990, 20747: 91053, 20748: 58096, 20749: 69990, 20750: 686, 20751: 1399, 20752: 1502, 20754: 44206, 20757: 1161, 20758: 1012, 20759: 62344, 20761: 1482, 20762: 75453, 20763: 63099, 20764: 1084, 20765: 63099, 20766: 63099, 20768: 184, 20769: 395, 20770: 77145, 20773: 70500, 20774: 1154, 20775: 69990, 20777: 1391, 20778: 70500, 20779: 1399, 20781: 1457, 20782: 49332, 20784: 57290, 20785: 2048, 20786: 70500, 20789: 1347, 20790: 58543, 20791: 70342, 20792: 46793, 20793: 146, 20794: 49332, 20795: 59008, 20796: 1188, 20797: 75421, 20798: 13699, 20799: 70373, 20800: 1482, 20802: 69242, 20803: 85710, 20804: 57309, 20805: 69242, 20806: 1391, 20807: 72051, 20808: 82067, 20809: 1291, 20810: 63099, 20811: 57070, 20813: 48266, 20814: 1482, 20815: 85687, 20816: 57455, 20817: 85687, 20818: 1391, 20819: 1502, 20820: 1167, 20821: 1116, 20822: 85687, 20823: 46494, 20824: 57417, 20825: 75453, 20826: 75379, 20827: 46494, 20828: 184, 20829: 67720, 20831: 57290, 20832: 57639, 20833: 1291, 20834: 728, 20835: 1502, 20836: 1583, 20837: 57070, 20838: 57070, 20840: 2048, 20841: 1412, 20842: 1357, 20843: 226, 20844: 57455, 20845: 65877, 20846: 1300, 20850: 65877, 20852: 90927, 20853: 51797, 20854: 72051, 20856: 46793, 20858: 48266, 20859: 82070, 20860: 63882, 20861: 63882, 20862: 82070, 20863: 82070, 20864: 395, 20872: 953, 20873: 395, 20874: 0, 20875: 91053, 20876: 683, 20877: 83288, 20881: 75379, 20883: 75453, 20884: 57972, 20885: 59008, 20886: 64727, 20887: 1540, 20888: 82070, 20889: 683, 20890: 64727, 20891: 1391, 20892: 82070, 20894: 85669, 20895: 64790, 20897: 1540, 20900: 1457, 20901: 75379, 20902: 72039, 20904: 63099, 20905: 522, 20906: 765, 20907: 1188, 20909: 65877, 20910: 182, 20911: 849, 20913: 72051, 20916: 85669, 20917: 87001, 20918: 73383, 20919: 63882, 20921: 58543, 20922: 82070, 20923: 690, 20925: 1294, 20926: 85700, 20928: 1300, 20929: 51797, 20930: 61726, 20931: 51797, 20932: 1288, 20933: 57290, 20934: 63099, 20935: 82070, 20936: 91053, 20937: 1399, 20938: 1193, 20939: 1502, 20940: 1223, 20941: 72039, 20942: 1399, 20943: 69985, 20944: 1193, 20948: 83288, 20949: 1193, 20950: 87001, 20951: 1300, 20953: 64727, 20954: 68173, 20955: 1457, 20956: 57639, 20958: 57639, 20959: 65877, 20960: 54448, 20961: 1012, 20962: 1300, 20963: 69995, 20964: 72039, 20965: 91053, 20966: 64790, 20967: 1054, 20968: 44206, 20969: 85700, 20970: 57972, 20971: 63756, 20973: 85710, 20974: 59008, 20975: 1154, 20977: 85710, 20978: 63756, 20979: 0, 20980: 63756, 20981: 49332, 20982: 72039, 20983: 1054, 20985: 72039, 20986: 728, 20987: 64790, 20988: 1054, 20990: 85710, 20992: 68650, 20993: 72039, 20995: 1012, 20997: 83288, 20998: 82070, 20999: 87001, 21000: 63882, 21001: 70500, 21002: 57639, 21003: 57972, 21005: 83288, 21006: 72051, 21007: 2048, 21008: 69995, 21009: 65877, 21011: 72039, 21012: 87001, 21013: 57290, 21014: 65877, 21015: 91053, 21016: 72051, 21017: 64790, 21018: 1193, 21019: 184, 21020: 69985, 21021: 1543, 21022: 75379, 21023: 63270, 21028: 86055, 21030: 85700, 21032: 52945, 21033: 35245, 21034: 1154, 21035: 58543, 21036: 35259, 21037: 1223, 21038: 728, 21039: 63270, 21041: 85700, 21043: 67720, 21045: 1188, 21047: 86055, 21050: 83288, 21053: 1294, 21055: 82080, 21056: 1585, 21057: 1107, 21058: 1107, 21059: 395, 21060: 1107, 21061: 46494, 21062: 1502, 21063: 1014, 21064: 57381, 21065: 1543, 21066: 1188, 21067: 683, 21068: 73383, 21069: 46494, 21070: 69990, 21072: 1107, 21073: 1182, 21074: 67720, 21075: 78645, 21077: 1540, 21084: 1617, 21085: 2114, 21086: 89226, 21087: 87984, 21091: 1012, 21092: 78631, 21093: 63270, 21096: 2114, 21097: 53429, 21098: 65941, 21099: 2114, 21100: 2076, 21101: 57649, 21102: 80140, 21103: 1457, 21104: 51797, 21105: 88653, 21106: 2346, 21107: 62344, 21108: 2346, 21109: 2114, 21110: 80140, 21112: 1540, 21113: 57649, 21115: 89226, 21116: 57649, 21117: 74355, 21118: 58096, 21119: 80140, 21120: 80140, 21121: 56939, 21123: 56939, 21124: 2076, 21125: 53429, 21126: 53429, 21127: 88653, 21128: 74355, 21129: 2114, 21130: 74355, 21132: 57649, 21133: 90998, 21134: 57649, 21135: 80140, 21136: 57649, 21138: 53429, 21139: 89226, 21140: 57649, 21141: 87984, 21142: 80140, 21143: 74355, 21144: 2114, 21145: 2346, 21146: 89226, 21147: 2076, 21148: 53429, 21149: 56939, 21150: 86157, 21151: 2076, 21153: 74355, 21154: 146, 21155: 86213, 21156: 86157, 21157: 1188, 21159: 89226, 21163: 1288, 21164: 86157, 21165: 87984, 21166: 86213, 21167: 87984, 21168: 87984, 21170: 2346, 21171: 56939, 21172: 56939, 21173: 86213, 21174: 2076, 21175: 1188, 21176: 86213, 21177: 56939, 21178: 57649, 21179: 86213, 21180: 90998, 21181: 2114, 21182: 0, 21184: 86157, 21185: 0, 21186: 2076, 21187: 0, 21188: 1223, 21189: 0, 21190: 1457, 21191: 184, 21192: 65941, 21193: 1193, 21194: 0, 21195: 57290, 21196: 849, 21197: 53429, 21198: 74355, 21199: 2076, 21203: 86213, 21205: 2346, 21206: 90998, 21208: 87984, 21209: 89226, 21223: 743, 21226: 683, 21227: 449, 21228: 57290, 21229: 519, 21230: 57290, 21231: 1107, 21232: 57381, 21233: 82080, 21234: 82080, 21235: 522, 21236: 82080, 21237: 57290, 21238: 71117, 21239: 0, 21240: 805, 21241: 46494, 21244: 1173, 21249: 80479, 21262: 1391, 21265: 75421, 21271: 75453, 21279: 91053, 21280: 57639, 21288: 1188, 21290: 65941, 21298: 52945, 21303: 57455, 21304: 226, 21305: 88486, 21306: 1457, 21307: 226, 21308: 765, 21311: 46494, 21312: 63756, 21313: 35259, 21314: 88486, 21315: 64790, 21316: 63756, 21317: 1113, 21318: 64790, 21319: 1347, 21322: 82080, 21324: 395, 21325: 78626, 21326: 13828, 21327: 395, 21328: 13828, 21329: 550, 21331: 65877, 21333: 51797, 21334: 57455, 21335: 1113, 21336: 85669, 21338: 226, 21339: 71117, 21340: 1457, 21341: 1294, 21344: 51797, 21345: 0, 21346: 70500, 21348: 1193, 21349: 0, 21351: 72051, 21354: 13828, 21356: 57309, 21357: 64727, 21358: 226, 21363: 1412, 21366: 51797, 21369: 1347, 21370: 1357, 21378: 1014, 21384: 46494, 21398: 550, 21445: 53429, 21446: 57070, 21447: 1399, 21448: 69990, 21450: 78645, 21454: 48922, 21455: 1014, 21460: 1482, 21462: 1585, 21463: 75453, 21465: 0, 21468: 1391, 21470: 226, 21474: 686, 21475: 1012, 21477: 91896, 21478: 61726, 21479: 1107, 21480: 519, 21481: 1161, 21482: 1161, 21483: 70373, 21484: 69995, 21487: 51797, 21488: 65161, 21489: 91053, 21490: 1259, 21491: 1113, 21492: 1161, 21493: 50453, 21494: 342}",0.0,filho
645336.6691169996,Cruzamento,1733628468.3159661,75,"{20331: 1294, 20332: 70342, 20333: 1482, 20334: 82085, 20335: 1294, 20336: 57257, 20337: 65341, 20338: 1182, 20339: 1084, 20340: 57309, 20341: 765, 20342: 2048, 20343: 69242, 20344: 849, 20345: 63099, 20346: 1583, 20347: 1084, 20348: 69242, 20349: 1291, 20350: 1291, 20351: 46793, 20352: 46793, 20353: 1084, 20354: 75421, 20355: 51797, 20356: 1412, 20357: 1291, 20358: 2048, 20359: 765, 20360: 2048, 20361: 58096, 20362: 1412, 20363: 1489, 20364: 184, 20365: 1617, 20366: 70171, 20367: 57309, 20368: 90927, 20369: 1617, 20370: 48266, 20371: 70373, 20372: 49332, 20373: 1291, 20378: 1182, 20379: 69990, 20380: 70342, 20381: 57070, 20383: 1583, 20384: 686, 20385: 75421, 20386: 68182, 20387: 75421, 20388: 13699, 20389: 68182, 20392: 1291, 20393: 63099, 20394: 75453, 20395: 48266, 20396: 1543, 20397: 849, 20398: 75421, 20399: 70342, 20400: 58096, 20401: 57455, 20402: 1489, 20403: 1084, 20404: 57455, 20405: 1288, 20406: 519, 20407: 743, 20408: 71117, 20409: 1288, 20410: 57381, 20411: 449, 20412: 226, 20413: 58096, 20414: 1014, 20415: 46494, 20416: 805, 20417: 57290, 20418: 683, 20419: 1617, 20421: 65341, 20422: 82085, 20423: 1585, 20427: 68173, 20428: 78645, 20429: 48922, 20432: 44206, 20433: 1502, 20434: 57290, 20436: 182, 20437: 1188, 20438: 1502, 20439: 57381, 20440: 73383, 20441: 70342, 20442: 57381, 20443: 13828, 20444: 71117, 20445: 683, 20446: 1502, 20447: 71117, 20449: 50588, 20450: 913, 20451: 80479, 20452: 80479, 20453: 35245, 20454: 69995, 20455: 52945, 20456: 70342, 20457: 46793, 20458: 1012, 20459: 51797, 20460: 63756, 20461: 35245, 20462: 64790, 20463: 57257, 20465: 57070, 20466: 63756, 20467: 849, 20468: 743, 20469: 67720, 20471: 1014, 20472: 13828, 20473: 1188, 20475: 67720, 20476: 1259, 20481: 71117, 20482: 35245, 20484: 85646, 20485: 46793, 20486: 913, 20487: 743, 20488: 44206, 20489: 683, 20490: 519, 20491: 78645, 20492: 57381, 20493: 82080, 20494: 91896, 20495: 1585, 20496: 58096, 20497: 54448, 20499: 1054, 20501: 1347, 20503: 35259, 20504: 57070, 20505: 83288, 20506: 1012, 20507: 46494, 20508: 69995, 20509: 1012, 20510: 52945, 20511: 64727, 20512: 54448, 20513: 1291, 20514: 146, 20515: 52945, 20517: 35245, 20518: 226, 20519: 75379, 20520: 69995, 20521: 50588, 20522: 52945, 20523: 1543, 20524: 449, 20525: 728, 20527: 1617, 20528: 44206, 20530: 72051, 20531: 13828, 20532: 1259, 20533: 69990, 20534: 46793, 20535: 75958, 20536: 68173, 20537: 1617, 20538: 690, 20539: 69990, 20540: 1617, 20541: 71117, 20542: 1288, 20543: 449, 20544: 1014, 20545: 1585, 20546: 91896, 20547: 57070, 20549: 80479, 20550: 63270, 20552: 46494, 20553: 71117, 20554: 1288, 20555: 61726, 20556: 78631, 20557: 1391, 20558: 1502, 20559: 1399, 20560: 686, 20561: 46494, 20563: 65877, 20564: 1167, 20565: 85710, 20567: 69990, 20569: 51797, 20570: 743, 20571: 68173, 20572: 1347, 20573: 690, 20574: 67720, 20575: 449, 20576: 728, 20577: 48922, 20578: 1014, 20579: 1347, 20580: 35259, 20581: 75958, 20582: 48922, 20583: 743, 20584: 1347, 20585: 1543, 20587: 1161, 20588: 1012, 20589: 65161, 20590: 395, 20591: 449, 20592: 1188, 20593: 57290, 20594: 690, 20595: 522, 20596: 73383, 20597: 805, 20599: 1012, 20600: 63270, 20601: 63270, 20602: 35245, 20605: 226, 20606: 1161, 20607: 52945, 20608: 58096, 20609: 1173, 20610: 1084, 20611: 65877, 20612: 75453, 20613: 1457, 20614: 57309, 20615: 69995, 20616: 849, 20617: 1167, 20618: 1540, 20619: 765, 20620: 1457, 20621: 1167, 20622: 686, 20624: 1457, 20625: 65877, 20626: 686, 20628: 686, 20630: 66626, 20631: 519, 20633: 1107, 20634: 72051, 20635: 1084, 20636: 913, 20637: 1391, 20638: 146, 20639: 85669, 20640: 57639, 20641: 52945, 20642: 1391, 20643: 1193, 20645: 1391, 20646: 953, 20647: 686, 20648: 58096, 20650: 58096, 20651: 62344, 20652: 686, 20653: 1193, 20654: 85669, 20655: 1412, 20656: 184, 20659: 1585, 20661: 69995, 20662: 70373, 20663: 913, 20669: 522, 20670: 78631, 20671: 57639, 20672: 35259, 20673: 57972, 20675: 61726, 20676: 57972, 20677: 73235, 20678: 62344, 20680: 68173, 20681: 449, 20684: 1347, 20688: 1617, 20689: 69995, 20690: 52945, 20692: 57257, 20693: 85669, 20694: 66626, 20695: 1489, 20696: 1173, 20697: 1182, 20698: 58543, 20699: 63756, 20700: 50588, 20701: 913, 20702: 1167, 20703: 54448, 20704: 66626, 20705: 75379, 20706: 1182, 20707: 70342, 20708: 46494, 20709: 1161, 20710: 1161, 20711: 1543, 20712: 0, 20713: 75421, 20714: 52945, 20715: 690, 20716: 70342, 20717: 57639, 20719: 1585, 20720: 75453, 20721: 913, 20722: 805, 20723: 51797, 20724: 80479, 20725: 85669, 20726: 46793, 20727: 78631, 20729: 1617, 20730: 88486, 20731: 48922, 20732: 1054, 20734: 1288, 20735: 57309, 20736: 1014, 20737: 73383, 20739: 35259, 20740: 57455, 20741: 686, 20742: 1167, 20743: 1116, 20744: 68650, 20746: 69990, 20747: 91053, 20748: 58096, 20749: 69990, 20750: 686, 20751: 1399, 20752: 1502, 20754: 44206, 20757: 1161, 20758: 1012, 20759: 62344, 20761: 1482, 20762: 75453, 20763: 63099, 20764: 1084, 20765: 63099, 20766: 63099, 20768: 184, 20769: 395, 20770: 77145, 20773: 70500, 20774: 1154, 20775: 69990, 20777: 1391, 20778: 70500, 20779: 1399, 20781: 1457, 20782: 49332, 20784: 57290, 20785: 2048, 20786: 70500, 20789: 1347, 20790: 58543, 20791: 70342, 20792: 46793, 20793: 146, 20794: 49332, 20795: 59008, 20796: 1188, 20797: 75421, 20798: 13699, 20799: 70373, 20800: 1482, 20802: 69242, 20803: 85710, 20804: 57309, 20805: 69242, 20806: 1391, 20807: 72051, 20808: 82067, 20809: 1291, 20810: 63099, 20811: 57070, 20813: 48266, 20814: 1482, 20815: 85687, 20816: 57455, 20817: 85687, 20818: 1391, 20819: 1502, 20820: 1167, 20821: 1116, 20822: 85687, 20823: 46494, 20824: 57417, 20825: 75453, 20826: 75379, 20827: 46494, 20828: 184, 20829: 67720, 20831: 57290, 20832: 57639, 20833: 1291, 20834: 728, 20835: 1502, 20836: 1583, 20837: 57070, 20838: 57070, 20840: 2048, 20841: 1412, 20842: 1357, 20843: 226, 20844: 57455, 20845: 65877, 20846: 1300, 20850: 65877, 20852: 90927, 20853: 51797, 20854: 72051, 20856: 46793, 20858: 48266, 20859: 82070, 20860: 63882, 20861: 63882, 20862: 82070, 20863: 82070, 20864: 395, 20872: 953, 20873: 395, 20874: 0, 20875: 91053, 20876: 683, 20877: 83288, 20881: 75379, 20883: 75453, 20884: 57972, 20885: 59008, 20886: 64727, 20887: 1540, 20888: 82070, 20889: 683, 20890: 64727, 20891: 1391, 20892: 82070, 20894: 85669, 20895: 64790, 20897: 1540, 20900: 1457, 20901: 75379, 20902: 72039, 20904: 63099, 20905: 522, 20906: 765, 20907: 1188, 20909: 65877, 20910: 182, 20911: 849, 20913: 72051, 20916: 85669, 20917: 87001, 20918: 73383, 20919: 63882, 20921: 58543, 20922: 82070, 20923: 690, 20925: 1294, 20926: 85700, 20928: 1300, 20929: 51797, 20930: 61726, 20931: 51797, 20932: 1288, 20933: 57290, 20934: 63099, 20935: 82070, 20936: 91053, 20937: 1399, 20938: 1193, 20939: 1502, 20940: 1223, 20941: 72039, 20942: 1399, 20943: 69985, 20944: 1193, 20948: 83288, 20949: 1193, 20950: 87001, 20951: 1300, 20953: 64727, 20954: 68173, 20955: 1457, 20956: 57639, 20958: 57639, 20959: 65877, 20960: 54448, 20961: 1012, 20962: 1300, 20963: 69995, 20964: 72039, 20965: 91053, 20966: 64790, 20967: 1054, 20968: 44206, 20969: 85700, 20970: 57972, 20971: 63756, 20973: 85710, 20974: 59008, 20975: 1154, 20977: 85710, 20978: 63756, 20979: 0, 20980: 63756, 20981: 49332, 20982: 72039, 20983: 1054, 20985: 72039, 20986: 728, 20987: 64790, 20988: 1054, 20990: 85710, 20992: 68650, 20993: 72039, 20995: 1012, 20997: 83288, 20998: 82070, 20999: 87001, 21000: 63882, 21001: 70500, 21002: 57639, 21003: 57972, 21005: 83288, 21006: 72051, 21007: 2048, 21008: 69995, 21009: 65877, 21011: 72039, 21012: 87001, 21013: 57290, 21014: 65877, 21015: 91053, 21016: 72051, 21017: 64790, 21018: 1193, 21019: 184, 21020: 69985, 21021: 1543, 21022: 75379, 21023: 63270, 21028: 86055, 21030: 85700, 21032: 52945, 21033: 35245, 21034: 1154, 21035: 58543, 21036: 35259, 21037: 1223, 21038: 728, 21039: 63270, 21041: 85700, 21043: 67720, 21045: 1188, 21047: 86055, 21050: 83288, 21053: 1294, 21055: 82080, 21056: 1585, 21057: 1107, 21058: 1107, 21059: 395, 21060: 1107, 21061: 46494, 21062: 1502, 21063: 1014, 21064: 57381, 21065: 1543, 21066: 1188, 21067: 683, 21068: 73383, 21069: 46494, 21070: 69990, 21072: 1107, 21073: 1182, 21074: 67720, 21075: 78645, 21077: 1540, 21084: 1617, 21085: 2114, 21086: 89226, 21087: 87984, 21091: 1012, 21092: 78631, 21093: 63270, 21096: 2114, 21097: 53429, 21098: 65941, 21099: 2114, 21100: 2076, 21101: 57649, 21102: 80140, 21103: 1457, 21104: 51797, 21105: 88653, 21106: 2346, 21107: 62344, 21108: 2346, 21109: 2114, 21110: 90942, 21112: 75379, 21113: 88653, 21115: 2346, 21116: 80140, 21117: 57649, 21118: 88486, 21119: 2076, 21120: 2076, 21121: 74355, 21123: 57649, 21124: 2076, 21125: 53429, 21126: 57649, 21127: 74355, 21128: 57649, 21129: 2114, 21130: 74355, 21132: 53429, 21133: 87984, 21134: 57649, 21135: 88653, 21136: 74355, 21138: 53429, 21139: 88653, 21140: 53429, 21141: 80140, 21142: 2346, 21143: 57649, 21144: 2114, 21145: 88653, 21146: 89226, 21147: 53429, 21148: 2114, 21149: 2076, 21150: 86213, 21151: 87984, 21153: 2114, 21154: 44206, 21155: 86157, 21156: 80140, 21157: 1188, 21159: 89226, 21163: 146, 21164: 86157, 21165: 88653, 21166: 88653, 21167: 80140, 21168: 2114, 21170: 88653, 21171: 53429, 21172: 57649, 21173: 56939, 21174: 90998, 21175: 1223, 21176: 56939, 21177: 56939, 21178: 57649, 21179: 86213, 21180: 90998, 21181: 86213, 21182: 86157, 21184: 56939, 21185: 86213, 21186: 86213, 21187: 0, 21188: 0, 21189: 0, 21190: 78631, 21191: 184, 21192: 59008, 21193: 57639, 21194: 0, 21195: 395, 21196: 1489, 21197: 57649, 21198: 74355, 21199: 2076, 21203: 90998, 21205: 74355, 21206: 86213, 21208: 87984, 21209: 89226, 21223: 683, 21226: 683, 21227: 1585, 21228: 68173, 21229: 0, 21230: 69990, 21231: 519, 21232: 57381, 21233: 1259, 21234: 805, 21235: 690, 21236: 71117, 21237: 71117, 21238: 1288, 21239: 805, 21240: 82080, 21241: 395, 21244: 64727, 21249: 0, 21262: 1489, 21265: 68182, 21271: 65161, 21279: 91053, 21280: 57639, 21288: 63756, 21290: 59008, 21298: 72051, 21303: 1457, 21304: 46494, 21305: 1294, 21306: 1167, 21307: 728, 21308: 1294, 21311: 1347, 21312: 88486, 21313: 1054, 21314: 1540, 21315: 1347, 21316: 71117, 21317: 765, 21318: 395, 21319: 1294, 21322: 69985, 21324: 71117, 21325: 550, 21326: 57455, 21327: 519, 21328: 35259, 21329: 805, 21331: 57972, 21333: 51797, 21334: 57455, 21335: 1357, 21336: 765, 21338: 1054, 21339: 1457, 21340: 1294, 21341: 765, 21344: 1288, 21345: 0, 21346: 57309, 21348: 63099, 21349: 0, 21351: 1259, 21354: 78626, 21356: 77145, 21357: 85646, 21358: 35245, 21363: 1347, 21366: 65941, 21369: 88486, 21370: 1054, 21378: 70342, 21384: 1188, 21398: 805, 21445: 2114, 21446: 62344, 21447: 1347, 21448: 67720, 21450: 1014, 21454: 68173, 21455: 683, 21460: 0, 21462: 82080, 21463: 75453, 21465: 0, 21468: 1391, 21470: 226, 21474: 686, 21475: 1012, 21477: 91896, 21478: 61726, 21479: 1107, 21480: 519, 21481: 1161, 21482: 1161, 21483: 70373, 21484: 69995, 21487: 51797, 21488: 65161, 21489: 91053, 21490: 1259, 21491: 1113, 21492: 1161, 21493: 50453, 21494: 342}",0.0,filho
649060.7271396669,Cruzamento,1733628468.3159661,75,"{20331: 1294, 20332: 70342, 20333: 1482, 20334: 82085, 20335: 1294, 20336: 57257, 20337: 65341, 20338: 1182, 20339: 1084, 20340: 57309, 20341: 765, 20342: 2048, 20343: 69242, 20344: 849, 20345: 57257, 20346: 1412, 20347: 63099, 20348: 1084, 20349: 75453, 20350: 63099, 20351: 75453, 20352: 69242, 20353: 70342, 20354: 849, 20355: 1489, 20356: 1489, 20357: 849, 20358: 70342, 20359: 57257, 20360: 2048, 20361: 58096, 20362: 1412, 20363: 1489, 20364: 184, 20365: 1617, 20366: 70171, 20367: 57309, 20368: 90927, 20369: 1617, 20370: 48266, 20371: 70373, 20372: 49332, 20373: 1291, 20378: 1182, 20379: 69990, 20380: 70342, 20381: 57070, 20383: 1583, 20384: 686, 20385: 75421, 20386: 68182, 20387: 75421, 20388: 13699, 20389: 68182, 20392: 1291, 20393: 63099, 20394: 75453, 20395: 48266, 20396: 1543, 20397: 849, 20398: 75421, 20399: 70342, 20400: 58096, 20401: 57455, 20402: 1489, 20403: 1084, 20404: 57455, 20405: 1288, 20406: 519, 20407: 743, 20408: 71117, 20409: 1288, 20410: 57381, 20411: 449, 20412: 226, 20413: 58096, 20414: 1014, 20415: 46494, 20416: 805, 20417: 57290, 20418: 683, 20419: 1617, 20421: 65341, 20422: 82085, 20423: 1585, 20427: 68173, 20428: 78645, 20429: 48922, 20432: 44206, 20433: 1502, 20434: 57290, 20436: 182, 20437: 1188, 20438: 1502, 20439: 57381, 20440: 73383, 20441: 70342, 20442: 57381, 20443: 13828, 20444: 71117, 20445: 683, 20446: 1502, 20447: 71117, 20449: 50588, 20450: 913, 20451: 80479, 20452: 80479, 20453: 35245, 20454: 69995, 20455: 52945, 20456: 70342, 20457: 46793, 20458: 1012, 20459: 51797, 20460: 63756, 20461: 35245, 20462: 64790, 20463: 57257, 20465: 57070, 20466: 63756, 20467: 849, 20468: 743, 20469: 67720, 20471: 1014, 20472: 13828, 20473: 1188, 20475: 67720, 20476: 1259, 20481: 71117, 20482: 35245, 20484: 85646, 20485: 46793, 20486: 913, 20487: 743, 20488: 44206, 20489: 683, 20490: 519, 20491: 78645, 20492: 57381, 20493: 82080, 20494: 91896, 20495: 1585, 20496: 58096, 20497: 54448, 20499: 1054, 20501: 1347, 20503: 35259, 20504: 57070, 20505: 83288, 20506: 1012, 20507: 46494, 20508: 69995, 20509: 1012, 20510: 52945, 20511: 64727, 20512: 54448, 20513: 1291, 20514: 146, 20515: 52945, 20517: 35245, 20518: 226, 20519: 75379, 20520: 69995, 20521: 50588, 20522: 52945, 20523: 1543, 20524: 449, 20525: 728, 20527: 1617, 20528: 44206, 20530: 72051, 20531: 13828, 20532: 1259, 20533: 69990, 20534: 46793, 20535: 75958, 20536: 68173, 20537: 1617, 20538: 690, 20539: 69990, 20540: 1617, 20541: 71117, 20542: 1288, 20543: 449, 20544: 1014, 20545: 1585, 20546: 91896, 20547: 57070, 20549: 80479, 20550: 63270, 20552: 46494, 20553: 71117, 20554: 1288, 20555: 61726, 20556: 78631, 20557: 1391, 20558: 1502, 20559: 1399, 20560: 686, 20561: 46494, 20563: 65877, 20564: 1167, 20565: 85710, 20567: 69990, 20569: 51797, 20570: 743, 20571: 68173, 20572: 1347, 20573: 690, 20574: 67720, 20575: 449, 20576: 728, 20577: 48922, 20578: 1014, 20579: 1347, 20580: 35259, 20581: 75958, 20582: 48922, 20583: 743, 20584: 1347, 20585: 1543, 20587: 1161, 20588: 1012, 20589: 65161, 20590: 395, 20591: 449, 20592: 1188, 20593: 57290, 20594: 690, 20595: 522, 20596: 73383, 20597: 805, 20599: 1012, 20600: 63270, 20601: 63270, 20602: 35245, 20605: 226, 20606: 1161, 20607: 52945, 20608: 58096, 20609: 1173, 20610: 1084, 20611: 65877, 20612: 75453, 20613: 1457, 20614: 57309, 20615: 69995, 20616: 849, 20617: 1167, 20618: 1540, 20619: 765, 20620: 1457, 20621: 1167, 20622: 686, 20624: 1457, 20625: 65877, 20626: 686, 20628: 686, 20630: 66626, 20631: 519, 20633: 1107, 20634: 72051, 20635: 1084, 20636: 913, 20637: 1391, 20638: 146, 20639: 85669, 20640: 57639, 20641: 52945, 20642: 1391, 20643: 1193, 20645: 1391, 20646: 953, 20647: 686, 20648: 58096, 20650: 58096, 20651: 62344, 20652: 686, 20653: 1193, 20654: 85669, 20655: 1412, 20656: 184, 20659: 1585, 20661: 69995, 20662: 70373, 20663: 913, 20669: 522, 20670: 78631, 20671: 57639, 20672: 35259, 20673: 57972, 20675: 61726, 20676: 57972, 20677: 73235, 20678: 62344, 20680: 68173, 20681: 449, 20684: 1347, 20688: 1617, 20689: 69995, 20690: 52945, 20692: 57257, 20693: 85669, 20694: 66626, 20695: 1489, 20696: 1173, 20697: 1182, 20698: 58543, 20699: 63756, 20700: 50588, 20701: 913, 20702: 1167, 20703: 54448, 20704: 66626, 20705: 75379, 20706: 1182, 20707: 70342, 20708: 46494, 20709: 1161, 20710: 1161, 20711: 1543, 20712: 0, 20713: 75421, 20714: 52945, 20715: 690, 20716: 70342, 20717: 57639, 20719: 1585, 20720: 75453, 20721: 913, 20722: 805, 20723: 51797, 20724: 80479, 20725: 85669, 20726: 46793, 20727: 78631, 20729: 1617, 20730: 88486, 20731: 48922, 20732: 1054, 20734: 1288, 20735: 57309, 20736: 1014, 20737: 73383, 20739: 35259, 20740: 57455, 20741: 686, 20742: 1167, 20743: 1116, 20744: 68650, 20746: 69990, 20747: 91053, 20748: 58096, 20749: 69990, 20750: 686, 20751: 1399, 20752: 1502, 20754: 44206, 20757: 1161, 20758: 1012, 20759: 62344, 20761: 1482, 20762: 75453, 20763: 63099, 20764: 1084, 20765: 63099, 20766: 63099, 20768: 184, 20769: 395, 20770: 77145, 20773: 70500, 20774: 1154, 20775: 69990, 20777: 1391, 20778: 70500, 20779: 1399, 20781: 1457, 20782: 49332, 20784: 57290, 20785: 2048, 20786: 70500, 20789: 1347, 20790: 58543, 20791: 70342, 20792: 46793, 20793: 146, 20794: 49332, 20795: 59008, 20796: 1188, 20797: 75421, 20798: 13699, 20799: 70373, 20800: 1482, 20802: 69242, 20803: 85710, 20804: 57309, 20805: 69242, 20806: 1391, 20807: 72051, 20808: 82067, 20809: 1291, 20810: 63099, 20811: 57070, 20813: 48266, 20814: 1482, 20815: 85687, 20816: 57455, 20817: 85687, 20818: 1391, 20819: 1502, 20820: 1167, 20821: 1116, 20822: 85687, 20823: 46494, 20824: 57417, 20825: 75453, 20826: 75379, 20827: 46494, 20828: 184, 20829: 67720, 20831: 57290, 20832: 57639, 20833: 1291, 20834: 728, 20835: 1502, 20836: 1583, 20837: 57070, 20838: 57070, 20840: 2048, 20841: 1412, 20842: 1357, 20843: 226, 20844: 57455, 20845: 65877, 20846: 1300, 20850: 65877, 20852: 90927, 20853: 51797, 20854: 72051, 20856: 46793, 20858: 48266, 20859: 82070, 20860: 63882, 20861: 63882, 20862: 82070, 20863: 82070, 20864: 395, 20872: 953, 20873: 395, 20874: 0, 20875: 91053, 20876: 683, 20877: 83288, 20881: 75379, 20883: 75453, 20884: 57972, 20885: 59008, 20886: 64727, 20887: 1540, 20888: 82070, 20889: 683, 20890: 64727, 20891: 1391, 20892: 82070, 20894: 85669, 20895: 64790, 20897: 1540, 20900: 1457, 20901: 75379, 20902: 72039, 20904: 63099, 20905: 522, 20906: 765, 20907: 1188, 20909: 65877, 20910: 182, 20911: 849, 20913: 72051, 20916: 85669, 20917: 87001, 20918: 73383, 20919: 63882, 20921: 58543, 20922: 82070, 20923: 690, 20925: 1294, 20926: 85700, 20928: 1300, 20929: 51797, 20930: 61726, 20931: 51797, 20932: 1288, 20933: 57290, 20934: 63099, 20935: 82070, 20936: 91053, 20937: 1399, 20938: 1193, 20939: 1502, 20940: 1223, 20941: 72039, 20942: 1399, 20943: 69985, 20944: 1193, 20948: 83288, 20949: 1193, 20950: 87001, 20951: 1300, 20953: 64727, 20954: 68173, 20955: 1457, 20956: 57639, 20958: 57639, 20959: 65877, 20960: 54448, 20961: 1012, 20962: 1300, 20963: 69995, 20964: 72039, 20965: 91053, 20966: 64790, 20967: 1054, 20968: 44206, 20969: 85700, 20970: 57972, 20971: 63756, 20973: 85710, 20974: 59008, 20975: 1154, 20977: 85710, 20978: 63756, 20979: 0, 20980: 63756, 20981: 49332, 20982: 72039, 20983: 1054, 20985: 72039, 20986: 728, 20987: 64790, 20988: 1054, 20990: 85710, 20992: 68650, 20993: 72039, 20995: 1012, 20997: 83288, 20998: 82070, 20999: 87001, 21000: 63882, 21001: 70500, 21002: 57639, 21003: 57972, 21005: 83288, 21006: 72051, 21007: 2048, 21008: 69995, 21009: 65877, 21011: 72039, 21012: 87001, 21013: 57290, 21014: 65877, 21015: 91053, 21016: 72051, 21017: 64790, 21018: 1193, 21019: 184, 21020: 69985, 21021: 1543, 21022: 75379, 21023: 63270, 21028: 86055, 21030: 85700, 21032: 52945, 21033: 35245, 21034: 1154, 21035: 58543, 21036: 35259, 21037: 1223, 21038: 728, 21039: 63270, 21041: 85700, 21043: 67720, 21045: 1188, 21047: 86055, 21050: 83288, 21053: 1294, 21055: 82080, 21056: 1585, 21057: 1107, 21058: 1107, 21059: 395, 21060: 1107, 21061: 46494, 21062: 1502, 21063: 1014, 21064: 57381, 21065: 1543, 21066: 1188, 21067: 683, 21068: 73383, 21069: 46494, 21070: 69990, 21072: 1107, 21073: 1182, 21074: 67720, 21075: 78645, 21077: 1540, 21084: 1617, 21085: 2114, 21086: 89226, 21087: 87984, 21091: 1012, 21092: 78631, 21093: 63270, 21096: 2114, 21097: 53429, 21098: 65941, 21099: 2114, 21100: 2076, 21101: 57649, 21102: 80140, 21103: 1457, 21104: 51797, 21105: 88653, 21106: 2346, 21107: 62344, 21108: 2346, 21109: 2114, 21110: 90942, 21112: 75379, 21113: 88653, 21115: 2346, 21116: 80140, 21117: 57649, 21118: 88486, 21119: 2076, 21120: 2076, 21121: 74355, 21123: 57649, 21124: 2076, 21125: 53429, 21126: 57649, 21127: 56939, 21128: 74355, 21129: 74355, 21130: 53429, 21132: 57649, 21133: 87984, 21134: 53429, 21135: 56939, 21136: 53429, 21138: 57649, 21139: 56939, 21140: 57649, 21141: 86157, 21142: 80140, 21143: 53429, 21144: 2114, 21145: 53429, 21146: 89226, 21147: 88653, 21148: 53429, 21149: 80140, 21150: 80140, 21151: 86213, 21153: 53429, 21154: 1223, 21155: 86157, 21156: 87984, 21157: 1288, 21159: 2346, 21163: 146, 21164: 86157, 21165: 80140, 21166: 90998, 21167: 87984, 21168: 90998, 21170: 90998, 21171: 86213, 21172: 57649, 21173: 2076, 21174: 2114, 21175: 0, 21176: 2076, 21177: 87984, 21178: 88653, 21179: 56939, 21180: 2346, 21181: 57649, 21182: 86157, 21184: 87984, 21185: 0, 21186: 2076, 21187: 0, 21188: 0, 21189: 0, 21190: 63270, 21191: 184, 21192: 1223, 21193: 70500, 21194: 0, 21195: 1167, 21196: 70342, 21197: 74355, 21198: 2114, 21199: 86213, 21203: 2076, 21205: 53429, 21206: 86213, 21208: 87984, 21209: 89226, 21223: 1585, 21226: 1014, 21227: 69985, 21228: 46494, 21229: 395, 21230: 78645, 21231: 395, 21232: 1259, 21233: 683, 21234: 70342, 21235: 1259, 21236: 57381, 21237: 71117, 21238: 1543, 21239: 72051, 21240: 1107, 21241: 1347, 21244: 66626, 21249: 1012, 21262: 57070, 21265: 13699, 21271: 91053, 21279: 59008, 21280: 59008, 21288: 57290, 21290: 51797, 21298: 57639, 21303: 1347, 21304: 35259, 21305: 35259, 21306: 226, 21307: 64790, 21308: 1113, 21311: 1540, 21312: 1294, 21313: 35259, 21314: 88486, 21315: 57417, 21316: 1054, 21317: 1347, 21318: 57455, 21319: 51797, 21322: 690, 21324: 13828, 21325: 13828, 21326: 35259, 21327: 1347, 21328: 519, 21329: 78626, 21331: 72039, 21333: 57455, 21334: 57455, 21335: 226, 21336: 765, 21338: 1502, 21339: 1054, 21340: 1107, 21341: 1294, 21344: 1300, 21345: 72039, 21346: 91053, 21348: 63099, 21349: 0, 21351: 69990, 21354: 519, 21356: 90927, 21357: 75379, 21358: 184, 21363: 57257, 21366: 65941, 21369: 765, 21370: 63756, 21378: 68173, 21384: 44206, 21398: 78626, 21445: 74355, 21446: 58096, 21447: 1357, 21448: 35259, 21450: 69990, 21454: 48922, 21455: 1014, 21460: 1482, 21462: 1585, 21463: 75453, 21465: 0, 21468: 1391, 21470: 226, 21474: 686, 21475: 1012, 21477: 91896, 21478: 61726, 21479: 1107, 21480: 519, 21481: 1161, 21482: 1161, 21483: 70373, 21484: 69995, 21487: 51797, 21488: 65161, 21489: 91053, 21490: 1259, 21491: 1113, 21492: 1161, 21493: 50453, 21494: 342}",0.0,filho
643589.241422999,Cruzamento,1733628471.432201,76,"{20331: 57309, 20332: 65341, 20333: 82085, 20334: 57070, 20335: 1182, 20336: 1489, 20337: 1291, 20338: 1084, 20339: 184, 20340: 57309, 20341: 65341, 20342: 1182, 20343: 1489, 20344: 1489, 20345: 68182, 20346: 70373, 20347: 70342, 20348: 1084, 20349: 63099, 20350: 57309, 20351: 51797, 20352: 58096, 20353: 46793, 20354: 849, 20355: 48266, 20356: 1291, 20357: 58096, 20358: 1084, 20359: 46793, 20360: 69990, 20361: 1412, 20362: 765, 20363: 57455, 20364: 1291, 20365: 82085, 20366: 75453, 20367: 90927, 20368: 1617, 20369: 65341, 20370: 70342, 20371: 57070, 20372: 48266, 20373: 1412, 20378: 82085, 20379: 57455, 20380: 1391, 20381: 686, 20383: 13699, 20384: 686, 20385: 69990, 20386: 57257, 20387: 13699, 20388: 75421, 20389: 68182, 20392: 63099, 20393: 58096, 20394: 51797, 20395: 184, 20396: 1347, 20397: 65341, 20398: 2048, 20399: 805, 20400: 1084, 20401: 1482, 20402: 46793, 20403: 1482, 20404: 67720, 20405: 1107, 20406: 57381, 20407: 1502, 20408: 743, 20409: 743, 20410: 1347, 20411: 395, 20412: 1585, 20413: 1489, 20414: 449, 20415: 1188, 20416: 67720, 20417: 519, 20418: 46494, 20419: 71117, 20421: 1347, 20422: 1617, 20423: 1585, 20427: 72051, 20428: 48922, 20429: 44206, 20432: 683, 20433: 1502, 20434: 690, 20436: 1259, 20437: 57381, 20438: 48922, 20439: 683, 20440: 69985, 20441: 690, 20442: 69242, 20443: 46494, 20444: 522, 20445: 522, 20446: 69242, 20447: 69242, 20449: 69995, 20450: 57455, 20451: 1012, 20452: 54448, 20453: 1585, 20454: 50588, 20455: 52945, 20456: 50588, 20457: 63756, 20458: 65161, 20459: 1585, 20460: 1161, 20461: 80479, 20462: 57290, 20463: 1412, 20465: 69990, 20466: 1012, 20467: 57257, 20468: 67720, 20469: 743, 20471: 1014, 20472: 71117, 20473: 1107, 20475: 805, 20476: 690, 20481: 1107, 20482: 35245, 20484: 75379, 20485: 69995, 20486: 54448, 20487: 1502, 20488: 1188, 20489: 728, 20490: 71117, 20491: 57381, 20492: 44206, 20493: 1014, 20494: 91896, 20495: 72051, 20496: 849, 20497: 69995, 20499: 88486, 20501: 71117, 20503: 1357, 20504: 765, 20505: 1167, 20506: 1294, 20507: 65877, 20508: 54448, 20509: 46793, 20510: 52945, 20511: 75379, 20512: 52945, 20513: 1291, 20514: 69995, 20515: 70342, 20517: 63270, 20518: 913, 20519: 1012, 20520: 54448, 20521: 63270, 20522: 913, 20523: 519, 20524: 70342, 20525: 1259, 20527: 68173, 20528: 57381, 20530: 91896, 20531: 182, 20532: 71117, 20533: 75421, 20534: 35245, 20535: 71117, 20536: 44206, 20537: 75958, 20538: 35259, 20539: 70342, 20540: 67720, 20541: 1014, 20542: 48922, 20543: 59008, 20544: 1014, 20545: 449, 20546: 1585, 20547: 69995, 20549: 913, 20550: 1161, 20552: 1502, 20553: 728, 20554: 1188, 20555: 85710, 20556: 1182, 20557: 849, 20558: 1399, 20559: 1391, 20560: 1116, 20561: 57070, 20563: 78631, 20564: 44206, 20565: 1167, 20567: 1457, 20569: 63756, 20570: 59008, 20571: 743, 20572: 68173, 20573: 728, 20574: 70342, 20575: 1347, 20576: 44206, 20577: 690, 20578: 91896, 20579: 75958, 20580: 449, 20581: 69990, 20582: 35259, 20583: 69985, 20584: 91896, 20585: 75379, 20587: 63756, 20588: 85646, 20589: 913, 20590: 46494, 20591: 1259, 20592: 57290, 20593: 69985, 20594: 70342, 20595: 1502, 20596: 67720, 20597: 69985, 20599: 1585, 20600: 75379, 20601: 1161, 20602: 226, 20605: 35245, 20606: 64727, 20607: 1585, 20608: 1223, 20609: 64727, 20610: 1482, 20611: 65877, 20612: 69995, 20613: 1457, 20614: 69995, 20615: 686, 20616: 69990, 20617: 1540, 20618: 1116, 20619: 85710, 20620: 1107, 20621: 1107, 20622: 75453, 20624: 75453, 20625: 686, 20626: 953, 20628: 953, 20630: 66626, 20631: 1543, 20633: 46494, 20634: 690, 20635: 68182, 20636: 54448, 20637: 75421, 20638: 1288, 20639: 1391, 20640: 85669, 20641: 57639, 20642: 1193, 20643: 62344, 20645: 52945, 20646: 52945, 20647: 1193, 20648: 58096, 20650: 953, 20651: 85669, 20652: 1391, 20653: 57639, 20654: 686, 20655: 1583, 20656: 70342, 20659: 1173, 20661: 75379, 20662: 75453, 20663: 913, 20669: 69985, 20670: 35259, 20671: 57639, 20672: 65877, 20673: 73235, 20675: 61726, 20676: 75453, 20677: 1540, 20678: 78631, 20680: 1543, 20681: 728, 20684: 743, 20688: 82080, 20689: 1161, 20690: 66626, 20692: 57257, 20693: 58543, 20694: 913, 20695: 1489, 20696: 1161, 20697: 184, 20698: 62344, 20699: 50588, 20700: 1173, 20701: 63756, 20702: 1182, 20703: 54448, 20704: 63756, 20705: 64727, 20706: 69242, 20707: 63756, 20708: 1054, 20709: 1161, 20710: 1161, 20711: 68173, 20712: 0, 20713: 75421, 20714: 52945, 20715: 73383, 20716: 70342, 20717: 58543, 20719: 52945, 20720: 46793, 20721: 1012, 20722: 46494, 20723: 184, 20724: 46793, 20725: 78631, 20726: 80479, 20727: 1347, 20729: 1412, 20730: 57972, 20731: 1014, 20732: 83288, 20734: 57455, 20735: 62344, 20736: 73383, 20737: 59008, 20739: 75379, 20740: 1543, 20741: 85710, 20742: 75379, 20743: 686, 20744: 395, 20746: 1457, 20747: 49332, 20748: 1357, 20749: 63756, 20750: 1012, 20751: 85710, 20752: 46494, 20754: 1259, 20757: 1012, 20758: 35245, 20759: 58096, 20761: 63099, 20762: 75453, 20763: 1084, 20764: 1617, 20765: 1482, 20766: 75453, 20768: 0, 20769: 449, 20770: 77145, 20773: 63270, 20774: 1300, 20775: 57070, 20777: 57070, 20778: 146, 20779: 1347, 20781: 1543, 20782: 1223, 20784: 146, 20785: 146, 20786: 1154, 20789: 690, 20790: 58543, 20791: 1583, 20792: 49332, 20793: 728, 20794: 48266, 20795: 44206, 20796: 78631, 20797: 69242, 20798: 75421, 20799: 2048, 20800: 13699, 20802: 13828, 20803: 1288, 20804: 1154, 20805: 13699, 20806: 1391, 20807: 522, 20808: 85687, 20809: 1347, 20810: 46793, 20811: 70342, 20813: 70373, 20814: 2048, 20815: 85687, 20816: 184, 20817: 85687, 20818: 1347, 20819: 1502, 20820: 62344, 20821: 62344, 20822: 849, 20823: 805, 20824: 57309, 20825: 78631, 20826: 184, 20827: 69990, 20828: 70500, 20829: 1347, 20831: 57290, 20832: 1182, 20833: 1294, 20834: 72051, 20835: 1399, 20836: 58096, 20837: 70373, 20838: 1502, 20840: 49332, 20841: 1182, 20842: 58096, 20843: 1223, 20844: 82085, 20845: 85669, 20846: 1300, 20850: 72039, 20852: 1391, 20853: 1167, 20854: 82080, 20856: 46793, 20858: 70373, 20859: 82070, 20860: 82070, 20861: 63882, 20862: 63882, 20863: 82070, 20864: 395, 20872: 953, 20873: 35245, 20874: 0, 20875: 91053, 20876: 13828, 20877: 57972, 20881: 57417, 20883: 57639, 20884: 83288, 20885: 1391, 20886: 67720, 20887: 1457, 20888: 82070, 20889: 1502, 20890: 91053, 20891: 1391, 20892: 72039, 20894: 765, 20895: 44206, 20897: 85669, 20900: 1167, 20901: 68650, 20902: 83288, 20904: 1188, 20905: 73383, 20906: 849, 20907: 1188, 20909: 65877, 20910: 72051, 20911: 1107, 20913: 73383, 20916: 1116, 20917: 84328, 20918: 69990, 20919: 84328, 20921: 63099, 20922: 82070, 20923: 57381, 20925: 1294, 20926: 65941, 20928: 1300, 20929: 51797, 20930: 0, 20931: 1223, 20932: 64790, 20933: 743, 20934: 1193, 20935: 63882, 20936: 65941, 20937: 67720, 20938: 1193, 20939: 395, 20940: 65161, 20941: 87001, 20942: 75379, 20943: 57290, 20944: 59008, 20948: 65877, 20949: 1193, 20950: 63882, 20951: 64790, 20953: 64727, 20954: 48922, 20955: 1116, 20956: 58096, 20958: 63756, 20959: 87001, 20960: 1399, 20961: 1502, 20962: 184, 20963: 146, 20964: 72039, 20965: 65941, 20966: 59008, 20967: 85710, 20968: 75453, 20969: 1300, 20970: 72039, 20971: 59008, 20973: 1054, 20974: 63756, 20975: 58096, 20977: 1399, 20978: 1502, 20979: 1193, 20980: 63756, 20981: 57070, 20982: 83288, 20983: 57972, 20985: 83288, 20986: 1167, 20987: 0, 20988: 63756, 20990: 57972, 20992: 57417, 20993: 83288, 20995: 85710, 20997: 72039, 20998: 63882, 20999: 57972, 21000: 82070, 21001: 78631, 21002: 1167, 21003: 57972, 21005: 83288, 21006: 57070, 21007: 1300, 21008: 69995, 21009: 57972, 21011: 87001, 21012: 84328, 21013: 57639, 21014: 65877, 21015: 91053, 21016: 146, 21017: 85700, 21018: 35245, 21019: 63756, 21020: 68173, 21021: 1188, 21022: 63270, 21023: 1457, 21028: 86055, 21030: 85700, 21032: 54448, 21033: 728, 21034: 57417, 21035: 1399, 21036: 91896, 21037: 2048, 21038: 1457, 21039: 1300, 21041: 72051, 21043: 146, 21045: 75453, 21047: 57290, 21050: 57639, 21053: 1294, 21055: 82080, 21056: 57381, 21057: 449, 21058: 63756, 21059: 1107, 21060: 1107, 21061: 78645, 21062: 1014, 21063: 46494, 21064: 1014, 21065: 1188, 21066: 1259, 21067: 683, 21068: 72051, 21069: 72051, 21070: 57290, 21072: 71117, 21073: 69995, 21074: 1617, 21075: 78645, 21077: 1540, 21084: 67720, 21085: 88653, 21086: 90942, 21087: 57649, 21091: 85710, 21092: 58096, 21093: 85646, 21096: 2346, 21097: 74355, 21098: 63756, 21099: 2114, 21100: 2076, 21101: 2346, 21102: 2114, 21103: 1116, 21104: 59008, 21105: 80140, 21106: 2114, 21107: 73235, 21108: 56939, 21109: 56939, 21110: 80140, 21112: 1391, 21113: 89226, 21115: 2114, 21116: 89226, 21117: 80140, 21118: 83288, 21119: 89226, 21120: 2076, 21121: 74355, 21123: 80140, 21124: 88653, 21125: 88653, 21126: 74355, 21127: 56939, 21128: 74355, 21129: 74355, 21130: 53429, 21132: 57649, 21133: 87984, 21134: 53429, 21135: 56939, 21136: 53429, 21138: 57649, 21139: 56939, 21140: 57649, 21141: 86157, 21142: 80140, 21143: 53429, 21144: 2114, 21145: 53429, 21146: 89226, 21147: 88653, 21148: 53429, 21149: 80140, 21150: 80140, 21151: 86213, 21153: 53429, 21154: 1223, 21155: 86157, 21156: 87984, 21157: 1288, 21159: 2346, 21163: 146, 21164: 86157, 21165: 80140, 21166: 90998, 21167: 87984, 21168: 90998, 21170: 90998, 21171: 86213, 21172: 57649, 21173: 2076, 21174: 2114, 21175: 0, 21176: 2076, 21177: 87984, 21178: 88653, 21179: 56939, 21180: 2346, 21181: 57649, 21182: 86157, 21184: 87984, 21185: 0, 21186: 2076, 21187: 0, 21188: 0, 21189: 0, 21190: 63270, 21191: 184, 21192: 1223, 21193: 70500, 21194: 0, 21195: 1167, 21196: 70342, 21197: 74355, 21198: 2114, 21199: 86213, 21203: 2076, 21205: 53429, 21206: 86213, 21208: 87984, 21209: 89226, 21223: 1585, 21226: 1014, 21227: 69985, 21228: 46494, 21229: 395, 21230: 78645, 21231: 395, 21232: 1259, 21233: 683, 21234: 70342, 21235: 1259, 21236: 57381, 21237: 71117, 21238: 1543, 21239: 72051, 21240: 1107, 21241: 1347, 21244: 66626, 21249: 1012, 21262: 57070, 21265: 13699, 21271: 91053, 21279: 59008, 21280: 59008, 21288: 57290, 21290: 51797, 21298: 57639, 21303: 1347, 21304: 35259, 21305: 35259, 21306: 226, 21307: 64790, 21308: 1113, 21311: 1540, 21312: 1294, 21313: 35259, 21314: 88486, 21315: 57417, 21316: 1054, 21317: 1347, 21318: 57455, 21319: 51797, 21322: 690, 21324: 13828, 21325: 13828, 21326: 35259, 21327: 1347, 21328: 519, 21329: 78626, 21331: 72039, 21333: 57455, 21334: 57455, 21335: 226, 21336: 765, 21338: 1502, 21339: 1054, 21340: 1107, 21341: 1294, 21344: 1300, 21345: 72039, 21346: 91053, 21348: 63099, 21349: 0, 21351: 69990, 21354: 519, 21356: 90927, 21357: 75379, 21358: 184, 21363: 57257, 21366: 65941, 21369: 765, 21370: 63756, 21378: 68173, 21384: 44206, 21398: 78626, 21445: 74355, 21446: 62344, 21447: 1347, 21448: 67720, 21450: 1014, 21454: 68173, 21455: 683, 21460: 0, 21462: 82080, 21463: 75453, 21465: 0, 21468: 1391, 21470: 226, 21474: 686, 21475: 1012, 21477: 91896, 21478: 61726, 21479: 1107, 21480: 519, 21481: 1161, 21482: 1161, 21483: 70373, 21484: 69995, 21487: 51797, 21488: 65161, 21489: 91053, 21490: 1259, 21491: 1113, 21492: 1161, 21493: 50453, 21494: 342}",0.0,invalido
647727.9933160002,Cruzamento,1733628474.3334155,77,"{20331: 1294, 20332: 70342, 20333: 1482, 20334: 82085, 20335: 1294, 20336: 57257, 20337: 65341, 20338: 1182, 20339: 1084, 20340: 57309, 20341: 765, 20342: 2048, 20343: 69242, 20344: 849, 20345: 57257, 20346: 1412, 20347: 63099, 20348: 1084, 20349: 75453, 20350: 63099, 20351: 75453, 20352: 69242, 20353: 70342, 20354: 849, 20355: 1489, 20356: 1489, 20357: 849, 20358: 70342, 20359: 57257, 20360: 2048, 20361: 58096, 20362: 1412, 20363: 1489, 20364: 184, 20365: 1617, 20366: 70171, 20367: 57309, 20368: 90927, 20369: 1617, 20370: 48266, 20371: 70373, 20372: 49332, 20373: 1291, 20378: 1182, 20379: 69990, 20380: 70342, 20381: 57070, 20383: 1583, 20384: 686, 20385: 75421, 20386: 68182, 20387: 75421, 20388: 13699, 20389: 68182, 20392: 1291, 20393: 63099, 20394: 75453, 20395: 48266, 20396: 1543, 20397: 849, 20398: 75421, 20399: 70342, 20400: 58096, 20401: 57455, 20402: 1489, 20403: 1084, 20404: 57455, 20405: 1288, 20406: 519, 20407: 743, 20408: 71117, 20409: 1288, 20410: 57381, 20411: 449, 20412: 226, 20413: 58096, 20414: 1014, 20415: 46494, 20416: 805, 20417: 57290, 20418: 683, 20419: 1617, 20421: 65341, 20422: 82085, 20423: 1585, 20427: 68173, 20428: 78645, 20429: 48922, 20432: 44206, 20433: 1502, 20434: 57290, 20436: 182, 20437: 1188, 20438: 1502, 20439: 57381, 20440: 73383, 20441: 70342, 20442: 57381, 20443: 13828, 20444: 71117, 20445: 683, 20446: 1502, 20447: 71117, 20449: 50588, 20450: 913, 20451: 80479, 20452: 80479, 20453: 35245, 20454: 69995, 20455: 52945, 20456: 70342, 20457: 46793, 20458: 1012, 20459: 51797, 20460: 63756, 20461: 35245, 20462: 64790, 20463: 57257, 20465: 57070, 20466: 63756, 20467: 849, 20468: 743, 20469: 67720, 20471: 1014, 20472: 13828, 20473: 1188, 20475: 67720, 20476: 1259, 20481: 71117, 20482: 35245, 20484: 85646, 20485: 46793, 20486: 913, 20487: 743, 20488: 44206, 20489: 683, 20490: 519, 20491: 78645, 20492: 57381, 20493: 82080, 20494: 91896, 20495: 1585, 20496: 58096, 20497: 54448, 20499: 1054, 20501: 1347, 20503: 35259, 20504: 57070, 20505: 83288, 20506: 1012, 20507: 46494, 20508: 69995, 20509: 1012, 20510: 52945, 20511: 64727, 20512: 54448, 20513: 1291, 20514: 146, 20515: 52945, 20517: 35245, 20518: 226, 20519: 75379, 20520: 69995, 20521: 50588, 20522: 52945, 20523: 1543, 20524: 449, 20525: 728, 20527: 1617, 20528: 44206, 20530: 72051, 20531: 13828, 20532: 1259, 20533: 69990, 20534: 46793, 20535: 75958, 20536: 68173, 20537: 1617, 20538: 690, 20539: 69990, 20540: 1617, 20541: 71117, 20542: 1288, 20543: 449, 20544: 1014, 20545: 1585, 20546: 91896, 20547: 57070, 20549: 80479, 20550: 63270, 20552: 46494, 20553: 71117, 20554: 1288, 20555: 61726, 20556: 78631, 20557: 1391, 20558: 1502, 20559: 1399, 20560: 686, 20561: 46494, 20563: 65877, 20564: 1167, 20565: 85710, 20567: 69990, 20569: 51797, 20570: 743, 20571: 68173, 20572: 1347, 20573: 690, 20574: 67720, 20575: 449, 20576: 728, 20577: 48922, 20578: 1014, 20579: 1347, 20580: 35259, 20581: 75958, 20582: 48922, 20583: 743, 20584: 1347, 20585: 1543, 20587: 1161, 20588: 1012, 20589: 65161, 20590: 395, 20591: 449, 20592: 1188, 20593: 57290, 20594: 690, 20595: 522, 20596: 73383, 20597: 805, 20599: 1012, 20600: 63270, 20601: 63270, 20602: 35245, 20605: 226, 20606: 1161, 20607: 52945, 20608: 58096, 20609: 1173, 20610: 1084, 20611: 65877, 20612: 75453, 20613: 1457, 20614: 57309, 20615: 69995, 20616: 849, 20617: 1167, 20618: 1540, 20619: 765, 20620: 1457, 20621: 1167, 20622: 686, 20624: 1457, 20625: 65877, 20626: 686, 20628: 686, 20630: 66626, 20631: 519, 20633: 1107, 20634: 72051, 20635: 1084, 20636: 913, 20637: 1391, 20638: 146, 20639: 85669, 20640: 57639, 20641: 52945, 20642: 1391, 20643: 1193, 20645: 1391, 20646: 953, 20647: 686, 20648: 58096, 20650: 58096, 20651: 62344, 20652: 686, 20653: 1193, 20654: 85669, 20655: 1412, 20656: 184, 20659: 1585, 20661: 69995, 20662: 70373, 20663: 913, 20669: 522, 20670: 78631, 20671: 57639, 20672: 35259, 20673: 57972, 20675: 61726, 20676: 57972, 20677: 73235, 20678: 62344, 20680: 68173, 20681: 449, 20684: 1347, 20688: 1617, 20689: 69995, 20690: 52945, 20692: 57257, 20693: 85669, 20694: 66626, 20695: 1489, 20696: 1173, 20697: 1182, 20698: 58543, 20699: 63756, 20700: 50588, 20701: 913, 20702: 1167, 20703: 54448, 20704: 66626, 20705: 75379, 20706: 1182, 20707: 70342, 20708: 46494, 20709: 1161, 20710: 1161, 20711: 1543, 20712: 0, 20713: 75421, 20714: 52945, 20715: 690, 20716: 70342, 20717: 57639, 20719: 1585, 20720: 75453, 20721: 913, 20722: 805, 20723: 51797, 20724: 80479, 20725: 85669, 20726: 46793, 20727: 78631, 20729: 1617, 20730: 88486, 20731: 48922, 20732: 1054, 20734: 1288, 20735: 57309, 20736: 1014, 20737: 73383, 20739: 35259, 20740: 57455, 20741: 686, 20742: 1167, 20743: 1116, 20744: 68650, 20746: 69990, 20747: 91053, 20748: 58096, 20749: 69990, 20750: 686, 20751: 1399, 20752: 1502, 20754: 44206, 20757: 1161, 20758: 1012, 20759: 62344, 20761: 1482, 20762: 75453, 20763: 63099, 20764: 1084, 20765: 63099, 20766: 63099, 20768: 184, 20769: 395, 20770: 77145, 20773: 70500, 20774: 1154, 20775: 69990, 20777: 1391, 20778: 70500, 20779: 1399, 20781: 1457, 20782: 49332, 20784: 57290, 20785: 2048, 20786: 70500, 20789: 1347, 20790: 58543, 20791: 70342, 20792: 46793, 20793: 146, 20794: 49332, 20795: 59008, 20796: 1188, 20797: 75421, 20798: 13699, 20799: 70373, 20800: 1482, 20802: 69242, 20803: 85710, 20804: 57309, 20805: 69242, 20806: 1391, 20807: 72051, 20808: 82067, 20809: 1291, 20810: 63099, 20811: 57070, 20813: 48266, 20814: 1482, 20815: 85687, 20816: 57455, 20817: 85687, 20818: 1391, 20819: 1502, 20820: 1167, 20821: 1116, 20822: 85687, 20823: 46494, 20824: 57417, 20825: 75453, 20826: 75379, 20827: 46494, 20828: 184, 20829: 67720, 20831: 57290, 20832: 57639, 20833: 1291, 20834: 728, 20835: 1502, 20836: 1583, 20837: 57070, 20838: 57070, 20840: 2048, 20841: 1412, 20842: 1357, 20843: 226, 20844: 57455, 20845: 65877, 20846: 1300, 20850: 65877, 20852: 90927, 20853: 51797, 20854: 72051, 20856: 46793, 20858: 48266, 20859: 82070, 20860: 63882, 20861: 63882, 20862: 82070, 20863: 82070, 20864: 395, 20872: 953, 20873: 395, 20874: 0, 20875: 91053, 20876: 683, 20877: 83288, 20881: 75379, 20883: 75453, 20884: 57972, 20885: 59008, 20886: 64727, 20887: 1540, 20888: 82070, 20889: 683, 20890: 64727, 20891: 1391, 20892: 82070, 20894: 85669, 20895: 64790, 20897: 1540, 20900: 1457, 20901: 75379, 20902: 72039, 20904: 63099, 20905: 522, 20906: 765, 20907: 1188, 20909: 65877, 20910: 182, 20911: 849, 20913: 72051, 20916: 85669, 20917: 87001, 20918: 73383, 20919: 63882, 20921: 58543, 20922: 82070, 20923: 690, 20925: 1294, 20926: 85700, 20928: 1300, 20929: 51797, 20930: 61726, 20931: 51797, 20932: 1288, 20933: 57290, 20934: 63099, 20935: 82070, 20936: 91053, 20937: 1399, 20938: 1193, 20939: 1502, 20940: 1223, 20941: 72039, 20942: 1399, 20943: 69985, 20944: 1193, 20948: 83288, 20949: 1193, 20950: 87001, 20951: 1300, 20953: 64727, 20954: 68173, 20955: 1457, 20956: 57639, 20958: 57639, 20959: 65877, 20960: 54448, 20961: 1012, 20962: 1300, 20963: 69995, 20964: 72039, 20965: 91053, 20966: 64790, 20967: 1054, 20968: 44206, 20969: 85700, 20970: 57972, 20971: 63756, 20973: 85710, 20974: 59008, 20975: 1154, 20977: 85710, 20978: 63756, 20979: 0, 20980: 63756, 20981: 49332, 20982: 72039, 20983: 1054, 20985: 72039, 20986: 728, 20987: 64790, 20988: 1054, 20990: 85710, 20992: 68650, 20993: 72039, 20995: 1012, 20997: 83288, 20998: 82070, 20999: 87001, 21000: 63882, 21001: 70500, 21002: 57639, 21003: 57972, 21005: 83288, 21006: 72051, 21007: 2048, 21008: 69995, 21009: 65877, 21011: 72039, 21012: 87001, 21013: 57290, 21014: 65877, 21015: 91053, 21016: 72051, 21017: 64790, 21018: 1193, 21019: 184, 21020: 69985, 21021: 1543, 21022: 75379, 21023: 63270, 21028: 86055, 21030: 85700, 21032: 52945, 21033: 35245, 21034: 1154, 21035: 58543, 21036: 35259, 21037: 1223, 21038: 728, 21039: 63270, 21041: 85700, 21043: 67720, 21045: 1188, 21047: 86055, 21050: 83288, 21053: 1294, 21055: 82080, 21056: 1585, 21057: 1107, 21058: 1107, 21059: 395, 21060: 1107, 21061: 46494, 21062: 1502, 21063: 1014, 21064: 57381, 21065: 1543, 21066: 1188, 21067: 683, 21068: 73383, 21069: 46494, 21070: 69990, 21072: 1107, 21073: 1182, 21074: 67720, 21075: 78645, 21077: 1540, 21084: 1617, 21085: 88653, 21086: 90942, 21087: 57649, 21091: 85710, 21092: 58096, 21093: 85646, 21096: 2346, 21097: 74355, 21098: 63756, 21099: 2114, 21100: 2076, 21101: 2346, 21102: 2114, 21103: 1116, 21104: 59008, 21105: 80140, 21106: 2114, 21107: 73235, 21108: 56939, 21109: 56939, 21110: 80140, 21112: 1391, 21113: 89226, 21115: 2114, 21116: 89226, 21117: 80140, 21118: 83288, 21119: 89226, 21120: 2076, 21121: 74355, 21123: 80140, 21124: 88653, 21125: 88653, 21126: 74355, 21127: 56939, 21128: 74355, 21129: 74355, 21130: 53429, 21132: 57649, 21133: 87984, 21134: 53429, 21135: 56939, 21136: 53429, 21138: 57649, 21139: 56939, 21140: 57649, 21141: 86157, 21142: 80140, 21143: 53429, 21144: 2114, 21145: 53429, 21146: 89226, 21147: 53429, 21148: 2114, 21149: 2076, 21150: 86213, 21151: 87984, 21153: 2114, 21154: 44206, 21155: 86157, 21156: 80140, 21157: 1188, 21159: 89226, 21163: 146, 21164: 86157, 21165: 88653, 21166: 88653, 21167: 80140, 21168: 2114, 21170: 88653, 21171: 53429, 21172: 57649, 21173: 56939, 21174: 90998, 21175: 1223, 21176: 56939, 21177: 56939, 21178: 57649, 21179: 86213, 21180: 90998, 21181: 86213, 21182: 86157, 21184: 56939, 21185: 86213, 21186: 86213, 21187: 0, 21188: 0, 21189: 0, 21190: 78631, 21191: 184, 21192: 59008, 21193: 57639, 21194: 0, 21195: 395, 21196: 1489, 21197: 57649, 21198: 74355, 21199: 2076, 21203: 90998, 21205: 74355, 21206: 86213, 21208: 87984, 21209: 89226, 21223: 683, 21226: 683, 21227: 1585, 21228: 68173, 21229: 0, 21230: 69990, 21231: 519, 21232: 57381, 21233: 1259, 21234: 805, 21235: 690, 21236: 71117, 21237: 71117, 21238: 1288, 21239: 805, 21240: 82080, 21241: 395, 21244: 64727, 21249: 0, 21262: 1489, 21265: 68182, 21271: 65161, 21279: 91053, 21280: 57639, 21288: 63756, 21290: 59008, 21298: 72051, 21303: 1457, 21304: 46494, 21305: 1294, 21306: 1167, 21307: 728, 21308: 1294, 21311: 1347, 21312: 88486, 21313: 1054, 21314: 1540, 21315: 1347, 21316: 71117, 21317: 765, 21318: 395, 21319: 1294, 21322: 69985, 21324: 71117, 21325: 550, 21326: 57455, 21327: 519, 21328: 35259, 21329: 805, 21331: 57972, 21333: 51797, 21334: 57455, 21335: 1357, 21336: 765, 21338: 1054, 21339: 1457, 21340: 1294, 21341: 765, 21344: 1288, 21345: 0, 21346: 57309, 21348: 63099, 21349: 0, 21351: 1259, 21354: 78626, 21356: 77145, 21357: 85646, 21358: 35245, 21363: 1347, 21366: 65941, 21369: 88486, 21370: 1054, 21378: 70342, 21384: 1188, 21398: 805, 21445: 2114, 21446: 58096, 21447: 1357, 21448: 35259, 21450: 69990, 21454: 48922, 21455: 1014, 21460: 1482, 21462: 1585, 21463: 75453, 21465: 0, 21468: 1391, 21470: 226, 21474: 686, 21475: 1012, 21477: 91896, 21478: 61726, 21479: 1107, 21480: 519, 21481: 1161, 21482: 1161, 21483: 70373, 21484: 69995, 21487: 51797, 21488: 65161, 21489: 91053, 21490: 1259, 21491: 1113, 21492: 1161, 21493: 50453, 21494: 342}",0.0,duplicado
646681.2333576663,Cruzamento,1733628474.3334155,77,"{20331: 1294, 20332: 70342, 20333: 1482, 20334: 82085, 20335: 1294, 20336: 57257, 20337: 65341, 20338: 1182, 20339: 1084, 20340: 57309, 20341: 765, 20342: 2048, 20343: 69242, 20344: 849, 20345: 57257, 20346: 1412, 20347: 63099, 20348: 1084, 20349: 75453, 20350: 63099, 20351: 75453, 20352: 69242, 20353: 70342, 20354: 849, 20355: 1489, 20356: 1489, 20357: 849, 20358: 70342, 20359: 57257, 20360: 2048, 20361: 58096, 20362: 1412, 20363: 1489, 20364: 184, 20365: 1617, 20366: 70171, 20367: 57309, 20368: 90927, 20369: 1617, 20370: 48266, 20371: 70373, 20372: 49332, 20373: 1291, 20378: 1182, 20379: 69990, 20380: 70342, 20381: 57070, 20383: 1583, 20384: 686, 20385: 75421, 20386: 68182, 20387: 75421, 20388: 13699, 20389: 68182, 20392: 1291, 20393: 63099, 20394: 75453, 20395: 48266, 20396: 1543, 20397: 849, 20398: 75421, 20399: 70342, 20400: 58096, 20401: 57455, 20402: 1489, 20403: 1084, 20404: 57455, 20405: 1288, 20406: 519, 20407: 743, 20408: 71117, 20409: 1288, 20410: 57381, 20411: 449, 20412: 226, 20413: 58096, 20414: 1014, 20415: 46494, 20416: 805, 20417: 57290, 20418: 683, 20419: 1617, 20421: 65341, 20422: 82085, 20423: 1585, 20427: 68173, 20428: 78645, 20429: 48922, 20432: 44206, 20433: 1502, 20434: 57290, 20436: 182, 20437: 1188, 20438: 1502, 20439: 57381, 20440: 73383, 20441: 70342, 20442: 57381, 20443: 13828, 20444: 71117, 20445: 683, 20446: 1502, 20447: 71117, 20449: 50588, 20450: 913, 20451: 80479, 20452: 80479, 20453: 35245, 20454: 69995, 20455: 52945, 20456: 70342, 20457: 46793, 20458: 1012, 20459: 51797, 20460: 63756, 20461: 35245, 20462: 64790, 20463: 57257, 20465: 57070, 20466: 63756, 20467: 849, 20468: 743, 20469: 67720, 20471: 1014, 20472: 13828, 20473: 1188, 20475: 67720, 20476: 1259, 20481: 71117, 20482: 35245, 20484: 85646, 20485: 46793, 20486: 913, 20487: 743, 20488: 44206, 20489: 683, 20490: 519, 20491: 78645, 20492: 57381, 20493: 82080, 20494: 91896, 20495: 1585, 20496: 58096, 20497: 54448, 20499: 1054, 20501: 1347, 20503: 35259, 20504: 57070, 20505: 83288, 20506: 1012, 20507: 46494, 20508: 69995, 20509: 1012, 20510: 52945, 20511: 64727, 20512: 54448, 20513: 1291, 20514: 146, 20515: 52945, 20517: 35245, 20518: 226, 20519: 75379, 20520: 69995, 20521: 50588, 20522: 52945, 20523: 1543, 20524: 449, 20525: 728, 20527: 1617, 20528: 44206, 20530: 72051, 20531: 13828, 20532: 1259, 20533: 69990, 20534: 46793, 20535: 75958, 20536: 68173, 20537: 1617, 20538: 690, 20539: 69990, 20540: 1617, 20541: 71117, 20542: 1288, 20543: 449, 20544: 1014, 20545: 1585, 20546: 91896, 20547: 57070, 20549: 80479, 20550: 63270, 20552: 46494, 20553: 71117, 20554: 1288, 20555: 61726, 20556: 78631, 20557: 1391, 20558: 1502, 20559: 1399, 20560: 686, 20561: 46494, 20563: 65877, 20564: 1167, 20565: 85710, 20567: 69990, 20569: 51797, 20570: 743, 20571: 68173, 20572: 1347, 20573: 690, 20574: 67720, 20575: 449, 20576: 728, 20577: 48922, 20578: 1014, 20579: 1347, 20580: 35259, 20581: 75958, 20582: 48922, 20583: 743, 20584: 1347, 20585: 1543, 20587: 1161, 20588: 1012, 20589: 65161, 20590: 395, 20591: 449, 20592: 1188, 20593: 57290, 20594: 690, 20595: 522, 20596: 73383, 20597: 805, 20599: 1012, 20600: 63270, 20601: 63270, 20602: 35245, 20605: 226, 20606: 1161, 20607: 52945, 20608: 58096, 20609: 1173, 20610: 1084, 20611: 65877, 20612: 75453, 20613: 1457, 20614: 57309, 20615: 69995, 20616: 849, 20617: 1167, 20618: 1540, 20619: 765, 20620: 1457, 20621: 1167, 20622: 686, 20624: 1457, 20625: 65877, 20626: 686, 20628: 686, 20630: 66626, 20631: 519, 20633: 1107, 20634: 72051, 20635: 1084, 20636: 913, 20637: 1391, 20638: 146, 20639: 85669, 20640: 57639, 20641: 52945, 20642: 1391, 20643: 1193, 20645: 1391, 20646: 953, 20647: 686, 20648: 58096, 20650: 58096, 20651: 62344, 20652: 686, 20653: 1193, 20654: 85669, 20655: 1412, 20656: 184, 20659: 1585, 20661: 69995, 20662: 70373, 20663: 913, 20669: 522, 20670: 78631, 20671: 57639, 20672: 35259, 20673: 57972, 20675: 61726, 20676: 57972, 20677: 73235, 20678: 62344, 20680: 68173, 20681: 449, 20684: 1347, 20688: 1617, 20689: 69995, 20690: 52945, 20692: 57257, 20693: 85669, 20694: 66626, 20695: 1489, 20696: 1173, 20697: 1182, 20698: 58543, 20699: 63756, 20700: 50588, 20701: 913, 20702: 1167, 20703: 54448, 20704: 66626, 20705: 75379, 20706: 1182, 20707: 70342, 20708: 46494, 20709: 1161, 20710: 1161, 20711: 1543, 20712: 0, 20713: 75421, 20714: 52945, 20715: 690, 20716: 70342, 20717: 57639, 20719: 1585, 20720: 75453, 20721: 913, 20722: 805, 20723: 51797, 20724: 80479, 20725: 85669, 20726: 46793, 20727: 78631, 20729: 1617, 20730: 88486, 20731: 48922, 20732: 1054, 20734: 1288, 20735: 57309, 20736: 1014, 20737: 73383, 20739: 35259, 20740: 57455, 20741: 686, 20742: 1167, 20743: 1116, 20744: 68650, 20746: 69990, 20747: 91053, 20748: 58096, 20749: 69990, 20750: 686, 20751: 1399, 20752: 1502, 20754: 44206, 20757: 1161, 20758: 1012, 20759: 62344, 20761: 1482, 20762: 75453, 20763: 63099, 20764: 1084, 20765: 63099, 20766: 63099, 20768: 184, 20769: 395, 20770: 77145, 20773: 70500, 20774: 1154, 20775: 69990, 20777: 1391, 20778: 70500, 20779: 1399, 20781: 1457, 20782: 49332, 20784: 57290, 20785: 2048, 20786: 70500, 20789: 1347, 20790: 58543, 20791: 70342, 20792: 46793, 20793: 146, 20794: 49332, 20795: 59008, 20796: 1188, 20797: 75421, 20798: 13699, 20799: 70373, 20800: 1482, 20802: 69242, 20803: 85710, 20804: 57309, 20805: 69242, 20806: 1391, 20807: 72051, 20808: 82067, 20809: 1291, 20810: 63099, 20811: 57070, 20813: 48266, 20814: 1482, 20815: 85687, 20816: 57455, 20817: 85687, 20818: 1391, 20819: 1502, 20820: 1167, 20821: 1116, 20822: 85687, 20823: 46494, 20824: 57417, 20825: 75453, 20826: 75379, 20827: 46494, 20828: 184, 20829: 67720, 20831: 57290, 20832: 57639, 20833: 1291, 20834: 728, 20835: 1502, 20836: 1583, 20837: 57070, 20838: 57070, 20840: 2048, 20841: 1412, 20842: 1357, 20843: 226, 20844: 57455, 20845: 65877, 20846: 1300, 20850: 65877, 20852: 90927, 20853: 51797, 20854: 72051, 20856: 46793, 20858: 48266, 20859: 82070, 20860: 63882, 20861: 63882, 20862: 82070, 20863: 82070, 20864: 395, 20872: 953, 20873: 395, 20874: 0, 20875: 91053, 20876: 683, 20877: 83288, 20881: 75379, 20883: 75453, 20884: 57972, 20885: 59008, 20886: 64727, 20887: 1540, 20888: 82070, 20889: 683, 20890: 64727, 20891: 1391, 20892: 82070, 20894: 85669, 20895: 64790, 20897: 1540, 20900: 1457, 20901: 75379, 20902: 72039, 20904: 63099, 20905: 522, 20906: 765, 20907: 1188, 20909: 65877, 20910: 182, 20911: 849, 20913: 72051, 20916: 85669, 20917: 87001, 20918: 73383, 20919: 63882, 20921: 58543, 20922: 82070, 20923: 690, 20925: 1294, 20926: 85700, 20928: 1300, 20929: 51797, 20930: 61726, 20931: 51797, 20932: 1288, 20933: 57290, 20934: 63099, 20935: 82070, 20936: 91053, 20937: 1399, 20938: 1193, 20939: 1502, 20940: 1223, 20941: 72039, 20942: 1399, 20943: 69985, 20944: 1193, 20948: 83288, 20949: 1193, 20950: 87001, 20951: 1300, 20953: 64727, 20954: 68173, 20955: 1457, 20956: 57639, 20958: 57639, 20959: 65877, 20960: 54448, 20961: 1012, 20962: 1300, 20963: 69995, 20964: 72039, 20965: 91053, 20966: 64790, 20967: 1054, 20968: 44206, 20969: 85700, 20970: 57972, 20971: 63756, 20973: 85710, 20974: 59008, 20975: 1154, 20977: 85710, 20978: 63756, 20979: 0, 20980: 63756, 20981: 49332, 20982: 72039, 20983: 1054, 20985: 72039, 20986: 728, 20987: 64790, 20988: 1054, 20990: 85710, 20992: 68650, 20993: 72039, 20995: 1012, 20997: 83288, 20998: 82070, 20999: 87001, 21000: 63882, 21001: 70500, 21002: 57639, 21003: 57972, 21005: 83288, 21006: 72051, 21007: 2048, 21008: 69995, 21009: 65877, 21011: 72039, 21012: 87001, 21013: 57290, 21014: 65877, 21015: 91053, 21016: 72051, 21017: 64790, 21018: 1193, 21019: 184, 21020: 69985, 21021: 1543, 21022: 75379, 21023: 63270, 21028: 86055, 21030: 85700, 21032: 52945, 21033: 35245, 21034: 1154, 21035: 58543, 21036: 35259, 21037: 1223, 21038: 728, 21039: 63270, 21041: 85700, 21043: 67720, 21045: 1188, 21047: 86055, 21050: 83288, 21053: 1294, 21055: 82080, 21056: 1585, 21057: 1107, 21058: 1107, 21059: 395, 21060: 1107, 21061: 46494, 21062: 1502, 21063: 1014, 21064: 57381, 21065: 1543, 21066: 1188, 21067: 683, 21068: 73383, 21069: 46494, 21070: 69990, 21072: 1107, 21073: 1182, 21074: 67720, 21075: 78645, 21077: 1540, 21084: 1617, 21085: 2114, 21086: 89226, 21087: 87984, 21091: 1012, 21092: 78631, 21093: 63270, 21096: 2114, 21097: 53429, 21098: 65941, 21099: 2114, 21100: 2076, 21101: 57649, 21102: 80140, 21103: 1457, 21104: 51797, 21105: 88653, 21106: 2346, 21107: 62344, 21108: 2346, 21109: 2114, 21110: 90942, 21112: 75379, 21113: 88653, 21115: 2346, 21116: 80140, 21117: 57649, 21118: 88486, 21119: 2076, 21120: 2076, 21121: 74355, 21123: 57649, 21124: 2076, 21125: 53429, 21126: 57649, 21127: 74355, 21128: 57649, 21129: 2114, 21130: 74355, 21132: 53429, 21133: 87984, 21134: 57649, 21135: 88653, 21136: 74355, 21138: 53429, 21139: 88653, 21140: 53429, 21141: 80140, 21142: 2346, 21143: 57649, 21144: 2114, 21145: 88653, 21146: 89226, 21147: 53429, 21148: 2114, 21149: 2076, 21150: 86213, 21151: 87984, 21153: 2114, 21154: 44206, 21155: 86157, 21156: 80140, 21157: 1188, 21159: 89226, 21163: 146, 21164: 86157, 21165: 88653, 21166: 88653, 21167: 80140, 21168: 2114, 21170: 88653, 21171: 53429, 21172: 57649, 21173: 56939, 21174: 90998, 21175: 1223, 21176: 56939, 21177: 56939, 21178: 57649, 21179: 86213, 21180: 90998, 21181: 86213, 21182: 86157, 21184: 56939, 21185: 86213, 21186: 86213, 21187: 0, 21188: 0, 21189: 0, 21190: 78631, 21191: 184, 21192: 59008, 21193: 57639, 21194: 0, 21195: 395, 21196: 1489, 21197: 57649, 21198: 74355, 21199: 2076, 21203: 90998, 21205: 74355, 21206: 86213, 21208: 87984, 21209: 89226, 21223: 683, 21226: 683, 21227: 1585, 21228: 68173, 21229: 0, 21230: 69990, 21231: 519, 21232: 57381, 21233: 1259, 21234: 805, 21235: 690, 21236: 71117, 21237: 71117, 21238: 1288, 21239: 805, 21240: 82080, 21241: 395, 21244: 64727, 21249: 0, 21262: 1489, 21265: 68182, 21271: 65161, 21279: 91053, 21280: 57639, 21288: 63756, 21290: 59008, 21298: 72051, 21303: 1457, 21304: 46494, 21305: 1294, 21306: 1167, 21307: 728, 21308: 1294, 21311: 1347, 21312: 88486, 21313: 1054, 21314: 1540, 21315: 1347, 21316: 71117, 21317: 765, 21318: 395, 21319: 1294, 21322: 69985, 21324: 71117, 21325: 550, 21326: 57455, 21327: 519, 21328: 35259, 21329: 805, 21331: 57972, 21333: 51797, 21334: 57455, 21335: 1357, 21336: 765, 21338: 1054, 21339: 1457, 21340: 1294, 21341: 765, 21344: 1288, 21345: 0, 21346: 57309, 21348: 63099, 21349: 0, 21351: 1259, 21354: 78626, 21356: 77145, 21357: 85646, 21358: 35245, 21363: 1347, 21366: 65941, 21369: 88486, 21370: 1054, 21378: 70342, 21384: 1188, 21398: 805, 21445: 2114, 21446: 58096, 21447: 1357, 21448: 35259, 21450: 69990, 21454: 48922, 21455: 1014, 21460: 1482, 21462: 1585, 21463: 75453, 21465: 0, 21468: 1391, 21470: 226, 21474: 686, 21475: 1012, 21477: 91896, 21478: 61726, 21479: 1107, 21480: 519, 21481: 1161, 21482: 1161, 21483: 70373, 21484: 69995, 21487: 51797, 21488: 65161, 21489: 91053, 21490: 1259, 21491: 1113, 21492: 1161, 21493: 50453, 21494: 342}",0.0,duplicado
650407.4635730004,Cruzamento,1733628476.5462816,78,"{20331: 1294, 20332: 70342, 20333: 1482, 20334: 82085, 20335: 1294, 20336: 57257, 20337: 65341, 20338: 1182, 20339: 1084, 20340: 57309, 20341: 765, 20342: 2048, 20343: 69242, 20344: 849, 20345: 57257, 20346: 1412, 20347: 63099, 20348: 1084, 20349: 75453, 20350: 63099, 20351: 75453, 20352: 69242, 20353: 70342, 20354: 849, 20355: 1489, 20356: 1489, 20357: 849, 20358: 70342, 20359: 57257, 20360: 2048, 20361: 58096, 20362: 1412, 20363: 1489, 20364: 184, 20365: 1617, 20366: 70171, 20367: 57309, 20368: 90927, 20369: 1617, 20370: 48266, 20371: 70373, 20372: 49332, 20373: 1291, 20378: 1182, 20379: 69990, 20380: 70342, 20381: 57070, 20383: 1583, 20384: 686, 20385: 75421, 20386: 68182, 20387: 75421, 20388: 13699, 20389: 68182, 20392: 1291, 20393: 63099, 20394: 75453, 20395: 48266, 20396: 1543, 20397: 849, 20398: 75421, 20399: 70342, 20400: 58096, 20401: 57455, 20402: 1489, 20403: 1084, 20404: 57455, 20405: 1288, 20406: 519, 20407: 743, 20408: 71117, 20409: 1288, 20410: 57381, 20411: 449, 20412: 226, 20413: 58096, 20414: 1014, 20415: 46494, 20416: 805, 20417: 57290, 20418: 683, 20419: 1617, 20421: 65341, 20422: 82085, 20423: 1585, 20427: 68173, 20428: 78645, 20429: 48922, 20432: 44206, 20433: 1502, 20434: 57290, 20436: 182, 20437: 1188, 20438: 1502, 20439: 57381, 20440: 73383, 20441: 70342, 20442: 57381, 20443: 13828, 20444: 71117, 20445: 683, 20446: 1502, 20447: 71117, 20449: 50588, 20450: 913, 20451: 80479, 20452: 80479, 20453: 35245, 20454: 69995, 20455: 52945, 20456: 70342, 20457: 46793, 20458: 1012, 20459: 51797, 20460: 63756, 20461: 35245, 20462: 64790, 20463: 57257, 20465: 57070, 20466: 63756, 20467: 849, 20468: 743, 20469: 67720, 20471: 1014, 20472: 13828, 20473: 1188, 20475: 67720, 20476: 1259, 20481: 71117, 20482: 35245, 20484: 85646, 20485: 46793, 20486: 913, 20487: 743, 20488: 44206, 20489: 683, 20490: 519, 20491: 78645, 20492: 57381, 20493: 82080, 20494: 91896, 20495: 1585, 20496: 58096, 20497: 54448, 20499: 1054, 20501: 1347, 20503: 35259, 20504: 57070, 20505: 83288, 20506: 1012, 20507: 46494, 20508: 69995, 20509: 1012, 20510: 52945, 20511: 64727, 20512: 54448, 20513: 1291, 20514: 146, 20515: 52945, 20517: 35245, 20518: 226, 20519: 75379, 20520: 69995, 20521: 50588, 20522: 52945, 20523: 1543, 20524: 449, 20525: 728, 20527: 1617, 20528: 44206, 20530: 72051, 20531: 13828, 20532: 1259, 20533: 69990, 20534: 46793, 20535: 75958, 20536: 68173, 20537: 1617, 20538: 690, 20539: 69990, 20540: 1617, 20541: 71117, 20542: 1288, 20543: 449, 20544: 1014, 20545: 1585, 20546: 91896, 20547: 57070, 20549: 80479, 20550: 63270, 20552: 46494, 20553: 71117, 20554: 1288, 20555: 61726, 20556: 78631, 20557: 1391, 20558: 1502, 20559: 1399, 20560: 686, 20561: 46494, 20563: 65877, 20564: 1167, 20565: 85710, 20567: 69990, 20569: 51797, 20570: 743, 20571: 68173, 20572: 1347, 20573: 690, 20574: 67720, 20575: 449, 20576: 728, 20577: 48922, 20578: 1014, 20579: 1347, 20580: 35259, 20581: 75958, 20582: 48922, 20583: 743, 20584: 1347, 20585: 1543, 20587: 1161, 20588: 1012, 20589: 65161, 20590: 395, 20591: 449, 20592: 1188, 20593: 57290, 20594: 690, 20595: 522, 20596: 73383, 20597: 805, 20599: 1012, 20600: 63270, 20601: 63270, 20602: 35245, 20605: 226, 20606: 1161, 20607: 52945, 20608: 58096, 20609: 1173, 20610: 1084, 20611: 65877, 20612: 75453, 20613: 1457, 20614: 57309, 20615: 69995, 20616: 849, 20617: 1167, 20618: 1540, 20619: 765, 20620: 1457, 20621: 1167, 20622: 686, 20624: 1457, 20625: 65877, 20626: 686, 20628: 686, 20630: 66626, 20631: 519, 20633: 1107, 20634: 72051, 20635: 1084, 20636: 913, 20637: 1391, 20638: 146, 20639: 85669, 20640: 57639, 20641: 52945, 20642: 1391, 20643: 1193, 20645: 1391, 20646: 953, 20647: 686, 20648: 58096, 20650: 58096, 20651: 62344, 20652: 686, 20653: 1193, 20654: 85669, 20655: 1412, 20656: 184, 20659: 1585, 20661: 69995, 20662: 70373, 20663: 913, 20669: 522, 20670: 78631, 20671: 57639, 20672: 35259, 20673: 57972, 20675: 61726, 20676: 57972, 20677: 73235, 20678: 62344, 20680: 68173, 20681: 449, 20684: 1347, 20688: 1617, 20689: 69995, 20690: 52945, 20692: 57257, 20693: 85669, 20694: 66626, 20695: 1489, 20696: 1173, 20697: 1182, 20698: 58543, 20699: 63756, 20700: 50588, 20701: 913, 20702: 1167, 20703: 54448, 20704: 66626, 20705: 75379, 20706: 1182, 20707: 70342, 20708: 46494, 20709: 1161, 20710: 1161, 20711: 1543, 20712: 0, 20713: 75421, 20714: 52945, 20715: 690, 20716: 70342, 20717: 57639, 20719: 1585, 20720: 75453, 20721: 913, 20722: 805, 20723: 51797, 20724: 80479, 20725: 85669, 20726: 46793, 20727: 78631, 20729: 1617, 20730: 88486, 20731: 48922, 20732: 1054, 20734: 1288, 20735: 57309, 20736: 1014, 20737: 73383, 20739: 35259, 20740: 57455, 20741: 686, 20742: 1167, 20743: 1116, 20744: 68650, 20746: 69990, 20747: 91053, 20748: 58096, 20749: 69990, 20750: 686, 20751: 1399, 20752: 1502, 20754: 44206, 20757: 1161, 20758: 1012, 20759: 62344, 20761: 1482, 20762: 75453, 20763: 63099, 20764: 1084, 20765: 63099, 20766: 63099, 20768: 184, 20769: 395, 20770: 77145, 20773: 70500, 20774: 1154, 20775: 69990, 20777: 1391, 20778: 70500, 20779: 1399, 20781: 1457, 20782: 49332, 20784: 57290, 20785: 2048, 20786: 70500, 20789: 1347, 20790: 58543, 20791: 70342, 20792: 46793, 20793: 146, 20794: 49332, 20795: 59008, 20796: 1188, 20797: 75421, 20798: 13699, 20799: 70373, 20800: 1482, 20802: 69242, 20803: 85710, 20804: 57309, 20805: 69242, 20806: 1391, 20807: 72051, 20808: 82067, 20809: 1291, 20810: 63099, 20811: 57070, 20813: 48266, 20814: 1482, 20815: 85687, 20816: 57455, 20817: 85687, 20818: 1391, 20819: 1502, 20820: 1167, 20821: 1116, 20822: 85687, 20823: 46494, 20824: 57417, 20825: 75453, 20826: 75379, 20827: 46494, 20828: 184, 20829: 67720, 20831: 57290, 20832: 57639, 20833: 1291, 20834: 728, 20835: 1502, 20836: 1583, 20837: 57070, 20838: 57070, 20840: 2048, 20841: 1412, 20842: 1357, 20843: 226, 20844: 57455, 20845: 65877, 20846: 1300, 20850: 65877, 20852: 90927, 20853: 51797, 20854: 72051, 20856: 46793, 20858: 48266, 20859: 82070, 20860: 63882, 20861: 63882, 20862: 82070, 20863: 82070, 20864: 395, 20872: 953, 20873: 395, 20874: 0, 20875: 91053, 20876: 683, 20877: 83288, 20881: 75379, 20883: 75453, 20884: 57972, 20885: 59008, 20886: 64727, 20887: 1540, 20888: 82070, 20889: 683, 20890: 64727, 20891: 1391, 20892: 82070, 20894: 85669, 20895: 64790, 20897: 1540, 20900: 1457, 20901: 75379, 20902: 72039, 20904: 63099, 20905: 522, 20906: 765, 20907: 1188, 20909: 65877, 20910: 182, 20911: 849, 20913: 72051, 20916: 85669, 20917: 87001, 20918: 73383, 20919: 63882, 20921: 58543, 20922: 82070, 20923: 690, 20925: 1294, 20926: 85700, 20928: 1300, 20929: 51797, 20930: 61726, 20931: 51797, 20932: 1288, 20933: 57290, 20934: 63099, 20935: 82070, 20936: 91053, 20937: 1399, 20938: 1193, 20939: 1502, 20940: 1223, 20941: 72039, 20942: 1399, 20943: 69985, 20944: 1193, 20948: 83288, 20949: 1193, 20950: 87001, 20951: 1300, 20953: 64727, 20954: 68173, 20955: 1457, 20956: 57639, 20958: 57639, 20959: 65877, 20960: 54448, 20961: 1012, 20962: 1300, 20963: 69995, 20964: 72039, 20965: 91053, 20966: 64790, 20967: 1054, 20968: 44206, 20969: 85700, 20970: 57972, 20971: 63756, 20973: 85710, 20974: 59008, 20975: 1154, 20977: 85710, 20978: 63756, 20979: 0, 20980: 63756, 20981: 49332, 20982: 72039, 20983: 1054, 20985: 72039, 20986: 728, 20987: 64790, 20988: 1054, 20990: 85710, 20992: 68650, 20993: 72039, 20995: 1012, 20997: 83288, 20998: 82070, 20999: 87001, 21000: 63882, 21001: 70500, 21002: 57639, 21003: 57972, 21005: 83288, 21006: 72051, 21007: 2048, 21008: 69995, 21009: 65877, 21011: 72039, 21012: 87001, 21013: 57290, 21014: 65877, 21015: 91053, 21016: 72051, 21017: 64790, 21018: 1193, 21019: 184, 21020: 69985, 21021: 1543, 21022: 75379, 21023: 63270, 21028: 86055, 21030: 85700, 21032: 52945, 21033: 35245, 21034: 1154, 21035: 58543, 21036: 35259, 21037: 1223, 21038: 728, 21039: 63270, 21041: 85700, 21043: 67720, 21045: 1188, 21047: 86055, 21050: 83288, 21053: 1294, 21055: 82080, 21056: 1585, 21057: 1107, 21058: 1107, 21059: 395, 21060: 1107, 21061: 46494, 21062: 1502, 21063: 1014, 21064: 57381, 21065: 1543, 21066: 1188, 21067: 683, 21068: 73383, 21069: 46494, 21070: 69990, 21072: 1107, 21073: 1182, 21074: 67720, 21075: 78645, 21077: 1540, 21084: 1617, 21085: 88653, 21086: 90942, 21087: 57649, 21091: 85710, 21092: 58096, 21093: 85646, 21096: 2346, 21097: 74355, 21098: 63756, 21099: 2114, 21100: 2076, 21101: 2346, 21102: 2114, 21103: 1116, 21104: 59008, 21105: 80140, 21106: 2114, 21107: 73235, 21108: 56939, 21109: 56939, 21110: 80140, 21112: 1391, 21113: 89226, 21115: 2114, 21116: 89226, 21117: 80140, 21118: 83288, 21119: 89226, 21120: 2076, 21121: 74355, 21123: 80140, 21124: 88653, 21125: 88653, 21126: 74355, 21127: 56939, 21128: 74355, 21129: 74355, 21130: 53429, 21132: 57649, 21133: 87984, 21134: 53429, 21135: 56939, 21136: 53429, 21138: 57649, 21139: 56939, 21140: 57649, 21141: 86157, 21142: 80140, 21143: 53429, 21144: 2114, 21145: 53429, 21146: 89226, 21147: 88653, 21148: 53429, 21149: 80140, 21150: 80140, 21151: 86213, 21153: 53429, 21154: 1223, 21155: 86157, 21156: 87984, 21157: 1288, 21159: 2346, 21163: 146, 21164: 86157, 21165: 80140, 21166: 90998, 21167: 87984, 21168: 90998, 21170: 90998, 21171: 86213, 21172: 57649, 21173: 2076, 21174: 2114, 21175: 0, 21176: 2076, 21177: 87984, 21178: 88653, 21179: 56939, 21180: 2346, 21181: 57649, 21182: 86157, 21184: 87984, 21185: 0, 21186: 2076, 21187: 0, 21188: 0, 21189: 0, 21190: 63270, 21191: 184, 21192: 1223, 21193: 70500, 21194: 0, 21195: 1167, 21196: 70342, 21197: 74355, 21198: 2114, 21199: 86213, 21203: 2076, 21205: 53429, 21206: 86213, 21208: 87984, 21209: 89226, 21223: 1585, 21226: 1014, 21227: 69985, 21228: 46494, 21229: 395, 21230: 78645, 21231: 395, 21232: 1259, 21233: 683, 21234: 70342, 21235: 1259, 21236: 57381, 21237: 71117, 21238: 1543, 21239: 72051, 21240: 1107, 21241: 1347, 21244: 66626, 21249: 1012, 21262: 57070, 21265: 13699, 21271: 91053, 21279: 59008, 21280: 59008, 21288: 57290, 21290: 51797, 21298: 57639, 21303: 1347, 21304: 35259, 21305: 35259, 21306: 226, 21307: 64790, 21308: 1113, 21311: 1540, 21312: 1294, 21313: 35259, 21314: 88486, 21315: 57417, 21316: 1054, 21317: 1347, 21318: 57455, 21319: 51797, 21322: 690, 21324: 13828, 21325: 13828, 21326: 35259, 21327: 1347, 21328: 519, 21329: 78626, 21331: 72039, 21333: 57455, 21334: 57455, 21335: 226, 21336: 765, 21338: 1502, 21339: 1054, 21340: 1107, 21341: 1294, 21344: 1300, 21345: 72039, 21346: 91053, 21348: 63099, 21349: 0, 21351: 69990, 21354: 519, 21356: 90927, 21357: 75379, 21358: 184, 21363: 57257, 21366: 65941, 21369: 765, 21370: 63756, 21378: 68173, 21384: 44206, 21398: 78626, 21445: 74355, 21446: 58096, 21447: 1357, 21448: 35259, 21450: 69990, 21454: 48922, 21455: 1014, 21460: 1482, 21462: 1585, 21463: 75453, 21465: 0, 21468: 1391, 21470: 226, 21474: 686, 21475: 1012, 21477: 91896, 21478: 61726, 21479: 1107, 21480: 519, 21481: 1161, 21482: 1161, 21483: 70373, 21484: 69995, 21487: 51797, 21488: 65161, 21489: 91053, 21490: 1259, 21491: 1113, 21492: 1161, 21493: 50453, 21494: 342}",0.0,filho
647671.1386573338,Cruzamento,1733628476.5462816,78,"{20331: 1294, 20332: 70342, 20333: 1482, 20334: 82085, 20335: 1294, 20336: 57257, 20337: 65341, 20338: 1182, 20339: 1084, 20340: 57309, 20341: 765, 20342: 2048, 20343: 69242, 20344: 849, 20345: 57257, 20346: 1412, 20347: 63099, 20348: 1084, 20349: 75453, 20350: 63099, 20351: 75453, 20352: 69242, 20353: 70342, 20354: 849, 20355: 1489, 20356: 1489, 20357: 849, 20358: 70342, 20359: 57257, 20360: 2048, 20361: 58096, 20362: 1412, 20363: 1489, 20364: 184, 20365: 1617, 20366: 70171, 20367: 57309, 20368: 90927, 20369: 1617, 20370: 48266, 20371: 70373, 20372: 49332, 20373: 1291, 20378: 1182, 20379: 69990, 20380: 70342, 20381: 57070, 20383: 1583, 20384: 686, 20385: 75421, 20386: 68182, 20387: 75421, 20388: 13699, 20389: 68182, 20392: 1291, 20393: 63099, 20394: 75453, 20395: 48266, 20396: 1543, 20397: 849, 20398: 75421, 20399: 70342, 20400: 58096, 20401: 57455, 20402: 1489, 20403: 1084, 20404: 57455, 20405: 1288, 20406: 519, 20407: 743, 20408: 71117, 20409: 1288, 20410: 57381, 20411: 449, 20412: 226, 20413: 58096, 20414: 1014, 20415: 46494, 20416: 805, 20417: 57290, 20418: 683, 20419: 1617, 20421: 65341, 20422: 82085, 20423: 1585, 20427: 68173, 20428: 78645, 20429: 48922, 20432: 44206, 20433: 1502, 20434: 57290, 20436: 182, 20437: 1188, 20438: 1502, 20439: 57381, 20440: 73383, 20441: 70342, 20442: 57381, 20443: 13828, 20444: 71117, 20445: 683, 20446: 1502, 20447: 71117, 20449: 50588, 20450: 913, 20451: 80479, 20452: 80479, 20453: 35245, 20454: 69995, 20455: 52945, 20456: 70342, 20457: 46793, 20458: 1012, 20459: 51797, 20460: 63756, 20461: 35245, 20462: 64790, 20463: 57257, 20465: 57070, 20466: 63756, 20467: 849, 20468: 743, 20469: 67720, 20471: 1014, 20472: 13828, 20473: 1188, 20475: 67720, 20476: 1259, 20481: 71117, 20482: 35245, 20484: 85646, 20485: 46793, 20486: 913, 20487: 743, 20488: 44206, 20489: 683, 20490: 519, 20491: 78645, 20492: 57381, 20493: 82080, 20494: 91896, 20495: 1585, 20496: 58096, 20497: 54448, 20499: 1054, 20501: 1347, 20503: 35259, 20504: 57070, 20505: 83288, 20506: 1012, 20507: 46494, 20508: 69995, 20509: 1012, 20510: 52945, 20511: 64727, 20512: 54448, 20513: 1291, 20514: 146, 20515: 52945, 20517: 35245, 20518: 226, 20519: 75379, 20520: 69995, 20521: 50588, 20522: 52945, 20523: 1543, 20524: 449, 20525: 728, 20527: 1617, 20528: 44206, 20530: 72051, 20531: 13828, 20532: 1259, 20533: 69990, 20534: 46793, 20535: 75958, 20536: 68173, 20537: 1617, 20538: 690, 20539: 69990, 20540: 1617, 20541: 71117, 20542: 1288, 20543: 449, 20544: 1014, 20545: 1585, 20546: 91896, 20547: 57070, 20549: 80479, 20550: 63270, 20552: 46494, 20553: 71117, 20554: 1288, 20555: 61726, 20556: 78631, 20557: 1391, 20558: 1502, 20559: 1399, 20560: 686, 20561: 46494, 20563: 65877, 20564: 1167, 20565: 85710, 20567: 69990, 20569: 51797, 20570: 743, 20571: 68173, 20572: 1347, 20573: 690, 20574: 67720, 20575: 449, 20576: 728, 20577: 48922, 20578: 1014, 20579: 1347, 20580: 35259, 20581: 75958, 20582: 48922, 20583: 743, 20584: 1347, 20585: 1543, 20587: 1161, 20588: 1012, 20589: 65161, 20590: 395, 20591: 449, 20592: 1188, 20593: 57290, 20594: 690, 20595: 522, 20596: 73383, 20597: 805, 20599: 1012, 20600: 63270, 20601: 63270, 20602: 35245, 20605: 226, 20606: 1161, 20607: 52945, 20608: 58096, 20609: 1173, 20610: 1084, 20611: 65877, 20612: 75453, 20613: 1457, 20614: 57309, 20615: 69995, 20616: 849, 20617: 1167, 20618: 1540, 20619: 765, 20620: 1457, 20621: 1167, 20622: 686, 20624: 1457, 20625: 65877, 20626: 686, 20628: 686, 20630: 66626, 20631: 519, 20633: 1107, 20634: 72051, 20635: 1084, 20636: 913, 20637: 1391, 20638: 146, 20639: 85669, 20640: 57639, 20641: 52945, 20642: 1391, 20643: 1193, 20645: 1391, 20646: 953, 20647: 686, 20648: 58096, 20650: 58096, 20651: 62344, 20652: 686, 20653: 1193, 20654: 85669, 20655: 1412, 20656: 184, 20659: 1585, 20661: 69995, 20662: 70373, 20663: 913, 20669: 522, 20670: 78631, 20671: 57639, 20672: 35259, 20673: 57972, 20675: 61726, 20676: 57972, 20677: 73235, 20678: 62344, 20680: 68173, 20681: 449, 20684: 1347, 20688: 1617, 20689: 69995, 20690: 52945, 20692: 57257, 20693: 85669, 20694: 66626, 20695: 1489, 20696: 1173, 20697: 1182, 20698: 58543, 20699: 63756, 20700: 50588, 20701: 913, 20702: 1167, 20703: 54448, 20704: 66626, 20705: 75379, 20706: 1182, 20707: 70342, 20708: 46494, 20709: 1161, 20710: 1161, 20711: 1543, 20712: 0, 20713: 75421, 20714: 52945, 20715: 690, 20716: 70342, 20717: 57639, 20719: 1585, 20720: 75453, 20721: 913, 20722: 805, 20723: 51797, 20724: 80479, 20725: 85669, 20726: 46793, 20727: 78631, 20729: 1617, 20730: 88486, 20731: 48922, 20732: 1054, 20734: 1288, 20735: 57309, 20736: 1014, 20737: 73383, 20739: 35259, 20740: 57455, 20741: 686, 20742: 1167, 20743: 1116, 20744: 68650, 20746: 69990, 20747: 91053, 20748: 58096, 20749: 69990, 20750: 686, 20751: 1399, 20752: 1502, 20754: 44206, 20757: 1161, 20758: 1012, 20759: 62344, 20761: 1482, 20762: 75453, 20763: 63099, 20764: 1084, 20765: 63099, 20766: 63099, 20768: 184, 20769: 395, 20770: 77145, 20773: 70500, 20774: 1154, 20775: 69990, 20777: 1391, 20778: 70500, 20779: 1399, 20781: 1457, 20782: 49332, 20784: 57290, 20785: 2048, 20786: 70500, 20789: 1347, 20790: 58543, 20791: 70342, 20792: 46793, 20793: 146, 20794: 49332, 20795: 59008, 20796: 1188, 20797: 75421, 20798: 13699, 20799: 70373, 20800: 1482, 20802: 69242, 20803: 85710, 20804: 57309, 20805: 69242, 20806: 1391, 20807: 72051, 20808: 82067, 20809: 1291, 20810: 63099, 20811: 57070, 20813: 48266, 20814: 1482, 20815: 85687, 20816: 57455, 20817: 85687, 20818: 1391, 20819: 1502, 20820: 1167, 20821: 1116, 20822: 85687, 20823: 46494, 20824: 57417, 20825: 75453, 20826: 75379, 20827: 46494, 20828: 184, 20829: 67720, 20831: 57290, 20832: 57639, 20833: 1291, 20834: 728, 20835: 1502, 20836: 1583, 20837: 57070, 20838: 57070, 20840: 2048, 20841: 1412, 20842: 1357, 20843: 226, 20844: 57455, 20845: 65877, 20846: 1300, 20850: 65877, 20852: 90927, 20853: 51797, 20854: 72051, 20856: 46793, 20858: 48266, 20859: 82070, 20860: 63882, 20861: 63882, 20862: 82070, 20863: 82070, 20864: 395, 20872: 953, 20873: 395, 20874: 0, 20875: 91053, 20876: 683, 20877: 83288, 20881: 75379, 20883: 75453, 20884: 57972, 20885: 59008, 20886: 64727, 20887: 1540, 20888: 82070, 20889: 683, 20890: 64727, 20891: 1391, 20892: 82070, 20894: 85669, 20895: 64790, 20897: 1540, 20900: 1457, 20901: 75379, 20902: 72039, 20904: 63099, 20905: 522, 20906: 765, 20907: 1188, 20909: 65877, 20910: 182, 20911: 849, 20913: 72051, 20916: 85669, 20917: 87001, 20918: 73383, 20919: 63882, 20921: 58543, 20922: 82070, 20923: 690, 20925: 1294, 20926: 85700, 20928: 1300, 20929: 51797, 20930: 61726, 20931: 51797, 20932: 1288, 20933: 57290, 20934: 63099, 20935: 82070, 20936: 91053, 20937: 1399, 20938: 1193, 20939: 1502, 20940: 1223, 20941: 72039, 20942: 1399, 20943: 69985, 20944: 1193, 20948: 83288, 20949: 1193, 20950: 87001, 20951: 1300, 20953: 64727, 20954: 68173, 20955: 1457, 20956: 57639, 20958: 57639, 20959: 65877, 20960: 54448, 20961: 1012, 20962: 1300, 20963: 69995, 20964: 72039, 20965: 91053, 20966: 64790, 20967: 1054, 20968: 44206, 20969: 85700, 20970: 57972, 20971: 63756, 20973: 85710, 20974: 59008, 20975: 1154, 20977: 85710, 20978: 63756, 20979: 0, 20980: 63756, 20981: 49332, 20982: 72039, 20983: 1054, 20985: 72039, 20986: 728, 20987: 64790, 20988: 1054, 20990: 85710, 20992: 68650, 20993: 72039, 20995: 1012, 20997: 83288, 20998: 82070, 20999: 87001, 21000: 63882, 21001: 70500, 21002: 57639, 21003: 57972, 21005: 83288, 21006: 72051, 21007: 2048, 21008: 69995, 21009: 65877, 21011: 72039, 21012: 87001, 21013: 57290, 21014: 65877, 21015: 91053, 21016: 72051, 21017: 64790, 21018: 1193, 21019: 184, 21020: 69985, 21021: 1543, 21022: 75379, 21023: 63270, 21028: 86055, 21030: 85700, 21032: 52945, 21033: 35245, 21034: 1154, 21035: 58543, 21036: 35259, 21037: 1223, 21038: 728, 21039: 63270, 21041: 85700, 21043: 67720, 21045: 1188, 21047: 86055, 21050: 83288, 21053: 1294, 21055: 82080, 21056: 1585, 21057: 1107, 21058: 1107, 21059: 395, 21060: 1107, 21061: 46494, 21062: 1502, 21063: 1014, 21064: 57381, 21065: 1543, 21066: 1188, 21067: 683, 21068: 73383, 21069: 46494, 21070: 69990, 21072: 1107, 21073: 1182, 21074: 67720, 21075: 78645, 21077: 1540, 21084: 1617, 21085: 2114, 21086: 89226, 21087: 87984, 21091: 1012, 21092: 78631, 21093: 63270, 21096: 2114, 21097: 53429, 21098: 65941, 21099: 2114, 21100: 2076, 21101: 57649, 21102: 80140, 21103: 1457, 21104: 51797, 21105: 88653, 21106: 2346, 21107: 62344, 21108: 2346, 21109: 2114, 21110: 90942, 21112: 75379, 21113: 88653, 21115: 2346, 21116: 80140, 21117: 57649, 21118: 88486, 21119: 2076, 21120: 2076, 21121: 74355, 21123: 57649, 21124: 2076, 21125: 53429, 21126: 57649, 21127: 56939, 21128: 74355, 21129: 74355, 21130: 53429, 21132: 57649, 21133: 87984, 21134: 53429, 21135: 56939, 21136: 53429, 21138: 57649, 21139: 56939, 21140: 57649, 21141: 86157, 21142: 80140, 21143: 53429, 21144: 2114, 21145: 53429, 21146: 89226, 21147: 88653, 21148: 53429, 21149: 80140, 21150: 80140, 21151: 86213, 21153: 53429, 21154: 1223, 21155: 86157, 21156: 87984, 21157: 1288, 21159: 2346, 21163: 146, 21164: 86157, 21165: 80140, 21166: 90998, 21167: 87984, 21168: 90998, 21170: 90998, 21171: 86213, 21172: 57649, 21173: 2076, 21174: 2114, 21175: 0, 21176: 2076, 21177: 87984, 21178: 88653, 21179: 56939, 21180: 2346, 21181: 57649, 21182: 86157, 21184: 87984, 21185: 0, 21186: 2076, 21187: 0, 21188: 0, 21189: 0, 21190: 63270, 21191: 184, 21192: 1223, 21193: 70500, 21194: 0, 21195: 1167, 21196: 70342, 21197: 74355, 21198: 2114, 21199: 86213, 21203: 2076, 21205: 53429, 21206: 86213, 21208: 87984, 21209: 89226, 21223: 1585, 21226: 1014, 21227: 69985, 21228: 46494, 21229: 395, 21230: 78645, 21231: 395, 21232: 1259, 21233: 683, 21234: 70342, 21235: 1259, 21236: 57381, 21237: 71117, 21238: 1543, 21239: 72051, 21240: 1107, 21241: 1347, 21244: 66626, 21249: 1012, 21262: 57070, 21265: 13699, 21271: 91053, 21279: 59008, 21280: 59008, 21288: 57290, 21290: 51797, 21298: 57639, 21303: 1347, 21304: 35259, 21305: 35259, 21306: 226, 21307: 64790, 21308: 1113, 21311: 1540, 21312: 1294, 21313: 35259, 21314: 88486, 21315: 57417, 21316: 1054, 21317: 1347, 21318: 57455, 21319: 51797, 21322: 690, 21324: 13828, 21325: 13828, 21326: 35259, 21327: 1347, 21328: 519, 21329: 78626, 21331: 72039, 21333: 57455, 21334: 57455, 21335: 226, 21336: 765, 21338: 1502, 21339: 1054, 21340: 1107, 21341: 1294, 21344: 1300, 21345: 72039, 21346: 91053, 21348: 63099, 21349: 0, 21351: 69990, 21354: 519, 21356: 90927, 21357: 75379, 21358: 184, 21363: 57257, 21366: 65941, 21369: 765, 21370: 63756, 21378: 68173, 21384: 44206, 21398: 78626, 21445: 74355, 21446: 62344, 21447: 1347, 21448: 67720, 21450: 1014, 21454: 68173, 21455: 683, 21460: 0, 21462: 82080, 21463: 75453, 21465: 0, 21468: 1391, 21470: 226, 21474: 686, 21475: 1012, 21477: 91896, 21478: 61726, 21479: 1107, 21480: 519, 21481: 1161, 21482: 1161, 21483: 70373, 21484: 69995, 21487: 51797, 21488: 65161, 21489: 91053, 21490: 1259, 21491: 1113, 21492: 1161, 21493: 50453, 21494: 342}",0.0,duplicado
650611.8421479999,Cruzamento,1733628479.2706509,79,"{20331: 1084, 20332: 46793, 20333: 1489, 20334: 1412, 20335: 1294, 20336: 82085, 20337: 65341, 20338: 48266, 20339: 46793, 20340: 1412, 20341: 1294, 20342: 1182, 20343: 70342, 20344: 849, 20345: 63099, 20346: 1084, 20347: 1489, 20348: 48266, 20349: 1347, 20350: 69990, 20351: 1347, 20352: 57309, 20353: 57257, 20354: 46793, 20355: 1347, 20356: 849, 20357: 1583, 20358: 2048, 20359: 1291, 20360: 765, 20361: 75421, 20362: 1489, 20363: 1412, 20364: 70342, 20365: 70171, 20366: 70171, 20367: 77145, 20368: 65341, 20369: 75453, 20370: 48266, 20371: 1347, 20372: 46793, 20373: 1617, 20378: 65341, 20379: 75421, 20380: 1489, 20381: 1182, 20383: 57257, 20384: 63099, 20385: 57257, 20386: 13699, 20387: 70342, 20388: 1084, 20389: 75421, 20392: 849, 20393: 69242, 20394: 51797, 20395: 48266, 20396: 449, 20397: 1583, 20398: 765, 20399: 44206, 20400: 46793, 20401: 1412, 20402: 48266, 20403: 184, 20404: 743, 20405: 82080, 20406: 728, 20407: 395, 20408: 449, 20409: 35259, 20410: 690, 20411: 67720, 20412: 75379, 20413: 1482, 20414: 67720, 20415: 71117, 20416: 70342, 20417: 57381, 20418: 82080, 20419: 519, 20421: 1294, 20422: 1489, 20423: 1585, 20427: 44206, 20428: 57381, 20429: 449, 20432: 1543, 20433: 449, 20434: 46494, 20436: 805, 20437: 69242, 20438: 69990, 20439: 1259, 20440: 743, 20441: 46494, 20442: 69985, 20443: 690, 20444: 82080, 20445: 805, 20446: 67720, 20447: 78645, 20449: 1012, 20450: 69995, 20451: 80479, 20452: 57455, 20453: 57455, 20454: 52945, 20455: 913, 20456: 50588, 20457: 51797, 20458: 913, 20459: 1161, 20460: 1585, 20461: 63270, 20462: 69995, 20463: 49332, 20465: 65341, 20466: 1012, 20467: 1291, 20468: 1107, 20469: 1259, 20471: 57381, 20472: 57381, 20473: 743, 20475: 72051, 20476: 1617, 20481: 1107, 20482: 75379, 20484: 52945, 20485: 75379, 20486: 54448, 20487: 449, 20488: 1188, 20489: 69990, 20490: 70342, 20491: 67720, 20492: 805, 20493: 1107, 20494: 46494, 20495: 683, 20496: 75453, 20497: 50588, 20499: 65877, 20501: 44206, 20503: 57639, 20504: 69990, 20505: 62344, 20506: 85710, 20507: 1357, 20508: 1161, 20509: 50588, 20510: 913, 20511: 85646, 20512: 70342, 20513: 1291, 20514: 64790, 20515: 913, 20517: 69995, 20518: 69995, 20519: 63270, 20520: 52945, 20521: 65161, 20522: 1161, 20523: 1259, 20524: 68173, 20525: 519, 20527: 82080, 20528: 1502, 20530: 46494, 20531: 59008, 20532: 805, 20533: 75421, 20534: 65161, 20535: 48922, 20536: 44206, 20537: 69985, 20538: 69990, 20539: 449, 20540: 690, 20541: 1617, 20542: 75958, 20543: 48922, 20544: 728, 20545: 91896, 20546: 71117, 20547: 64790, 20549: 80479, 20550: 51797, 20552: 1288, 20553: 1502, 20554: 57290, 20555: 62344, 20556: 65877, 20557: 75379, 20558: 1107, 20559: 1391, 20560: 65877, 20561: 85710, 20563: 1167, 20564: 57070, 20565: 69990, 20567: 849, 20569: 52945, 20570: 91896, 20571: 1585, 20572: 1288, 20573: 35259, 20574: 48922, 20575: 44206, 20576: 75958, 20577: 69985, 20578: 1347, 20579: 71117, 20580: 68173, 20581: 1014, 20582: 35259, 20583: 1288, 20584: 71117, 20585: 2048, 20587: 1012, 20588: 63270, 20589: 52945, 20590: 82080, 20591: 57455, 20592: 683, 20593: 805, 20594: 72051, 20595: 59008, 20596: 1347, 20597: 1585, 20599: 64727, 20600: 49332, 20601: 75379, 20602: 35245, 20605: 35245, 20606: 50588, 20607: 913, 20608: 57417, 20609: 1585, 20610: 1482, 20611: 1107, 20612: 686, 20613: 57309, 20614: 1167, 20615: 75453, 20616: 953, 20617: 61726, 20618: 85669, 20619: 1182, 20620: 1054, 20621: 1457, 20622: 849, 20624: 226, 20625: 1457, 20626: 69995, 20628: 1540, 20630: 69995, 20631: 449, 20633: 69242, 20634: 73383, 20635: 1583, 20636: 54448, 20637: 1583, 20638: 226, 20639: 1391, 20640: 52945, 20641: 85669, 20642: 62344, 20643: 1391, 20645: 52945, 20646: 85669, 20647: 57639, 20648: 686, 20650: 686, 20651: 1193, 20652: 686, 20653: 1193, 20654: 85669, 20655: 1412, 20656: 184, 20659: 1585, 20661: 69995, 20662: 70373, 20663: 913, 20669: 522, 20670: 78631, 20671: 57639, 20672: 35259, 20673: 57972, 20675: 61726, 20676: 57972, 20677: 73235, 20678: 62344, 20680: 68173, 20681: 449, 20684: 1347, 20688: 1617, 20689: 69995, 20690: 52945, 20692: 57257, 20693: 85669, 20694: 66626, 20695: 1489, 20696: 1173, 20697: 1182, 20698: 58543, 20699: 63756, 20700: 50588, 20701: 913, 20702: 1167, 20703: 54448, 20704: 66626, 20705: 75379, 20706: 1182, 20707: 70342, 20708: 46494, 20709: 1161, 20710: 1161, 20711: 1543, 20712: 0, 20713: 75421, 20714: 52945, 20715: 690, 20716: 70342, 20717: 57639, 20719: 1585, 20720: 75453, 20721: 913, 20722: 805, 20723: 51797, 20724: 80479, 20725: 85669, 20726: 46793, 20727: 78631, 20729: 1617, 20730: 88486, 20731: 48922, 20732: 1054, 20734: 1288, 20735: 57309, 20736: 1014, 20737: 73383, 20739: 35259, 20740: 57455, 20741: 686, 20742: 1167, 20743: 1116, 20744: 68650, 20746: 69990, 20747: 91053, 20748: 58096, 20749: 69990, 20750: 686, 20751: 1399, 20752: 1502, 20754: 44206, 20757: 1161, 20758: 1012, 20759: 62344, 20761: 1482, 20762: 75453, 20763: 63099, 20764: 1084, 20765: 63099, 20766: 63099, 20768: 184, 20769: 395, 20770: 77145, 20773: 70500, 20774: 1154, 20775: 69990, 20777: 1391, 20778: 70500, 20779: 1399, 20781: 1457, 20782: 49332, 20784: 57290, 20785: 2048, 20786: 70500, 20789: 1347, 20790: 58543, 20791: 70342, 20792: 46793, 20793: 146, 20794: 49332, 20795: 59008, 20796: 1188, 20797: 75421, 20798: 13699, 20799: 70373, 20800: 1482, 20802: 69242, 20803: 85710, 20804: 57309, 20805: 69242, 20806: 1391, 20807: 72051, 20808: 82067, 20809: 1291, 20810: 63099, 20811: 57070, 20813: 48266, 20814: 1482, 20815: 85687, 20816: 57455, 20817: 85687, 20818: 1391, 20819: 1502, 20820: 1167, 20821: 1116, 20822: 85687, 20823: 46494, 20824: 57417, 20825: 75453, 20826: 75379, 20827: 46494, 20828: 184, 20829: 67720, 20831: 57290, 20832: 57639, 20833: 1291, 20834: 728, 20835: 1502, 20836: 1583, 20837: 57070, 20838: 57070, 20840: 2048, 20841: 1412, 20842: 1357, 20843: 226, 20844: 57455, 20845: 65877, 20846: 1300, 20850: 65877, 20852: 90927, 20853: 51797, 20854: 72051, 20856: 46793, 20858: 48266, 20859: 82070, 20860: 63882, 20861: 63882, 20862: 82070, 20863: 82070, 20864: 395, 20872: 953, 20873: 395, 20874: 0, 20875: 91053, 20876: 683, 20877: 83288, 20881: 75379, 20883: 75453, 20884: 57972, 20885: 59008, 20886: 64727, 20887: 1540, 20888: 82070, 20889: 683, 20890: 64727, 20891: 1391, 20892: 82070, 20894: 85669, 20895: 64790, 20897: 1540, 20900: 1457, 20901: 75379, 20902: 72039, 20904: 63099, 20905: 522, 20906: 765, 20907: 1188, 20909: 65877, 20910: 182, 20911: 849, 20913: 72051, 20916: 85669, 20917: 87001, 20918: 73383, 20919: 63882, 20921: 58543, 20922: 82070, 20923: 690, 20925: 1294, 20926: 85700, 20928: 1300, 20929: 51797, 20930: 61726, 20931: 51797, 20932: 1288, 20933: 57290, 20934: 63099, 20935: 82070, 20936: 91053, 20937: 1399, 20938: 1193, 20939: 1502, 20940: 1223, 20941: 72039, 20942: 1399, 20943: 69985, 20944: 1193, 20948: 83288, 20949: 1193, 20950: 87001, 20951: 1300, 20953: 64727, 20954: 68173, 20955: 1457, 20956: 57639, 20958: 57639, 20959: 65877, 20960: 54448, 20961: 1012, 20962: 1300, 20963: 69995, 20964: 72039, 20965: 91053, 20966: 64790, 20967: 1054, 20968: 44206, 20969: 85700, 20970: 57972, 20971: 63756, 20973: 85710, 20974: 59008, 20975: 1154, 20977: 85710, 20978: 63756, 20979: 0, 20980: 63756, 20981: 49332, 20982: 72039, 20983: 1054, 20985: 72039, 20986: 728, 20987: 64790, 20988: 1054, 20990: 85710, 20992: 68650, 20993: 72039, 20995: 1012, 20997: 83288, 20998: 82070, 20999: 87001, 21000: 63882, 21001: 70500, 21002: 57639, 21003: 57972, 21005: 83288, 21006: 72051, 21007: 2048, 21008: 69995, 21009: 65877, 21011: 72039, 21012: 87001, 21013: 57290, 21014: 65877, 21015: 91053, 21016: 72051, 21017: 64790, 21018: 1193, 21019: 184, 21020: 69985, 21021: 1543, 21022: 75379, 21023: 63270, 21028: 86055, 21030: 85700, 21032: 52945, 21033: 35245, 21034: 1154, 21035: 58543, 21036: 35259, 21037: 1223, 21038: 728, 21039: 63270, 21041: 85700, 21043: 67720, 21045: 1188, 21047: 86055, 21050: 83288, 21053: 1294, 21055: 82080, 21056: 1585, 21057: 1107, 21058: 1107, 21059: 395, 21060: 1107, 21061: 46494, 21062: 1502, 21063: 1014, 21064: 57381, 21065: 1543, 21066: 1188, 21067: 683, 21068: 73383, 21069: 46494, 21070: 69990, 21072: 1107, 21073: 1182, 21074: 67720, 21075: 78645, 21077: 1540, 21084: 1617, 21085: 88653, 21086: 90942, 21087: 57649, 21091: 85710, 21092: 58096, 21093: 85646, 21096: 2346, 21097: 74355, 21098: 63756, 21099: 2114, 21100: 2076, 21101: 2346, 21102: 2114, 21103: 1116, 21104: 59008, 21105: 80140, 21106: 2114, 21107: 73235, 21108: 56939, 21109: 56939, 21110: 80140, 21112: 1391, 21113: 89226, 21115: 2114, 21116: 89226, 21117: 80140, 21118: 83288, 21119: 89226, 21120: 2076, 21121: 74355, 21123: 80140, 21124: 88653, 21125: 88653, 21126: 74355, 21127: 56939, 21128: 74355, 21129: 74355, 21130: 53429, 21132: 57649, 21133: 87984, 21134: 53429, 21135: 56939, 21136: 53429, 21138: 57649, 21139: 56939, 21140: 57649, 21141: 86157, 21142: 80140, 21143: 53429, 21144: 2114, 21145: 53429, 21146: 89226, 21147: 88653, 21148: 53429, 21149: 80140, 21150: 80140, 21151: 86213, 21153: 53429, 21154: 1223, 21155: 86157, 21156: 87984, 21157: 1288, 21159: 2346, 21163: 146, 21164: 86157, 21165: 80140, 21166: 90998, 21167: 87984, 21168: 90998, 21170: 90998, 21171: 86213, 21172: 57649, 21173: 2076, 21174: 2114, 21175: 0, 21176: 2076, 21177: 87984, 21178: 88653, 21179: 56939, 21180: 2346, 21181: 57649, 21182: 86157, 21184: 87984, 21185: 0, 21186: 2076, 21187: 0, 21188: 0, 21189: 0, 21190: 63270, 21191: 184, 21192: 1223, 21193: 70500, 21194: 0, 21195: 1167, 21196: 70342, 21197: 74355, 21198: 2114, 21199: 86213, 21203: 2076, 21205: 53429, 21206: 86213, 21208: 87984, 21209: 89226, 21223: 1585, 21226: 1014, 21227: 69985, 21228: 46494, 21229: 395, 21230: 78645, 21231: 395, 21232: 1259, 21233: 683, 21234: 70342, 21235: 1259, 21236: 57381, 21237: 71117, 21238: 1543, 21239: 72051, 21240: 1107, 21241: 1347, 21244: 66626, 21249: 1012, 21262: 57070, 21265: 13699, 21271: 91053, 21279: 59008, 21280: 59008, 21288: 57290, 21290: 51797, 21298: 57639, 21303: 1347, 21304: 35259, 21305: 35259, 21306: 226, 21307: 64790, 21308: 1113, 21311: 1540, 21312: 1294, 21313: 35259, 21314: 88486, 21315: 57417, 21316: 1054, 21317: 1347, 21318: 57455, 21319: 51797, 21322: 690, 21324: 13828, 21325: 13828, 21326: 35259, 21327: 1347, 21328: 519, 21329: 78626, 21331: 72039, 21333: 57455, 21334: 57455, 21335: 226, 21336: 765, 21338: 1502, 21339: 1054, 21340: 1107, 21341: 1294, 21344: 1300, 21345: 72039, 21346: 91053, 21348: 63099, 21349: 0, 21351: 69990, 21354: 519, 21356: 90927, 21357: 75379, 21358: 184, 21363: 57257, 21366: 65941, 21369: 765, 21370: 63756, 21378: 68173, 21384: 44206, 21398: 78626, 21445: 74355, 21446: 58096, 21447: 1357, 21448: 35259, 21450: 69990, 21454: 48922, 21455: 1014, 21460: 1482, 21462: 1585, 21463: 75453, 21465: 0, 21468: 1391, 21470: 226, 21474: 686, 21475: 1012, 21477: 91896, 21478: 61726, 21479: 1107, 21480: 519, 21481: 1161, 21482: 1161, 21483: 70373, 21484: 69995, 21487: 51797, 21488: 65161, 21489: 91053, 21490: 1259, 21491: 1113, 21492: 1161, 21493: 50453, 21494: 342}",0.0,filho
649017.8750906673,Cruzamento,1733628479.2706509,79,"{20331: 1294, 20332: 70342, 20333: 1482, 20334: 82085, 20335: 1294, 20336: 57257, 20337: 65341, 20338: 1182, 20339: 1084, 20340: 57309, 20341: 765, 20342: 2048, 20343: 69242, 20344: 849, 20345: 57257, 20346: 1412, 20347: 63099, 20348: 1084, 20349: 75453, 20350: 63099, 20351: 75453, 20352: 69242, 20353: 70342, 20354: 849, 20355: 1489, 20356: 1489, 20357: 849, 20358: 70342, 20359: 57257, 20360: 2048, 20361: 58096, 20362: 1412, 20363: 1489, 20364: 184, 20365: 1617, 20366: 70171, 20367: 57309, 20368: 90927, 20369: 1617, 20370: 48266, 20371: 70373, 20372: 49332, 20373: 1291, 20378: 1182, 20379: 69990, 20380: 70342, 20381: 57070, 20383: 1583, 20384: 686, 20385: 75421, 20386: 68182, 20387: 75421, 20388: 13699, 20389: 68182, 20392: 1291, 20393: 63099, 20394: 75453, 20395: 48266, 20396: 1543, 20397: 849, 20398: 75421, 20399: 70342, 20400: 58096, 20401: 57455, 20402: 1489, 20403: 1084, 20404: 57455, 20405: 1288, 20406: 519, 20407: 743, 20408: 71117, 20409: 1288, 20410: 57381, 20411: 449, 20412: 226, 20413: 58096, 20414: 1014, 20415: 46494, 20416: 805, 20417: 57290, 20418: 683, 20419: 1617, 20421: 65341, 20422: 82085, 20423: 1585, 20427: 68173, 20428: 78645, 20429: 48922, 20432: 44206, 20433: 1502, 20434: 57290, 20436: 182, 20437: 1188, 20438: 1502, 20439: 57381, 20440: 73383, 20441: 70342, 20442: 57381, 20443: 13828, 20444: 71117, 20445: 683, 20446: 1502, 20447: 71117, 20449: 50588, 20450: 913, 20451: 80479, 20452: 80479, 20453: 35245, 20454: 69995, 20455: 52945, 20456: 70342, 20457: 46793, 20458: 1012, 20459: 51797, 20460: 63756, 20461: 35245, 20462: 64790, 20463: 57257, 20465: 57070, 20466: 63756, 20467: 849, 20468: 743, 20469: 67720, 20471: 1014, 20472: 13828, 20473: 1188, 20475: 67720, 20476: 1259, 20481: 71117, 20482: 35245, 20484: 85646, 20485: 46793, 20486: 913, 20487: 743, 20488: 44206, 20489: 683, 20490: 519, 20491: 78645, 20492: 57381, 20493: 82080, 20494: 91896, 20495: 1585, 20496: 58096, 20497: 54448, 20499: 1054, 20501: 1347, 20503: 35259, 20504: 57070, 20505: 83288, 20506: 1012, 20507: 46494, 20508: 69995, 20509: 1012, 20510: 52945, 20511: 64727, 20512: 54448, 20513: 1291, 20514: 146, 20515: 52945, 20517: 35245, 20518: 226, 20519: 75379, 20520: 69995, 20521: 50588, 20522: 52945, 20523: 1543, 20524: 449, 20525: 728, 20527: 1617, 20528: 44206, 20530: 72051, 20531: 13828, 20532: 1259, 20533: 69990, 20534: 46793, 20535: 75958, 20536: 68173, 20537: 1617, 20538: 690, 20539: 69990, 20540: 1617, 20541: 71117, 20542: 1288, 20543: 449, 20544: 1014, 20545: 1585, 20546: 91896, 20547: 57070, 20549: 80479, 20550: 63270, 20552: 46494, 20553: 71117, 20554: 1288, 20555: 61726, 20556: 78631, 20557: 1391, 20558: 1502, 20559: 1399, 20560: 686, 20561: 46494, 20563: 65877, 20564: 1167, 20565: 85710, 20567: 69990, 20569: 51797, 20570: 743, 20571: 68173, 20572: 1347, 20573: 690, 20574: 67720, 20575: 449, 20576: 728, 20577: 48922, 20578: 1014, 20579: 1347, 20580: 35259, 20581: 75958, 20582: 48922, 20583: 743, 20584: 1347, 20585: 1543, 20587: 1161, 20588: 1012, 20589: 65161, 20590: 395, 20591: 449, 20592: 1188, 20593: 57290, 20594: 690, 20595: 522, 20596: 73383, 20597: 805, 20599: 1012, 20600: 63270, 20601: 63270, 20602: 35245, 20605: 226, 20606: 1161, 20607: 52945, 20608: 58096, 20609: 1173, 20610: 1084, 20611: 65877, 20612: 75453, 20613: 1457, 20614: 57309, 20615: 69995, 20616: 849, 20617: 1167, 20618: 1540, 20619: 765, 20620: 1457, 20621: 1167, 20622: 686, 20624: 1457, 20625: 65877, 20626: 686, 20628: 686, 20630: 66626, 20631: 519, 20633: 1107, 20634: 72051, 20635: 1084, 20636: 913, 20637: 1391, 20638: 146, 20639: 85669, 20640: 57639, 20641: 52945, 20642: 1391, 20643: 1193, 20645: 1391, 20646: 953, 20647: 686, 20648: 58096, 20650: 58096, 20651: 62344, 20652: 686, 20653: 1193, 20654: 85669, 20655: 1412, 20656: 184, 20659: 1585, 20661: 69995, 20662: 70373, 20663: 913, 20669: 522, 20670: 78631, 20671: 57639, 20672: 35259, 20673: 57972, 20675: 61726, 20676: 57972, 20677: 73235, 20678: 62344, 20680: 68173, 20681: 449, 20684: 1347, 20688: 1617, 20689: 69995, 20690: 52945, 20692: 57257, 20693: 85669, 20694: 66626, 20695: 1489, 20696: 1173, 20697: 1182, 20698: 58543, 20699: 63756, 20700: 50588, 20701: 913, 20702: 1167, 20703: 54448, 20704: 66626, 20705: 75379, 20706: 1182, 20707: 70342, 20708: 46494, 20709: 1161, 20710: 1161, 20711: 1543, 20712: 0, 20713: 75421, 20714: 52945, 20715: 690, 20716: 70342, 20717: 57639, 20719: 1585, 20720: 75453, 20721: 913, 20722: 805, 20723: 51797, 20724: 80479, 20725: 85669, 20726: 46793, 20727: 78631, 20729: 1617, 20730: 88486, 20731: 48922, 20732: 1054, 20734: 1288, 20735: 57309, 20736: 1014, 20737: 73383, 20739: 35259, 20740: 57455, 20741: 686, 20742: 1167, 20743: 1116, 20744: 68650, 20746: 69990, 20747: 91053, 20748: 58096, 20749: 69990, 20750: 686, 20751: 1399, 20752: 1502, 20754: 44206, 20757: 1161, 20758: 1012, 20759: 62344, 20761: 1482, 20762: 75453, 20763: 63099, 20764: 1084, 20765: 63099, 20766: 63099, 20768: 184, 20769: 395, 20770: 77145, 20773: 70500, 20774: 1154, 20775: 69990, 20777: 1391, 20778: 70500, 20779: 1399, 20781: 1457, 20782: 49332, 20784: 57290, 20785: 2048, 20786: 70500, 20789: 1347, 20790: 58543, 20791: 70342, 20792: 46793, 20793: 146, 20794: 49332, 20795: 59008, 20796: 1188, 20797: 75421, 20798: 13699, 20799: 70373, 20800: 1482, 20802: 69242, 20803: 85710, 20804: 57309, 20805: 69242, 20806: 1391, 20807: 72051, 20808: 82067, 20809: 1291, 20810: 63099, 20811: 57070, 20813: 48266, 20814: 1482, 20815: 85687, 20816: 57455, 20817: 85687, 20818: 1391, 20819: 1502, 20820: 1167, 20821: 1116, 20822: 85687, 20823: 46494, 20824: 57417, 20825: 75453, 20826: 75379, 20827: 46494, 20828: 184, 20829: 67720, 20831: 57290, 20832: 57639, 20833: 1291, 20834: 728, 20835: 1502, 20836: 1583, 20837: 57070, 20838: 57070, 20840: 2048, 20841: 1412, 20842: 1357, 20843: 226, 20844: 57455, 20845: 65877, 20846: 1300, 20850: 65877, 20852: 90927, 20853: 51797, 20854: 72051, 20856: 46793, 20858: 48266, 20859: 82070, 20860: 63882, 20861: 63882, 20862: 82070, 20863: 82070, 20864: 395, 20872: 953, 20873: 395, 20874: 0, 20875: 91053, 20876: 683, 20877: 83288, 20881: 75379, 20883: 75453, 20884: 57972, 20885: 59008, 20886: 64727, 20887: 1540, 20888: 82070, 20889: 683, 20890: 64727, 20891: 1391, 20892: 82070, 20894: 85669, 20895: 64790, 20897: 1540, 20900: 1457, 20901: 75379, 20902: 72039, 20904: 63099, 20905: 522, 20906: 765, 20907: 1188, 20909: 65877, 20910: 182, 20911: 849, 20913: 72051, 20916: 85669, 20917: 87001, 20918: 73383, 20919: 63882, 20921: 58543, 20922: 82070, 20923: 690, 20925: 1294, 20926: 85700, 20928: 1300, 20929: 51797, 20930: 61726, 20931: 51797, 20932: 1288, 20933: 57290, 20934: 63099, 20935: 82070, 20936: 91053, 20937: 1399, 20938: 1193, 20939: 1502, 20940: 1223, 20941: 72039, 20942: 1399, 20943: 69985, 20944: 1193, 20948: 83288, 20949: 1193, 20950: 87001, 20951: 1300, 20953: 64727, 20954: 68173, 20955: 1457, 20956: 57639, 20958: 57639, 20959: 65877, 20960: 54448, 20961: 1012, 20962: 1300, 20963: 69995, 20964: 72039, 20965: 91053, 20966: 64790, 20967: 1054, 20968: 44206, 20969: 85700, 20970: 57972, 20971: 63756, 20973: 85710, 20974: 59008, 20975: 1154, 20977: 85710, 20978: 63756, 20979: 0, 20980: 63756, 20981: 49332, 20982: 72039, 20983: 1054, 20985: 72039, 20986: 728, 20987: 64790, 20988: 1054, 20990: 85710, 20992: 68650, 20993: 72039, 20995: 1012, 20997: 83288, 20998: 82070, 20999: 87001, 21000: 63882, 21001: 70500, 21002: 57639, 21003: 57972, 21005: 83288, 21006: 72051, 21007: 2048, 21008: 69995, 21009: 65877, 21011: 72039, 21012: 87001, 21013: 57290, 21014: 65877, 21015: 91053, 21016: 72051, 21017: 64790, 21018: 1193, 21019: 184, 21020: 69985, 21021: 1543, 21022: 75379, 21023: 63270, 21028: 86055, 21030: 85700, 21032: 52945, 21033: 35245, 21034: 1154, 21035: 58543, 21036: 35259, 21037: 1223, 21038: 728, 21039: 63270, 21041: 85700, 21043: 67720, 21045: 1188, 21047: 86055, 21050: 83288, 21053: 1294, 21055: 82080, 21056: 1585, 21057: 1107, 21058: 1107, 21059: 395, 21060: 1107, 21061: 46494, 21062: 1502, 21063: 1014, 21064: 57381, 21065: 1543, 21066: 1188, 21067: 683, 21068: 73383, 21069: 46494, 21070: 69990, 21072: 1107, 21073: 1182, 21074: 67720, 21075: 78645, 21077: 1540, 21084: 1617, 21085: 88653, 21086: 90942, 21087: 57649, 21091: 85710, 21092: 58096, 21093: 85646, 21096: 2346, 21097: 74355, 21098: 63756, 21099: 2114, 21100: 2076, 21101: 2346, 21102: 2114, 21103: 1116, 21104: 59008, 21105: 80140, 21106: 2114, 21107: 73235, 21108: 56939, 21109: 56939, 21110: 80140, 21112: 1391, 21113: 89226, 21115: 2114, 21116: 89226, 21117: 80140, 21118: 83288, 21119: 89226, 21120: 2076, 21121: 74355, 21123: 80140, 21124: 88653, 21125: 88653, 21126: 74355, 21127: 56939, 21128: 74355, 21129: 74355, 21130: 53429, 21132: 57649, 21133: 87984, 21134: 53429, 21135: 56939, 21136: 53429, 21138: 57649, 21139: 56939, 21140: 57649, 21141: 86157, 21142: 80140, 21143: 53429, 21144: 2114, 21145: 53429, 21146: 89226, 21147: 88653, 21148: 53429, 21149: 80140, 21150: 80140, 21151: 86213, 21153: 53429, 21154: 1223, 21155: 86157, 21156: 87984, 21157: 1288, 21159: 2346, 21163: 146, 21164: 86157, 21165: 80140, 21166: 90998, 21167: 87984, 21168: 90998, 21170: 90998, 21171: 86213, 21172: 57649, 21173: 2076, 21174: 2114, 21175: 0, 21176: 2076, 21177: 87984, 21178: 88653, 21179: 56939, 21180: 2346, 21181: 57649, 21182: 86157, 21184: 87984, 21185: 0, 21186: 2076, 21187: 0, 21188: 0, 21189: 0, 21190: 63270, 21191: 184, 21192: 1223, 21193: 70500, 21194: 0, 21195: 1167, 21196: 70342, 21197: 74355, 21198: 2114, 21199: 86213, 21203: 2076, 21205: 53429, 21206: 86213, 21208: 87984, 21209: 89226, 21223: 1585, 21226: 1014, 21227: 69985, 21228: 46494, 21229: 395, 21230: 78645, 21231: 395, 21232: 1259, 21233: 683, 21234: 70342, 21235: 1259, 21236: 57381, 21237: 71117, 21238: 1543, 21239: 72051, 21240: 1107, 21241: 1347, 21244: 66626, 21249: 1012, 21262: 57070, 21265: 13699, 21271: 91053, 21279: 59008, 21280: 59008, 21288: 57290, 21290: 51797, 21298: 57639, 21303: 1347, 21304: 35259, 21305: 35259, 21306: 226, 21307: 64790, 21308: 1113, 21311: 1540, 21312: 1294, 21313: 35259, 21314: 88486, 21315: 57417, 21316: 1054, 21317: 1347, 21318: 57455, 21319: 51797, 21322: 690, 21324: 13828, 21325: 13828, 21326: 35259, 21327: 1347, 21328: 519, 21329: 78626, 21331: 72039, 21333: 57455, 21334: 57455, 21335: 226, 21336: 765, 21338: 1502, 21339: 1054, 21340: 1107, 21341: 1294, 21344: 1300, 21345: 72039, 21346: 91053, 21348: 63099, 21349: 0, 21351: 69990, 21354: 519, 21356: 90927, 21357: 75379, 21358: 184, 21363: 57257, 21366: 65941, 21369: 765, 21370: 63756, 21378: 68173, 21384: 44206, 21398: 78626, 21445: 74355, 21446: 62344, 21447: 1347, 21448: 67720, 21450: 1014, 21454: 68173, 21455: 683, 21460: 0, 21462: 82080, 21463: 75453, 21465: 0, 21468: 1391, 21470: 226, 21474: 686, 21475: 1012, 21477: 91896, 21478: 61726, 21479: 1107, 21480: 519, 21481: 1161, 21482: 1161, 21483: 70373, 21484: 69995, 21487: 51797, 21488: 65161, 21489: 91053, 21490: 1259, 21491: 1113, 21492: 1161, 21493: 50453, 21494: 342}",0.0,duplicado
649017.8750906673,Cruzamento,1733628481.9413898,80,"{20331: 1294, 20332: 70342, 20333: 1482, 20334: 82085, 20335: 1294, 20336: 57257, 20337: 65341, 20338: 1182, 20339: 1084, 20340: 57309, 20341: 765, 20342: 2048, 20343: 69242, 20344: 849, 20345: 57257, 20346: 1412, 20347: 63099, 20348: 1084, 20349: 75453, 20350: 63099, 20351: 75453, 20352: 69242, 20353: 70342, 20354: 849, 20355: 1489, 20356: 1489, 20357: 849, 20358: 70342, 20359: 57257, 20360: 2048, 20361: 58096, 20362: 1412, 20363: 1489, 20364: 184, 20365: 1617, 20366: 70171, 20367: 57309, 20368: 90927, 20369: 1617, 20370: 48266, 20371: 70373, 20372: 49332, 20373: 1291, 20378: 1182, 20379: 69990, 20380: 70342, 20381: 57070, 20383: 1583, 20384: 686, 20385: 75421, 20386: 68182, 20387: 75421, 20388: 13699, 20389: 68182, 20392: 1291, 20393: 63099, 20394: 75453, 20395: 48266, 20396: 1543, 20397: 849, 20398: 75421, 20399: 70342, 20400: 58096, 20401: 57455, 20402: 1489, 20403: 1084, 20404: 57455, 20405: 1288, 20406: 519, 20407: 743, 20408: 71117, 20409: 1288, 20410: 57381, 20411: 449, 20412: 226, 20413: 58096, 20414: 1014, 20415: 46494, 20416: 805, 20417: 57290, 20418: 683, 20419: 1617, 20421: 65341, 20422: 82085, 20423: 1585, 20427: 68173, 20428: 78645, 20429: 48922, 20432: 44206, 20433: 1502, 20434: 57290, 20436: 182, 20437: 1188, 20438: 1502, 20439: 57381, 20440: 73383, 20441: 70342, 20442: 57381, 20443: 13828, 20444: 71117, 20445: 683, 20446: 1502, 20447: 71117, 20449: 50588, 20450: 913, 20451: 80479, 20452: 80479, 20453: 35245, 20454: 69995, 20455: 52945, 20456: 70342, 20457: 46793, 20458: 1012, 20459: 51797, 20460: 63756, 20461: 35245, 20462: 64790, 20463: 57257, 20465: 57070, 20466: 63756, 20467: 849, 20468: 743, 20469: 67720, 20471: 1014, 20472: 13828, 20473: 1188, 20475: 67720, 20476: 1259, 20481: 71117, 20482: 35245, 20484: 85646, 20485: 46793, 20486: 913, 20487: 743, 20488: 44206, 20489: 683, 20490: 519, 20491: 78645, 20492: 57381, 20493: 82080, 20494: 91896, 20495: 1585, 20496: 58096, 20497: 54448, 20499: 1054, 20501: 1347, 20503: 35259, 20504: 57070, 20505: 83288, 20506: 1012, 20507: 46494, 20508: 69995, 20509: 1012, 20510: 52945, 20511: 64727, 20512: 54448, 20513: 1291, 20514: 146, 20515: 52945, 20517: 35245, 20518: 226, 20519: 75379, 20520: 69995, 20521: 50588, 20522: 52945, 20523: 1543, 20524: 449, 20525: 728, 20527: 1617, 20528: 44206, 20530: 72051, 20531: 13828, 20532: 1259, 20533: 69990, 20534: 46793, 20535: 75958, 20536: 68173, 20537: 1617, 20538: 690, 20539: 69990, 20540: 1617, 20541: 71117, 20542: 1288, 20543: 449, 20544: 1014, 20545: 1585, 20546: 91896, 20547: 57070, 20549: 80479, 20550: 63270, 20552: 46494, 20553: 71117, 20554: 1288, 20555: 61726, 20556: 78631, 20557: 1391, 20558: 1502, 20559: 1399, 20560: 686, 20561: 46494, 20563: 65877, 20564: 1167, 20565: 85710, 20567: 69990, 20569: 51797, 20570: 743, 20571: 68173, 20572: 1347, 20573: 690, 20574: 67720, 20575: 449, 20576: 728, 20577: 48922, 20578: 1014, 20579: 1347, 20580: 35259, 20581: 75958, 20582: 48922, 20583: 743, 20584: 1347, 20585: 1543, 20587: 1161, 20588: 1012, 20589: 65161, 20590: 395, 20591: 449, 20592: 1188, 20593: 57290, 20594: 690, 20595: 522, 20596: 73383, 20597: 805, 20599: 1012, 20600: 63270, 20601: 63270, 20602: 35245, 20605: 226, 20606: 1161, 20607: 52945, 20608: 58096, 20609: 1173, 20610: 1084, 20611: 65877, 20612: 75453, 20613: 1457, 20614: 57309, 20615: 69995, 20616: 849, 20617: 1167, 20618: 1540, 20619: 765, 20620: 1457, 20621: 1167, 20622: 686, 20624: 1457, 20625: 65877, 20626: 686, 20628: 686, 20630: 66626, 20631: 519, 20633: 1107, 20634: 72051, 20635: 1084, 20636: 913, 20637: 1391, 20638: 146, 20639: 85669, 20640: 57639, 20641: 52945, 20642: 1391, 20643: 1193, 20645: 1391, 20646: 953, 20647: 686, 20648: 58096, 20650: 58096, 20651: 62344, 20652: 686, 20653: 1193, 20654: 85669, 20655: 1412, 20656: 184, 20659: 1585, 20661: 69995, 20662: 70373, 20663: 913, 20669: 522, 20670: 78631, 20671: 57639, 20672: 35259, 20673: 57972, 20675: 61726, 20676: 57972, 20677: 73235, 20678: 62344, 20680: 68173, 20681: 449, 20684: 1347, 20688: 1617, 20689: 69995, 20690: 52945, 20692: 57257, 20693: 85669, 20694: 66626, 20695: 1489, 20696: 1173, 20697: 1182, 20698: 58543, 20699: 63756, 20700: 50588, 20701: 913, 20702: 1167, 20703: 54448, 20704: 66626, 20705: 75379, 20706: 1182, 20707: 70342, 20708: 46494, 20709: 1161, 20710: 1161, 20711: 1543, 20712: 0, 20713: 75421, 20714: 52945, 20715: 690, 20716: 70342, 20717: 57639, 20719: 1585, 20720: 75453, 20721: 913, 20722: 805, 20723: 51797, 20724: 80479, 20725: 85669, 20726: 46793, 20727: 78631, 20729: 1617, 20730: 88486, 20731: 48922, 20732: 1054, 20734: 1288, 20735: 57309, 20736: 1014, 20737: 73383, 20739: 35259, 20740: 57455, 20741: 686, 20742: 1167, 20743: 1116, 20744: 68650, 20746: 69990, 20747: 91053, 20748: 58096, 20749: 69990, 20750: 686, 20751: 1399, 20752: 1502, 20754: 44206, 20757: 1161, 20758: 1012, 20759: 62344, 20761: 1482, 20762: 75453, 20763: 63099, 20764: 1084, 20765: 63099, 20766: 63099, 20768: 184, 20769: 395, 20770: 77145, 20773: 70500, 20774: 1154, 20775: 69990, 20777: 1391, 20778: 70500, 20779: 1399, 20781: 1457, 20782: 49332, 20784: 57290, 20785: 2048, 20786: 70500, 20789: 1347, 20790: 58543, 20791: 70342, 20792: 46793, 20793: 146, 20794: 49332, 20795: 59008, 20796: 1188, 20797: 75421, 20798: 13699, 20799: 70373, 20800: 1482, 20802: 69242, 20803: 85710, 20804: 57309, 20805: 69242, 20806: 1391, 20807: 72051, 20808: 82067, 20809: 1291, 20810: 63099, 20811: 57070, 20813: 48266, 20814: 1482, 20815: 85687, 20816: 57455, 20817: 85687, 20818: 1391, 20819: 1502, 20820: 1167, 20821: 1116, 20822: 85687, 20823: 46494, 20824: 57417, 20825: 75453, 20826: 75379, 20827: 46494, 20828: 184, 20829: 67720, 20831: 57290, 20832: 57639, 20833: 1291, 20834: 728, 20835: 1502, 20836: 1583, 20837: 57070, 20838: 57070, 20840: 2048, 20841: 1412, 20842: 1357, 20843: 226, 20844: 57455, 20845: 65877, 20846: 1300, 20850: 65877, 20852: 90927, 20853: 51797, 20854: 72051, 20856: 46793, 20858: 48266, 20859: 82070, 20860: 63882, 20861: 63882, 20862: 82070, 20863: 82070, 20864: 395, 20872: 953, 20873: 395, 20874: 0, 20875: 91053, 20876: 683, 20877: 83288, 20881: 75379, 20883: 75453, 20884: 57972, 20885: 59008, 20886: 64727, 20887: 1540, 20888: 82070, 20889: 683, 20890: 64727, 20891: 1391, 20892: 82070, 20894: 85669, 20895: 64790, 20897: 1540, 20900: 1457, 20901: 75379, 20902: 72039, 20904: 63099, 20905: 522, 20906: 765, 20907: 1188, 20909: 65877, 20910: 182, 20911: 849, 20913: 72051, 20916: 85669, 20917: 87001, 20918: 73383, 20919: 63882, 20921: 58543, 20922: 82070, 20923: 690, 20925: 1294, 20926: 85700, 20928: 1300, 20929: 51797, 20930: 61726, 20931: 51797, 20932: 1288, 20933: 57290, 20934: 63099, 20935: 82070, 20936: 91053, 20937: 1399, 20938: 1193, 20939: 1502, 20940: 1223, 20941: 72039, 20942: 1399, 20943: 69985, 20944: 1193, 20948: 83288, 20949: 1193, 20950: 87001, 20951: 1300, 20953: 64727, 20954: 68173, 20955: 1457, 20956: 57639, 20958: 57639, 20959: 65877, 20960: 54448, 20961: 1012, 20962: 1300, 20963: 69995, 20964: 72039, 20965: 91053, 20966: 64790, 20967: 1054, 20968: 44206, 20969: 85700, 20970: 57972, 20971: 63756, 20973: 85710, 20974: 59008, 20975: 1154, 20977: 85710, 20978: 63756, 20979: 0, 20980: 63756, 20981: 49332, 20982: 72039, 20983: 1054, 20985: 72039, 20986: 728, 20987: 64790, 20988: 1054, 20990: 85710, 20992: 68650, 20993: 72039, 20995: 1012, 20997: 83288, 20998: 82070, 20999: 87001, 21000: 63882, 21001: 70500, 21002: 57639, 21003: 57972, 21005: 83288, 21006: 72051, 21007: 2048, 21008: 69995, 21009: 65877, 21011: 72039, 21012: 87001, 21013: 57290, 21014: 65877, 21015: 91053, 21016: 72051, 21017: 64790, 21018: 1193, 21019: 184, 21020: 69985, 21021: 1543, 21022: 75379, 21023: 63270, 21028: 86055, 21030: 85700, 21032: 52945, 21033: 35245, 21034: 1154, 21035: 58543, 21036: 35259, 21037: 1223, 21038: 728, 21039: 63270, 21041: 85700, 21043: 67720, 21045: 1188, 21047: 86055, 21050: 83288, 21053: 1294, 21055: 82080, 21056: 1585, 21057: 1107, 21058: 1107, 21059: 395, 21060: 1107, 21061: 46494, 21062: 1502, 21063: 1014, 21064: 57381, 21065: 1543, 21066: 1188, 21067: 683, 21068: 73383, 21069: 46494, 21070: 69990, 21072: 1107, 21073: 1182, 21074: 67720, 21075: 78645, 21077: 1540, 21084: 1617, 21085: 88653, 21086: 90942, 21087: 57649, 21091: 85710, 21092: 58096, 21093: 85646, 21096: 2346, 21097: 74355, 21098: 63756, 21099: 2114, 21100: 2076, 21101: 2346, 21102: 2114, 21103: 1116, 21104: 59008, 21105: 80140, 21106: 2114, 21107: 73235, 21108: 56939, 21109: 56939, 21110: 80140, 21112: 1391, 21113: 89226, 21115: 2114, 21116: 89226, 21117: 80140, 21118: 83288, 21119: 89226, 21120: 2076, 21121: 74355, 21123: 80140, 21124: 88653, 21125: 88653, 21126: 74355, 21127: 56939, 21128: 74355, 21129: 74355, 21130: 53429, 21132: 57649, 21133: 87984, 21134: 53429, 21135: 56939, 21136: 53429, 21138: 57649, 21139: 56939, 21140: 57649, 21141: 86157, 21142: 80140, 21143: 53429, 21144: 2114, 21145: 53429, 21146: 89226, 21147: 88653, 21148: 53429, 21149: 80140, 21150: 80140, 21151: 86213, 21153: 53429, 21154: 1223, 21155: 86157, 21156: 87984, 21157: 1288, 21159: 2346, 21163: 146, 21164: 86157, 21165: 80140, 21166: 90998, 21167: 87984, 21168: 90998, 21170: 90998, 21171: 86213, 21172: 57649, 21173: 2076, 21174: 2114, 21175: 0, 21176: 2076, 21177: 87984, 21178: 88653, 21179: 56939, 21180: 2346, 21181: 57649, 21182: 86157, 21184: 87984, 21185: 0, 21186: 2076, 21187: 0, 21188: 0, 21189: 0, 21190: 63270, 21191: 184, 21192: 1223, 21193: 70500, 21194: 0, 21195: 1167, 21196: 70342, 21197: 74355, 21198: 2114, 21199: 86213, 21203: 2076, 21205: 53429, 21206: 86213, 21208: 87984, 21209: 89226, 21223: 1585, 21226: 1014, 21227: 69985, 21228: 46494, 21229: 395, 21230: 78645, 21231: 395, 21232: 1259, 21233: 683, 21234: 70342, 21235: 1259, 21236: 57381, 21237: 71117, 21238: 1543, 21239: 72051, 21240: 1107, 21241: 1347, 21244: 66626, 21249: 1012, 21262: 57070, 21265: 13699, 21271: 91053, 21279: 59008, 21280: 59008, 21288: 57290, 21290: 51797, 21298: 57639, 21303: 1347, 21304: 35259, 21305: 35259, 21306: 226, 21307: 64790, 21308: 1113, 21311: 1540, 21312: 1294, 21313: 35259, 21314: 88486, 21315: 57417, 21316: 1054, 21317: 1347, 21318: 57455, 21319: 51797, 21322: 690, 21324: 13828, 21325: 13828, 21326: 35259, 21327: 1347, 21328: 519, 21329: 78626, 21331: 72039, 21333: 57455, 21334: 57455, 21335: 226, 21336: 765, 21338: 1502, 21339: 1054, 21340: 1107, 21341: 1294, 21344: 1300, 21345: 72039, 21346: 91053, 21348: 63099, 21349: 0, 21351: 69990, 21354: 519, 21356: 90927, 21357: 75379, 21358: 184, 21363: 57257, 21366: 65941, 21369: 765, 21370: 63756, 21378: 68173, 21384: 44206, 21398: 78626, 21445: 74355, 21446: 62344, 21447: 1347, 21448: 67720, 21450: 1014, 21454: 68173, 21455: 683, 21460: 0, 21462: 82080, 21463: 75453, 21465: 0, 21468: 1391, 21470: 226, 21474: 686, 21475: 1012, 21477: 91896, 21478: 61726, 21479: 1107, 21480: 519, 21481: 1161, 21482: 1161, 21483: 70373, 21484: 69995, 21487: 51797, 21488: 65161, 21489: 91053, 21490: 1259, 21491: 1113, 21492: 1161, 21493: 50453, 21494: 342}",0.0,duplicado
649816.7921336666,Cruzamento,1733628481.9413898,80,"{20331: 1294, 20332: 70342, 20333: 1482, 20334: 82085, 20335: 1294, 20336: 57257, 20337: 65341, 20338: 1182, 20339: 1084, 20340: 57309, 20341: 765, 20342: 2048, 20343: 69242, 20344: 849, 20345: 57257, 20346: 1412, 20347: 63099, 20348: 1084, 20349: 75453, 20350: 63099, 20351: 75453, 20352: 69242, 20353: 70342, 20354: 849, 20355: 1489, 20356: 1489, 20357: 849, 20358: 70342, 20359: 57257, 20360: 2048, 20361: 58096, 20362: 1412, 20363: 1489, 20364: 184, 20365: 1617, 20366: 70171, 20367: 57309, 20368: 90927, 20369: 1617, 20370: 48266, 20371: 70373, 20372: 49332, 20373: 1291, 20378: 1182, 20379: 69990, 20380: 70342, 20381: 57070, 20383: 1583, 20384: 686, 20385: 75421, 20386: 68182, 20387: 75421, 20388: 13699, 20389: 68182, 20392: 1291, 20393: 63099, 20394: 75453, 20395: 48266, 20396: 1543, 20397: 849, 20398: 75421, 20399: 70342, 20400: 58096, 20401: 57455, 20402: 1489, 20403: 1084, 20404: 57455, 20405: 1288, 20406: 519, 20407: 743, 20408: 71117, 20409: 1288, 20410: 57381, 20411: 449, 20412: 226, 20413: 58096, 20414: 1014, 20415: 46494, 20416: 805, 20417: 57290, 20418: 683, 20419: 1617, 20421: 65341, 20422: 82085, 20423: 1585, 20427: 68173, 20428: 78645, 20429: 48922, 20432: 44206, 20433: 1502, 20434: 57290, 20436: 182, 20437: 1188, 20438: 1502, 20439: 57381, 20440: 73383, 20441: 70342, 20442: 57381, 20443: 13828, 20444: 71117, 20445: 683, 20446: 1502, 20447: 71117, 20449: 50588, 20450: 913, 20451: 80479, 20452: 80479, 20453: 35245, 20454: 69995, 20455: 52945, 20456: 70342, 20457: 46793, 20458: 1012, 20459: 51797, 20460: 63756, 20461: 35245, 20462: 64790, 20463: 57257, 20465: 57070, 20466: 63756, 20467: 849, 20468: 743, 20469: 67720, 20471: 1014, 20472: 13828, 20473: 1188, 20475: 67720, 20476: 1259, 20481: 71117, 20482: 35245, 20484: 85646, 20485: 46793, 20486: 913, 20487: 743, 20488: 44206, 20489: 683, 20490: 519, 20491: 78645, 20492: 57381, 20493: 82080, 20494: 91896, 20495: 1585, 20496: 58096, 20497: 54448, 20499: 1054, 20501: 1347, 20503: 35259, 20504: 57070, 20505: 83288, 20506: 1012, 20507: 46494, 20508: 69995, 20509: 1012, 20510: 52945, 20511: 64727, 20512: 54448, 20513: 1291, 20514: 146, 20515: 52945, 20517: 35245, 20518: 226, 20519: 75379, 20520: 69995, 20521: 50588, 20522: 52945, 20523: 1543, 20524: 449, 20525: 728, 20527: 1617, 20528: 44206, 20530: 72051, 20531: 13828, 20532: 1259, 20533: 69990, 20534: 46793, 20535: 75958, 20536: 68173, 20537: 1617, 20538: 690, 20539: 69990, 20540: 1617, 20541: 71117, 20542: 1288, 20543: 449, 20544: 1014, 20545: 1585, 20546: 91896, 20547: 57070, 20549: 80479, 20550: 63270, 20552: 46494, 20553: 71117, 20554: 1288, 20555: 61726, 20556: 78631, 20557: 1391, 20558: 1502, 20559: 1399, 20560: 686, 20561: 46494, 20563: 65877, 20564: 1167, 20565: 85710, 20567: 69990, 20569: 51797, 20570: 743, 20571: 68173, 20572: 1347, 20573: 690, 20574: 67720, 20575: 449, 20576: 728, 20577: 48922, 20578: 1014, 20579: 1347, 20580: 35259, 20581: 75958, 20582: 48922, 20583: 743, 20584: 1347, 20585: 1543, 20587: 1161, 20588: 1012, 20589: 65161, 20590: 395, 20591: 449, 20592: 1188, 20593: 57290, 20594: 690, 20595: 522, 20596: 73383, 20597: 805, 20599: 1012, 20600: 63270, 20601: 63270, 20602: 35245, 20605: 226, 20606: 1161, 20607: 52945, 20608: 58096, 20609: 1173, 20610: 1084, 20611: 65877, 20612: 75453, 20613: 1457, 20614: 57309, 20615: 69995, 20616: 849, 20617: 1167, 20618: 1540, 20619: 765, 20620: 1457, 20621: 1167, 20622: 686, 20624: 1457, 20625: 65877, 20626: 686, 20628: 686, 20630: 66626, 20631: 519, 20633: 1107, 20634: 72051, 20635: 1084, 20636: 913, 20637: 1391, 20638: 146, 20639: 85669, 20640: 57639, 20641: 52945, 20642: 1391, 20643: 1193, 20645: 1391, 20646: 953, 20647: 686, 20648: 58096, 20650: 58096, 20651: 62344, 20652: 686, 20653: 1193, 20654: 85669, 20655: 1412, 20656: 184, 20659: 1585, 20661: 69995, 20662: 70373, 20663: 913, 20669: 522, 20670: 78631, 20671: 57639, 20672: 35259, 20673: 57972, 20675: 61726, 20676: 57972, 20677: 73235, 20678: 62344, 20680: 68173, 20681: 449, 20684: 1347, 20688: 1617, 20689: 69995, 20690: 52945, 20692: 57257, 20693: 85669, 20694: 66626, 20695: 1489, 20696: 1173, 20697: 1182, 20698: 58543, 20699: 63756, 20700: 50588, 20701: 913, 20702: 1167, 20703: 54448, 20704: 66626, 20705: 75379, 20706: 1182, 20707: 70342, 20708: 46494, 20709: 1161, 20710: 1161, 20711: 1543, 20712: 0, 20713: 75421, 20714: 52945, 20715: 690, 20716: 70342, 20717: 57639, 20719: 1585, 20720: 75453, 20721: 913, 20722: 805, 20723: 51797, 20724: 80479, 20725: 85669, 20726: 46793, 20727: 78631, 20729: 1617, 20730: 88486, 20731: 48922, 20732: 1054, 20734: 1288, 20735: 57309, 20736: 1014, 20737: 73383, 20739: 35259, 20740: 57455, 20741: 686, 20742: 1167, 20743: 1116, 20744: 68650, 20746: 69990, 20747: 91053, 20748: 58096, 20749: 69990, 20750: 686, 20751: 1399, 20752: 1502, 20754: 44206, 20757: 1161, 20758: 1012, 20759: 62344, 20761: 1482, 20762: 75453, 20763: 63099, 20764: 1084, 20765: 63099, 20766: 63099, 20768: 184, 20769: 395, 20770: 77145, 20773: 70500, 20774: 1154, 20775: 69990, 20777: 1391, 20778: 70500, 20779: 1399, 20781: 1457, 20782: 49332, 20784: 57290, 20785: 2048, 20786: 70500, 20789: 1347, 20790: 58543, 20791: 70342, 20792: 46793, 20793: 146, 20794: 49332, 20795: 59008, 20796: 1188, 20797: 75421, 20798: 13699, 20799: 70373, 20800: 1482, 20802: 69242, 20803: 85710, 20804: 57309, 20805: 69242, 20806: 1391, 20807: 72051, 20808: 82067, 20809: 1291, 20810: 63099, 20811: 57070, 20813: 48266, 20814: 1482, 20815: 85687, 20816: 57455, 20817: 85687, 20818: 1391, 20819: 1502, 20820: 1167, 20821: 1116, 20822: 85687, 20823: 46494, 20824: 57417, 20825: 75453, 20826: 75379, 20827: 46494, 20828: 184, 20829: 67720, 20831: 57290, 20832: 57639, 20833: 1291, 20834: 728, 20835: 1502, 20836: 1583, 20837: 57070, 20838: 57070, 20840: 2048, 20841: 1412, 20842: 1357, 20843: 226, 20844: 57455, 20845: 65877, 20846: 1300, 20850: 65877, 20852: 90927, 20853: 51797, 20854: 72051, 20856: 46793, 20858: 48266, 20859: 82070, 20860: 63882, 20861: 63882, 20862: 82070, 20863: 82070, 20864: 395, 20872: 953, 20873: 395, 20874: 0, 20875: 91053, 20876: 683, 20877: 83288, 20881: 75379, 20883: 75453, 20884: 57972, 20885: 59008, 20886: 64727, 20887: 1540, 20888: 82070, 20889: 683, 20890: 64727, 20891: 1391, 20892: 82070, 20894: 85669, 20895: 64790, 20897: 1540, 20900: 1457, 20901: 75379, 20902: 72039, 20904: 63099, 20905: 522, 20906: 765, 20907: 1188, 20909: 65877, 20910: 182, 20911: 849, 20913: 72051, 20916: 85669, 20917: 87001, 20918: 73383, 20919: 63882, 20921: 58543, 20922: 82070, 20923: 690, 20925: 1294, 20926: 85700, 20928: 1300, 20929: 51797, 20930: 61726, 20931: 51797, 20932: 1288, 20933: 57290, 20934: 63099, 20935: 82070, 20936: 91053, 20937: 1399, 20938: 1193, 20939: 1502, 20940: 1223, 20941: 72039, 20942: 1399, 20943: 69985, 20944: 1193, 20948: 83288, 20949: 1193, 20950: 87001, 20951: 1300, 20953: 64727, 20954: 68173, 20955: 1457, 20956: 57639, 20958: 57639, 20959: 65877, 20960: 54448, 20961: 1012, 20962: 1300, 20963: 69995, 20964: 72039, 20965: 91053, 20966: 64790, 20967: 1054, 20968: 44206, 20969: 85700, 20970: 57972, 20971: 63756, 20973: 85710, 20974: 59008, 20975: 1154, 20977: 85710, 20978: 63756, 20979: 0, 20980: 63756, 20981: 49332, 20982: 72039, 20983: 1054, 20985: 72039, 20986: 728, 20987: 64790, 20988: 1054, 20990: 85710, 20992: 68650, 20993: 72039, 20995: 1012, 20997: 83288, 20998: 82070, 20999: 87001, 21000: 63882, 21001: 70500, 21002: 57639, 21003: 57972, 21005: 83288, 21006: 72051, 21007: 2048, 21008: 69995, 21009: 65877, 21011: 72039, 21012: 87001, 21013: 57290, 21014: 65877, 21015: 91053, 21016: 72051, 21017: 64790, 21018: 1193, 21019: 184, 21020: 69985, 21021: 1543, 21022: 75379, 21023: 63270, 21028: 86055, 21030: 85700, 21032: 52945, 21033: 35245, 21034: 1154, 21035: 58543, 21036: 35259, 21037: 1223, 21038: 728, 21039: 63270, 21041: 85700, 21043: 67720, 21045: 1188, 21047: 86055, 21050: 83288, 21053: 1294, 21055: 82080, 21056: 1585, 21057: 1107, 21058: 1107, 21059: 395, 21060: 1107, 21061: 46494, 21062: 1502, 21063: 1014, 21064: 57381, 21065: 1543, 21066: 1188, 21067: 683, 21068: 73383, 21069: 46494, 21070: 69990, 21072: 1107, 21073: 1182, 21074: 67720, 21075: 78645, 21077: 1540, 21084: 1617, 21085: 2114, 21086: 89226, 21087: 87984, 21091: 1012, 21092: 78631, 21093: 63270, 21096: 2114, 21097: 53429, 21098: 65941, 21099: 2114, 21100: 2076, 21101: 57649, 21102: 80140, 21103: 1457, 21104: 51797, 21105: 88653, 21106: 2346, 21107: 62344, 21108: 2346, 21109: 2114, 21110: 90942, 21112: 75379, 21113: 88653, 21115: 2346, 21116: 80140, 21117: 57649, 21118: 88486, 21119: 2076, 21120: 2076, 21121: 74355, 21123: 57649, 21124: 2076, 21125: 53429, 21126: 57649, 21127: 74355, 21128: 57649, 21129: 2114, 21130: 74355, 21132: 53429, 21133: 87984, 21134: 57649, 21135: 88653, 21136: 74355, 21138: 53429, 21139: 88653, 21140: 53429, 21141: 80140, 21142: 2346, 21143: 57649, 21144: 2114, 21145: 88653, 21146: 89226, 21147: 53429, 21148: 2114, 21149: 2076, 21150: 86213, 21151: 87984, 21153: 2114, 21154: 44206, 21155: 86157, 21156: 80140, 21157: 1188, 21159: 89226, 21163: 146, 21164: 86157, 21165: 88653, 21166: 88653, 21167: 80140, 21168: 2114, 21170: 88653, 21171: 53429, 21172: 57649, 21173: 56939, 21174: 90998, 21175: 1223, 21176: 56939, 21177: 56939, 21178: 57649, 21179: 86213, 21180: 90998, 21181: 86213, 21182: 86157, 21184: 56939, 21185: 86213, 21186: 86213, 21187: 0, 21188: 0, 21189: 0, 21190: 78631, 21191: 184, 21192: 59008, 21193: 57639, 21194: 0, 21195: 395, 21196: 1489, 21197: 57649, 21198: 74355, 21199: 2076, 21203: 90998, 21205: 74355, 21206: 86213, 21208: 87984, 21209: 89226, 21223: 683, 21226: 683, 21227: 1585, 21228: 68173, 21229: 0, 21230: 69990, 21231: 519, 21232: 57381, 21233: 1259, 21234: 805, 21235: 690, 21236: 71117, 21237: 71117, 21238: 1288, 21239: 72051, 21240: 1107, 21241: 1347, 21244: 66626, 21249: 1012, 21262: 57070, 21265: 13699, 21271: 91053, 21279: 59008, 21280: 59008, 21288: 57290, 21290: 51797, 21298: 57639, 21303: 1347, 21304: 35259, 21305: 35259, 21306: 226, 21307: 64790, 21308: 1113, 21311: 1540, 21312: 1294, 21313: 35259, 21314: 88486, 21315: 57417, 21316: 1054, 21317: 1347, 21318: 57455, 21319: 51797, 21322: 690, 21324: 13828, 21325: 13828, 21326: 35259, 21327: 1347, 21328: 519, 21329: 78626, 21331: 72039, 21333: 57455, 21334: 57455, 21335: 226, 21336: 765, 21338: 1502, 21339: 1054, 21340: 1107, 21341: 1294, 21344: 1300, 21345: 72039, 21346: 91053, 21348: 63099, 21349: 0, 21351: 69990, 21354: 519, 21356: 90927, 21357: 75379, 21358: 184, 21363: 57257, 21366: 65941, 21369: 765, 21370: 63756, 21378: 68173, 21384: 44206, 21398: 78626, 21445: 74355, 21446: 62344, 21447: 1347, 21448: 67720, 21450: 1014, 21454: 68173, 21455: 683, 21460: 0, 21462: 82080, 21463: 75453, 21465: 0, 21468: 1391, 21470: 226, 21474: 686, 21475: 1012, 21477: 91896, 21478: 61726, 21479: 1107, 21480: 519, 21481: 1161, 21482: 1161, 21483: 70373, 21484: 69995, 21487: 51797, 21488: 65161, 21489: 91053, 21490: 1259, 21491: 1113, 21492: 1161, 21493: 50453, 21494: 342}",0.0,duplicado
649017.8750906673,Cruzamento,1733628484.1804183,81,"{20331: 1294, 20332: 70342, 20333: 1482, 20334: 82085, 20335: 1294, 20336: 57257, 20337: 65341, 20338: 1182, 20339: 1084, 20340: 57309, 20341: 765, 20342: 2048, 20343: 69242, 20344: 849, 20345: 57257, 20346: 1412, 20347: 63099, 20348: 1084, 20349: 75453, 20350: 63099, 20351: 75453, 20352: 69242, 20353: 70342, 20354: 849, 20355: 1489, 20356: 1489, 20357: 849, 20358: 70342, 20359: 57257, 20360: 2048, 20361: 58096, 20362: 1412, 20363: 1489, 20364: 184, 20365: 1617, 20366: 70171, 20367: 57309, 20368: 90927, 20369: 1617, 20370: 48266, 20371: 70373, 20372: 49332, 20373: 1291, 20378: 1182, 20379: 69990, 20380: 70342, 20381: 57070, 20383: 1583, 20384: 686, 20385: 75421, 20386: 68182, 20387: 75421, 20388: 13699, 20389: 68182, 20392: 1291, 20393: 63099, 20394: 75453, 20395: 48266, 20396: 1543, 20397: 849, 20398: 75421, 20399: 70342, 20400: 58096, 20401: 57455, 20402: 1489, 20403: 1084, 20404: 57455, 20405: 1288, 20406: 519, 20407: 743, 20408: 71117, 20409: 1288, 20410: 57381, 20411: 449, 20412: 226, 20413: 58096, 20414: 1014, 20415: 46494, 20416: 805, 20417: 57290, 20418: 683, 20419: 1617, 20421: 65341, 20422: 82085, 20423: 1585, 20427: 68173, 20428: 78645, 20429: 48922, 20432: 44206, 20433: 1502, 20434: 57290, 20436: 182, 20437: 1188, 20438: 1502, 20439: 57381, 20440: 73383, 20441: 70342, 20442: 57381, 20443: 13828, 20444: 71117, 20445: 683, 20446: 1502, 20447: 71117, 20449: 50588, 20450: 913, 20451: 80479, 20452: 80479, 20453: 35245, 20454: 69995, 20455: 52945, 20456: 70342, 20457: 46793, 20458: 1012, 20459: 51797, 20460: 63756, 20461: 35245, 20462: 64790, 20463: 57257, 20465: 57070, 20466: 63756, 20467: 849, 20468: 743, 20469: 67720, 20471: 1014, 20472: 13828, 20473: 1188, 20475: 67720, 20476: 1259, 20481: 71117, 20482: 35245, 20484: 85646, 20485: 46793, 20486: 913, 20487: 743, 20488: 44206, 20489: 683, 20490: 519, 20491: 78645, 20492: 57381, 20493: 82080, 20494: 91896, 20495: 1585, 20496: 58096, 20497: 54448, 20499: 1054, 20501: 1347, 20503: 35259, 20504: 57070, 20505: 83288, 20506: 1012, 20507: 46494, 20508: 69995, 20509: 1012, 20510: 52945, 20511: 64727, 20512: 54448, 20513: 1291, 20514: 146, 20515: 52945, 20517: 35245, 20518: 226, 20519: 75379, 20520: 69995, 20521: 50588, 20522: 52945, 20523: 1543, 20524: 449, 20525: 728, 20527: 1617, 20528: 44206, 20530: 72051, 20531: 13828, 20532: 1259, 20533: 69990, 20534: 46793, 20535: 75958, 20536: 68173, 20537: 1617, 20538: 690, 20539: 69990, 20540: 1617, 20541: 71117, 20542: 1288, 20543: 449, 20544: 1014, 20545: 1585, 20546: 91896, 20547: 57070, 20549: 80479, 20550: 63270, 20552: 46494, 20553: 71117, 20554: 1288, 20555: 61726, 20556: 78631, 20557: 1391, 20558: 1502, 20559: 1399, 20560: 686, 20561: 46494, 20563: 65877, 20564: 1167, 20565: 85710, 20567: 69990, 20569: 51797, 20570: 743, 20571: 68173, 20572: 1347, 20573: 690, 20574: 67720, 20575: 449, 20576: 728, 20577: 48922, 20578: 1014, 20579: 1347, 20580: 35259, 20581: 75958, 20582: 48922, 20583: 743, 20584: 1347, 20585: 1543, 20587: 1161, 20588: 1012, 20589: 65161, 20590: 395, 20591: 449, 20592: 1188, 20593: 57290, 20594: 690, 20595: 522, 20596: 73383, 20597: 805, 20599: 1012, 20600: 63270, 20601: 63270, 20602: 35245, 20605: 226, 20606: 1161, 20607: 52945, 20608: 58096, 20609: 1173, 20610: 1084, 20611: 65877, 20612: 75453, 20613: 1457, 20614: 57309, 20615: 69995, 20616: 849, 20617: 1167, 20618: 1540, 20619: 765, 20620: 1457, 20621: 1167, 20622: 686, 20624: 1457, 20625: 65877, 20626: 686, 20628: 686, 20630: 66626, 20631: 519, 20633: 1107, 20634: 72051, 20635: 1084, 20636: 913, 20637: 1391, 20638: 146, 20639: 85669, 20640: 57639, 20641: 52945, 20642: 1391, 20643: 1193, 20645: 1391, 20646: 953, 20647: 686, 20648: 58096, 20650: 58096, 20651: 62344, 20652: 686, 20653: 1193, 20654: 85669, 20655: 1412, 20656: 184, 20659: 1585, 20661: 69995, 20662: 70373, 20663: 913, 20669: 522, 20670: 78631, 20671: 57639, 20672: 35259, 20673: 57972, 20675: 61726, 20676: 57972, 20677: 73235, 20678: 62344, 20680: 68173, 20681: 449, 20684: 1347, 20688: 1617, 20689: 69995, 20690: 52945, 20692: 57257, 20693: 85669, 20694: 66626, 20695: 1489, 20696: 1173, 20697: 1182, 20698: 58543, 20699: 63756, 20700: 50588, 20701: 913, 20702: 1167, 20703: 54448, 20704: 66626, 20705: 75379, 20706: 1182, 20707: 70342, 20708: 46494, 20709: 1161, 20710: 1161, 20711: 1543, 20712: 0, 20713: 75421, 20714: 52945, 20715: 690, 20716: 70342, 20717: 57639, 20719: 1585, 20720: 75453, 20721: 913, 20722: 805, 20723: 51797, 20724: 80479, 20725: 85669, 20726: 46793, 20727: 78631, 20729: 1617, 20730: 88486, 20731: 48922, 20732: 1054, 20734: 1288, 20735: 57309, 20736: 1014, 20737: 73383, 20739: 35259, 20740: 57455, 20741: 686, 20742: 1167, 20743: 1116, 20744: 68650, 20746: 69990, 20747: 91053, 20748: 58096, 20749: 69990, 20750: 686, 20751: 1399, 20752: 1502, 20754: 44206, 20757: 1161, 20758: 1012, 20759: 62344, 20761: 1482, 20762: 75453, 20763: 63099, 20764: 1084, 20765: 63099, 20766: 63099, 20768: 184, 20769: 395, 20770: 77145, 20773: 70500, 20774: 1154, 20775: 69990, 20777: 1391, 20778: 70500, 20779: 1399, 20781: 1457, 20782: 49332, 20784: 57290, 20785: 2048, 20786: 70500, 20789: 1347, 20790: 58543, 20791: 70342, 20792: 46793, 20793: 146, 20794: 49332, 20795: 59008, 20796: 1188, 20797: 75421, 20798: 13699, 20799: 70373, 20800: 1482, 20802: 69242, 20803: 85710, 20804: 57309, 20805: 69242, 20806: 1391, 20807: 72051, 20808: 82067, 20809: 1291, 20810: 63099, 20811: 57070, 20813: 48266, 20814: 1482, 20815: 85687, 20816: 57455, 20817: 85687, 20818: 1391, 20819: 1502, 20820: 1167, 20821: 1116, 20822: 85687, 20823: 46494, 20824: 57417, 20825: 75453, 20826: 75379, 20827: 46494, 20828: 184, 20829: 67720, 20831: 57290, 20832: 57639, 20833: 1291, 20834: 728, 20835: 1502, 20836: 1583, 20837: 57070, 20838: 57070, 20840: 2048, 20841: 1412, 20842: 1357, 20843: 226, 20844: 57455, 20845: 65877, 20846: 1300, 20850: 65877, 20852: 90927, 20853: 51797, 20854: 72051, 20856: 46793, 20858: 48266, 20859: 82070, 20860: 63882, 20861: 63882, 20862: 82070, 20863: 82070, 20864: 395, 20872: 953, 20873: 395, 20874: 0, 20875: 91053, 20876: 683, 20877: 83288, 20881: 75379, 20883: 75453, 20884: 57972, 20885: 59008, 20886: 64727, 20887: 1540, 20888: 82070, 20889: 683, 20890: 64727, 20891: 1391, 20892: 82070, 20894: 85669, 20895: 64790, 20897: 1540, 20900: 1457, 20901: 75379, 20902: 72039, 20904: 63099, 20905: 522, 20906: 765, 20907: 1188, 20909: 65877, 20910: 182, 20911: 849, 20913: 72051, 20916: 85669, 20917: 87001, 20918: 73383, 20919: 63882, 20921: 58543, 20922: 82070, 20923: 690, 20925: 1294, 20926: 85700, 20928: 1300, 20929: 51797, 20930: 61726, 20931: 51797, 20932: 1288, 20933: 57290, 20934: 63099, 20935: 82070, 20936: 91053, 20937: 1399, 20938: 1193, 20939: 1502, 20940: 1223, 20941: 72039, 20942: 1399, 20943: 69985, 20944: 1193, 20948: 83288, 20949: 1193, 20950: 87001, 20951: 1300, 20953: 64727, 20954: 68173, 20955: 1457, 20956: 57639, 20958: 57639, 20959: 65877, 20960: 54448, 20961: 1012, 20962: 1300, 20963: 69995, 20964: 72039, 20965: 91053, 20966: 64790, 20967: 1054, 20968: 44206, 20969: 85700, 20970: 57972, 20971: 63756, 20973: 85710, 20974: 59008, 20975: 1154, 20977: 85710, 20978: 63756, 20979: 0, 20980: 63756, 20981: 49332, 20982: 72039, 20983: 1054, 20985: 72039, 20986: 728, 20987: 64790, 20988: 1054, 20990: 85710, 20992: 68650, 20993: 72039, 20995: 1012, 20997: 83288, 20998: 82070, 20999: 87001, 21000: 63882, 21001: 70500, 21002: 57639, 21003: 57972, 21005: 83288, 21006: 72051, 21007: 2048, 21008: 69995, 21009: 65877, 21011: 72039, 21012: 87001, 21013: 57290, 21014: 65877, 21015: 91053, 21016: 72051, 21017: 64790, 21018: 1193, 21019: 184, 21020: 69985, 21021: 1543, 21022: 75379, 21023: 63270, 21028: 86055, 21030: 85700, 21032: 52945, 21033: 35245, 21034: 1154, 21035: 58543, 21036: 35259, 21037: 1223, 21038: 728, 21039: 63270, 21041: 85700, 21043: 67720, 21045: 1188, 21047: 86055, 21050: 83288, 21053: 1294, 21055: 82080, 21056: 1585, 21057: 1107, 21058: 1107, 21059: 395, 21060: 1107, 21061: 46494, 21062: 1502, 21063: 1014, 21064: 57381, 21065: 1543, 21066: 1188, 21067: 683, 21068: 73383, 21069: 46494, 21070: 69990, 21072: 1107, 21073: 1182, 21074: 67720, 21075: 78645, 21077: 1540, 21084: 1617, 21085: 88653, 21086: 90942, 21087: 57649, 21091: 85710, 21092: 58096, 21093: 85646, 21096: 2346, 21097: 74355, 21098: 63756, 21099: 2114, 21100: 2076, 21101: 2346, 21102: 2114, 21103: 1116, 21104: 59008, 21105: 80140, 21106: 2114, 21107: 73235, 21108: 56939, 21109: 56939, 21110: 80140, 21112: 1391, 21113: 89226, 21115: 2114, 21116: 89226, 21117: 80140, 21118: 83288, 21119: 89226, 21120: 2076, 21121: 74355, 21123: 80140, 21124: 88653, 21125: 88653, 21126: 74355, 21127: 56939, 21128: 74355, 21129: 74355, 21130: 53429, 21132: 57649, 21133: 87984, 21134: 53429, 21135: 56939, 21136: 53429, 21138: 57649, 21139: 56939, 21140: 57649, 21141: 86157, 21142: 80140, 21143: 53429, 21144: 2114, 21145: 53429, 21146: 89226, 21147: 88653, 21148: 53429, 21149: 80140, 21150: 80140, 21151: 86213, 21153: 53429, 21154: 1223, 21155: 86157, 21156: 87984, 21157: 1288, 21159: 2346, 21163: 146, 21164: 86157, 21165: 80140, 21166: 90998, 21167: 87984, 21168: 90998, 21170: 90998, 21171: 86213, 21172: 57649, 21173: 2076, 21174: 2114, 21175: 0, 21176: 2076, 21177: 87984, 21178: 88653, 21179: 56939, 21180: 2346, 21181: 57649, 21182: 86157, 21184: 87984, 21185: 0, 21186: 2076, 21187: 0, 21188: 0, 21189: 0, 21190: 63270, 21191: 184, 21192: 1223, 21193: 70500, 21194: 0, 21195: 1167, 21196: 70342, 21197: 74355, 21198: 2114, 21199: 86213, 21203: 2076, 21205: 53429, 21206: 86213, 21208: 87984, 21209: 89226, 21223: 1585, 21226: 1014, 21227: 69985, 21228: 46494, 21229: 395, 21230: 78645, 21231: 395, 21232: 1259, 21233: 683, 21234: 70342, 21235: 1259, 21236: 57381, 21237: 71117, 21238: 1543, 21239: 72051, 21240: 1107, 21241: 1347, 21244: 66626, 21249: 1012, 21262: 57070, 21265: 13699, 21271: 91053, 21279: 59008, 21280: 59008, 21288: 57290, 21290: 51797, 21298: 57639, 21303: 1347, 21304: 35259, 21305: 35259, 21306: 226, 21307: 64790, 21308: 1113, 21311: 1540, 21312: 1294, 21313: 35259, 21314: 88486, 21315: 57417, 21316: 1054, 21317: 1347, 21318: 57455, 21319: 51797, 21322: 690, 21324: 13828, 21325: 13828, 21326: 35259, 21327: 1347, 21328: 519, 21329: 78626, 21331: 72039, 21333: 57455, 21334: 57455, 21335: 226, 21336: 765, 21338: 1502, 21339: 1054, 21340: 1107, 21341: 1294, 21344: 1300, 21345: 72039, 21346: 91053, 21348: 63099, 21349: 0, 21351: 69990, 21354: 519, 21356: 90927, 21357: 75379, 21358: 184, 21363: 57257, 21366: 65941, 21369: 765, 21370: 63756, 21378: 68173, 21384: 44206, 21398: 78626, 21445: 74355, 21446: 62344, 21447: 1347, 21448: 67720, 21450: 1014, 21454: 68173, 21455: 683, 21460: 0, 21462: 82080, 21463: 75453, 21465: 0, 21468: 1391, 21470: 226, 21474: 686, 21475: 1012, 21477: 91896, 21478: 61726, 21479: 1107, 21480: 519, 21481: 1161, 21482: 1161, 21483: 70373, 21484: 69995, 21487: 51797, 21488: 65161, 21489: 91053, 21490: 1259, 21491: 1113, 21492: 1161, 21493: 50453, 21494: 342}",0.0,duplicado
649017.8750906673,Cruzamento,1733628486.8756094,82,"{20331: 1294, 20332: 70342, 20333: 1482, 20334: 82085, 20335: 1294, 20336: 57257, 20337: 65341, 20338: 1182, 20339: 1084, 20340: 57309, 20341: 765, 20342: 2048, 20343: 69242, 20344: 849, 20345: 57257, 20346: 1412, 20347: 63099, 20348: 1084, 20349: 75453, 20350: 63099, 20351: 75453, 20352: 69242, 20353: 70342, 20354: 849, 20355: 1489, 20356: 1489, 20357: 849, 20358: 70342, 20359: 57257, 20360: 2048, 20361: 58096, 20362: 1412, 20363: 1489, 20364: 184, 20365: 1617, 20366: 70171, 20367: 57309, 20368: 90927, 20369: 1617, 20370: 48266, 20371: 70373, 20372: 49332, 20373: 1291, 20378: 1182, 20379: 69990, 20380: 70342, 20381: 57070, 20383: 1583, 20384: 686, 20385: 75421, 20386: 68182, 20387: 75421, 20388: 13699, 20389: 68182, 20392: 1291, 20393: 63099, 20394: 75453, 20395: 48266, 20396: 1543, 20397: 849, 20398: 75421, 20399: 70342, 20400: 58096, 20401: 57455, 20402: 1489, 20403: 1084, 20404: 57455, 20405: 1288, 20406: 519, 20407: 743, 20408: 71117, 20409: 1288, 20410: 57381, 20411: 449, 20412: 226, 20413: 58096, 20414: 1014, 20415: 46494, 20416: 805, 20417: 57290, 20418: 683, 20419: 1617, 20421: 65341, 20422: 82085, 20423: 1585, 20427: 68173, 20428: 78645, 20429: 48922, 20432: 44206, 20433: 1502, 20434: 57290, 20436: 182, 20437: 1188, 20438: 1502, 20439: 57381, 20440: 73383, 20441: 70342, 20442: 57381, 20443: 13828, 20444: 71117, 20445: 683, 20446: 1502, 20447: 71117, 20449: 50588, 20450: 913, 20451: 80479, 20452: 80479, 20453: 35245, 20454: 69995, 20455: 52945, 20456: 70342, 20457: 46793, 20458: 1012, 20459: 51797, 20460: 63756, 20461: 35245, 20462: 64790, 20463: 57257, 20465: 57070, 20466: 63756, 20467: 849, 20468: 743, 20469: 67720, 20471: 1014, 20472: 13828, 20473: 1188, 20475: 67720, 20476: 1259, 20481: 71117, 20482: 35245, 20484: 85646, 20485: 46793, 20486: 913, 20487: 743, 20488: 44206, 20489: 683, 20490: 519, 20491: 78645, 20492: 57381, 20493: 82080, 20494: 91896, 20495: 1585, 20496: 58096, 20497: 54448, 20499: 1054, 20501: 1347, 20503: 35259, 20504: 57070, 20505: 83288, 20506: 1012, 20507: 46494, 20508: 69995, 20509: 1012, 20510: 52945, 20511: 64727, 20512: 54448, 20513: 1291, 20514: 146, 20515: 52945, 20517: 35245, 20518: 226, 20519: 75379, 20520: 69995, 20521: 50588, 20522: 52945, 20523: 1543, 20524: 449, 20525: 728, 20527: 1617, 20528: 44206, 20530: 72051, 20531: 13828, 20532: 1259, 20533: 69990, 20534: 46793, 20535: 75958, 20536: 68173, 20537: 1617, 20538: 690, 20539: 69990, 20540: 1617, 20541: 71117, 20542: 1288, 20543: 449, 20544: 1014, 20545: 1585, 20546: 91896, 20547: 57070, 20549: 80479, 20550: 63270, 20552: 46494, 20553: 71117, 20554: 1288, 20555: 61726, 20556: 78631, 20557: 1391, 20558: 1502, 20559: 1399, 20560: 686, 20561: 46494, 20563: 65877, 20564: 1167, 20565: 85710, 20567: 69990, 20569: 51797, 20570: 743, 20571: 68173, 20572: 1347, 20573: 690, 20574: 67720, 20575: 449, 20576: 728, 20577: 48922, 20578: 1014, 20579: 1347, 20580: 35259, 20581: 75958, 20582: 48922, 20583: 743, 20584: 1347, 20585: 1543, 20587: 1161, 20588: 1012, 20589: 65161, 20590: 395, 20591: 449, 20592: 1188, 20593: 57290, 20594: 690, 20595: 522, 20596: 73383, 20597: 805, 20599: 1012, 20600: 63270, 20601: 63270, 20602: 35245, 20605: 226, 20606: 1161, 20607: 52945, 20608: 58096, 20609: 1173, 20610: 1084, 20611: 65877, 20612: 75453, 20613: 1457, 20614: 57309, 20615: 69995, 20616: 849, 20617: 1167, 20618: 1540, 20619: 765, 20620: 1457, 20621: 1167, 20622: 686, 20624: 1457, 20625: 65877, 20626: 686, 20628: 686, 20630: 66626, 20631: 519, 20633: 1107, 20634: 72051, 20635: 1084, 20636: 913, 20637: 1391, 20638: 146, 20639: 85669, 20640: 57639, 20641: 52945, 20642: 1391, 20643: 1193, 20645: 1391, 20646: 953, 20647: 686, 20648: 58096, 20650: 58096, 20651: 62344, 20652: 686, 20653: 1193, 20654: 85669, 20655: 1412, 20656: 184, 20659: 1585, 20661: 69995, 20662: 70373, 20663: 913, 20669: 522, 20670: 78631, 20671: 57639, 20672: 35259, 20673: 57972, 20675: 61726, 20676: 57972, 20677: 73235, 20678: 62344, 20680: 68173, 20681: 449, 20684: 1347, 20688: 1617, 20689: 69995, 20690: 52945, 20692: 57257, 20693: 85669, 20694: 66626, 20695: 1489, 20696: 1173, 20697: 1182, 20698: 58543, 20699: 63756, 20700: 50588, 20701: 913, 20702: 1167, 20703: 54448, 20704: 66626, 20705: 75379, 20706: 1182, 20707: 70342, 20708: 46494, 20709: 1161, 20710: 1161, 20711: 1543, 20712: 0, 20713: 75421, 20714: 52945, 20715: 690, 20716: 70342, 20717: 57639, 20719: 1585, 20720: 75453, 20721: 913, 20722: 805, 20723: 51797, 20724: 80479, 20725: 85669, 20726: 46793, 20727: 78631, 20729: 1617, 20730: 88486, 20731: 48922, 20732: 1054, 20734: 1288, 20735: 57309, 20736: 1014, 20737: 73383, 20739: 35259, 20740: 57455, 20741: 686, 20742: 1167, 20743: 1116, 20744: 68650, 20746: 69990, 20747: 91053, 20748: 58096, 20749: 69990, 20750: 686, 20751: 1399, 20752: 1502, 20754: 44206, 20757: 1161, 20758: 1012, 20759: 62344, 20761: 1482, 20762: 75453, 20763: 63099, 20764: 1084, 20765: 63099, 20766: 63099, 20768: 184, 20769: 395, 20770: 77145, 20773: 70500, 20774: 1154, 20775: 69990, 20777: 1391, 20778: 70500, 20779: 1399, 20781: 1457, 20782: 49332, 20784: 57290, 20785: 2048, 20786: 70500, 20789: 1347, 20790: 58543, 20791: 70342, 20792: 46793, 20793: 146, 20794: 49332, 20795: 59008, 20796: 1188, 20797: 75421, 20798: 13699, 20799: 70373, 20800: 1482, 20802: 69242, 20803: 85710, 20804: 57309, 20805: 69242, 20806: 1391, 20807: 72051, 20808: 82067, 20809: 1291, 20810: 63099, 20811: 57070, 20813: 48266, 20814: 1482, 20815: 85687, 20816: 57455, 20817: 85687, 20818: 1391, 20819: 1502, 20820: 1167, 20821: 1116, 20822: 85687, 20823: 46494, 20824: 57417, 20825: 75453, 20826: 75379, 20827: 46494, 20828: 184, 20829: 67720, 20831: 57290, 20832: 57639, 20833: 1291, 20834: 728, 20835: 1502, 20836: 1583, 20837: 57070, 20838: 57070, 20840: 2048, 20841: 1412, 20842: 1357, 20843: 226, 20844: 57455, 20845: 65877, 20846: 1300, 20850: 65877, 20852: 90927, 20853: 51797, 20854: 72051, 20856: 46793, 20858: 48266, 20859: 82070, 20860: 63882, 20861: 63882, 20862: 82070, 20863: 82070, 20864: 395, 20872: 953, 20873: 395, 20874: 0, 20875: 91053, 20876: 683, 20877: 83288, 20881: 75379, 20883: 75453, 20884: 57972, 20885: 59008, 20886: 64727, 20887: 1540, 20888: 82070, 20889: 683, 20890: 64727, 20891: 1391, 20892: 82070, 20894: 85669, 20895: 64790, 20897: 1540, 20900: 1457, 20901: 75379, 20902: 72039, 20904: 63099, 20905: 522, 20906: 765, 20907: 1188, 20909: 65877, 20910: 182, 20911: 849, 20913: 72051, 20916: 85669, 20917: 87001, 20918: 73383, 20919: 63882, 20921: 58543, 20922: 82070, 20923: 690, 20925: 1294, 20926: 85700, 20928: 1300, 20929: 51797, 20930: 61726, 20931: 51797, 20932: 1288, 20933: 57290, 20934: 63099, 20935: 82070, 20936: 91053, 20937: 1399, 20938: 1193, 20939: 1502, 20940: 1223, 20941: 72039, 20942: 1399, 20943: 69985, 20944: 1193, 20948: 83288, 20949: 1193, 20950: 87001, 20951: 1300, 20953: 64727, 20954: 68173, 20955: 1457, 20956: 57639, 20958: 57639, 20959: 65877, 20960: 54448, 20961: 1012, 20962: 1300, 20963: 69995, 20964: 72039, 20965: 91053, 20966: 64790, 20967: 1054, 20968: 44206, 20969: 85700, 20970: 57972, 20971: 63756, 20973: 85710, 20974: 59008, 20975: 1154, 20977: 85710, 20978: 63756, 20979: 0, 20980: 63756, 20981: 49332, 20982: 72039, 20983: 1054, 20985: 72039, 20986: 728, 20987: 64790, 20988: 1054, 20990: 85710, 20992: 68650, 20993: 72039, 20995: 1012, 20997: 83288, 20998: 82070, 20999: 87001, 21000: 63882, 21001: 70500, 21002: 57639, 21003: 57972, 21005: 83288, 21006: 72051, 21007: 2048, 21008: 69995, 21009: 65877, 21011: 72039, 21012: 87001, 21013: 57290, 21014: 65877, 21015: 91053, 21016: 72051, 21017: 64790, 21018: 1193, 21019: 184, 21020: 69985, 21021: 1543, 21022: 75379, 21023: 63270, 21028: 86055, 21030: 85700, 21032: 52945, 21033: 35245, 21034: 1154, 21035: 58543, 21036: 35259, 21037: 1223, 21038: 728, 21039: 63270, 21041: 85700, 21043: 67720, 21045: 1188, 21047: 86055, 21050: 83288, 21053: 1294, 21055: 82080, 21056: 1585, 21057: 1107, 21058: 1107, 21059: 395, 21060: 1107, 21061: 46494, 21062: 1502, 21063: 1014, 21064: 57381, 21065: 1543, 21066: 1188, 21067: 683, 21068: 73383, 21069: 46494, 21070: 69990, 21072: 1107, 21073: 1182, 21074: 67720, 21075: 78645, 21077: 1540, 21084: 1617, 21085: 88653, 21086: 90942, 21087: 57649, 21091: 85710, 21092: 58096, 21093: 85646, 21096: 2346, 21097: 74355, 21098: 63756, 21099: 2114, 21100: 2076, 21101: 2346, 21102: 2114, 21103: 1116, 21104: 59008, 21105: 80140, 21106: 2114, 21107: 73235, 21108: 56939, 21109: 56939, 21110: 80140, 21112: 1391, 21113: 89226, 21115: 2114, 21116: 89226, 21117: 80140, 21118: 83288, 21119: 89226, 21120: 2076, 21121: 74355, 21123: 80140, 21124: 88653, 21125: 88653, 21126: 74355, 21127: 56939, 21128: 74355, 21129: 74355, 21130: 53429, 21132: 57649, 21133: 87984, 21134: 53429, 21135: 56939, 21136: 53429, 21138: 57649, 21139: 56939, 21140: 57649, 21141: 86157, 21142: 80140, 21143: 53429, 21144: 2114, 21145: 53429, 21146: 89226, 21147: 88653, 21148: 53429, 21149: 80140, 21150: 80140, 21151: 86213, 21153: 53429, 21154: 1223, 21155: 86157, 21156: 87984, 21157: 1288, 21159: 2346, 21163: 146, 21164: 86157, 21165: 80140, 21166: 90998, 21167: 87984, 21168: 90998, 21170: 90998, 21171: 86213, 21172: 57649, 21173: 2076, 21174: 2114, 21175: 0, 21176: 2076, 21177: 87984, 21178: 88653, 21179: 56939, 21180: 2346, 21181: 57649, 21182: 86157, 21184: 87984, 21185: 0, 21186: 2076, 21187: 0, 21188: 0, 21189: 0, 21190: 63270, 21191: 184, 21192: 1223, 21193: 70500, 21194: 0, 21195: 1167, 21196: 70342, 21197: 74355, 21198: 2114, 21199: 86213, 21203: 2076, 21205: 53429, 21206: 86213, 21208: 87984, 21209: 89226, 21223: 1585, 21226: 1014, 21227: 69985, 21228: 46494, 21229: 395, 21230: 78645, 21231: 395, 21232: 1259, 21233: 683, 21234: 70342, 21235: 1259, 21236: 57381, 21237: 71117, 21238: 1543, 21239: 72051, 21240: 1107, 21241: 1347, 21244: 66626, 21249: 1012, 21262: 57070, 21265: 13699, 21271: 91053, 21279: 59008, 21280: 59008, 21288: 57290, 21290: 51797, 21298: 57639, 21303: 1347, 21304: 35259, 21305: 35259, 21306: 226, 21307: 64790, 21308: 1113, 21311: 1540, 21312: 1294, 21313: 35259, 21314: 88486, 21315: 57417, 21316: 1054, 21317: 1347, 21318: 57455, 21319: 51797, 21322: 690, 21324: 13828, 21325: 13828, 21326: 35259, 21327: 1347, 21328: 519, 21329: 78626, 21331: 72039, 21333: 57455, 21334: 57455, 21335: 226, 21336: 765, 21338: 1502, 21339: 1054, 21340: 1107, 21341: 1294, 21344: 1300, 21345: 72039, 21346: 91053, 21348: 63099, 21349: 0, 21351: 69990, 21354: 519, 21356: 90927, 21357: 75379, 21358: 184, 21363: 57257, 21366: 65941, 21369: 765, 21370: 63756, 21378: 68173, 21384: 44206, 21398: 78626, 21445: 74355, 21446: 62344, 21447: 1347, 21448: 67720, 21450: 1014, 21454: 68173, 21455: 683, 21460: 0, 21462: 82080, 21463: 75453, 21465: 0, 21468: 1391, 21470: 226, 21474: 686, 21475: 1012, 21477: 91896, 21478: 61726, 21479: 1107, 21480: 519, 21481: 1161, 21482: 1161, 21483: 70373, 21484: 69995, 21487: 51797, 21488: 65161, 21489: 91053, 21490: 1259, 21491: 1113, 21492: 1161, 21493: 50453, 21494: 342}",0.0,duplicado
650575.5960419999,Cruzamento,1733628486.8756094,82,"{20331: 57309, 20332: 65341, 20333: 82085, 20334: 57070, 20335: 1182, 20336: 1489, 20337: 1291, 20338: 1084, 20339: 46793, 20340: 1412, 20341: 1294, 20342: 1182, 20343: 70342, 20344: 849, 20345: 63099, 20346: 1084, 20347: 1489, 20348: 48266, 20349: 1347, 20350: 69990, 20351: 1347, 20352: 57309, 20353: 57257, 20354: 46793, 20355: 1347, 20356: 849, 20357: 1583, 20358: 2048, 20359: 1291, 20360: 765, 20361: 75421, 20362: 1489, 20363: 1412, 20364: 70342, 20365: 70171, 20366: 70171, 20367: 77145, 20368: 65341, 20369: 75453, 20370: 48266, 20371: 1347, 20372: 46793, 20373: 1617, 20378: 65341, 20379: 75421, 20380: 1489, 20381: 1182, 20383: 57257, 20384: 63099, 20385: 57257, 20386: 13699, 20387: 70342, 20388: 1084, 20389: 75421, 20392: 849, 20393: 69242, 20394: 51797, 20395: 48266, 20396: 449, 20397: 1583, 20398: 765, 20399: 44206, 20400: 46793, 20401: 1412, 20402: 48266, 20403: 184, 20404: 743, 20405: 82080, 20406: 728, 20407: 395, 20408: 449, 20409: 35259, 20410: 690, 20411: 67720, 20412: 75379, 20413: 1482, 20414: 67720, 20415: 71117, 20416: 70342, 20417: 57381, 20418: 82080, 20419: 519, 20421: 1294, 20422: 1489, 20423: 1585, 20427: 44206, 20428: 57381, 20429: 449, 20432: 1543, 20433: 449, 20434: 46494, 20436: 805, 20437: 69242, 20438: 69990, 20439: 1259, 20440: 743, 20441: 46494, 20442: 69985, 20443: 690, 20444: 82080, 20445: 805, 20446: 67720, 20447: 78645, 20449: 1012, 20450: 69995, 20451: 80479, 20452: 57455, 20453: 57455, 20454: 52945, 20455: 913, 20456: 50588, 20457: 51797, 20458: 913, 20459: 1161, 20460: 1585, 20461: 63270, 20462: 69995, 20463: 49332, 20465: 65341, 20466: 1012, 20467: 1291, 20468: 1107, 20469: 1259, 20471: 57381, 20472: 57381, 20473: 743, 20475: 72051, 20476: 1617, 20481: 1107, 20482: 75379, 20484: 52945, 20485: 75379, 20486: 54448, 20487: 449, 20488: 1188, 20489: 69990, 20490: 70342, 20491: 67720, 20492: 805, 20493: 1107, 20494: 46494, 20495: 683, 20496: 75453, 20497: 50588, 20499: 65877, 20501: 44206, 20503: 57639, 20504: 69990, 20505: 62344, 20506: 85710, 20507: 1357, 20508: 1161, 20509: 50588, 20510: 913, 20511: 85646, 20512: 70342, 20513: 1291, 20514: 64790, 20515: 913, 20517: 69995, 20518: 69995, 20519: 63270, 20520: 52945, 20521: 65161, 20522: 1161, 20523: 1259, 20524: 68173, 20525: 519, 20527: 82080, 20528: 1502, 20530: 46494, 20531: 59008, 20532: 805, 20533: 75421, 20534: 65161, 20535: 48922, 20536: 44206, 20537: 69985, 20538: 69990, 20539: 449, 20540: 690, 20541: 1617, 20542: 75958, 20543: 48922, 20544: 728, 20545: 91896, 20546: 71117, 20547: 64790, 20549: 80479, 20550: 51797, 20552: 1288, 20553: 1502, 20554: 57290, 20555: 62344, 20556: 65877, 20557: 75379, 20558: 1107, 20559: 1391, 20560: 65877, 20561: 85710, 20563: 1167, 20564: 57070, 20565: 69990, 20567: 849, 20569: 52945, 20570: 91896, 20571: 1585, 20572: 1288, 20573: 35259, 20574: 48922, 20575: 44206, 20576: 75958, 20577: 69985, 20578: 1347, 20579: 71117, 20580: 68173, 20581: 1014, 20582: 35259, 20583: 1288, 20584: 71117, 20585: 2048, 20587: 1012, 20588: 63270, 20589: 52945, 20590: 82080, 20591: 57455, 20592: 683, 20593: 805, 20594: 72051, 20595: 59008, 20596: 1347, 20597: 1585, 20599: 64727, 20600: 49332, 20601: 75379, 20602: 35245, 20605: 35245, 20606: 50588, 20607: 913, 20608: 57417, 20609: 1585, 20610: 1482, 20611: 1107, 20612: 686, 20613: 57309, 20614: 1167, 20615: 75453, 20616: 953, 20617: 61726, 20618: 85669, 20619: 1182, 20620: 1054, 20621: 1457, 20622: 849, 20624: 226, 20625: 1457, 20626: 69995, 20628: 1540, 20630: 69995, 20631: 449, 20633: 69242, 20634: 73383, 20635: 1583, 20636: 54448, 20637: 1583, 20638: 226, 20639: 1391, 20640: 52945, 20641: 85669, 20642: 62344, 20643: 1391, 20645: 52945, 20646: 85669, 20647: 57639, 20648: 686, 20650: 686, 20651: 1193, 20652: 686, 20653: 1193, 20654: 85669, 20655: 1412, 20656: 184, 20659: 1585, 20661: 69995, 20662: 70373, 20663: 913, 20669: 522, 20670: 78631, 20671: 57639, 20672: 35259, 20673: 57972, 20675: 61726, 20676: 57972, 20677: 73235, 20678: 62344, 20680: 68173, 20681: 449, 20684: 1347, 20688: 1617, 20689: 69995, 20690: 52945, 20692: 57257, 20693: 85669, 20694: 66626, 20695: 1489, 20696: 1173, 20697: 1182, 20698: 58543, 20699: 63756, 20700: 50588, 20701: 913, 20702: 1167, 20703: 54448, 20704: 66626, 20705: 75379, 20706: 1182, 20707: 70342, 20708: 46494, 20709: 1161, 20710: 1161, 20711: 1543, 20712: 0, 20713: 75421, 20714: 52945, 20715: 690, 20716: 70342, 20717: 57639, 20719: 1585, 20720: 75453, 20721: 913, 20722: 805, 20723: 51797, 20724: 80479, 20725: 85669, 20726: 46793, 20727: 78631, 20729: 1617, 20730: 88486, 20731: 48922, 20732: 1054, 20734: 1288, 20735: 57309, 20736: 1014, 20737: 73383, 20739: 35259, 20740: 57455, 20741: 686, 20742: 1167, 20743: 1116, 20744: 68650, 20746: 69990, 20747: 91053, 20748: 58096, 20749: 69990, 20750: 686, 20751: 1399, 20752: 1502, 20754: 44206, 20757: 1161, 20758: 1012, 20759: 62344, 20761: 1482, 20762: 75453, 20763: 63099, 20764: 1084, 20765: 63099, 20766: 63099, 20768: 184, 20769: 395, 20770: 77145, 20773: 70500, 20774: 1154, 20775: 69990, 20777: 1391, 20778: 70500, 20779: 1399, 20781: 1457, 20782: 49332, 20784: 57290, 20785: 2048, 20786: 70500, 20789: 1347, 20790: 58543, 20791: 70342, 20792: 46793, 20793: 146, 20794: 49332, 20795: 59008, 20796: 1188, 20797: 75421, 20798: 13699, 20799: 70373, 20800: 1482, 20802: 69242, 20803: 85710, 20804: 57309, 20805: 69242, 20806: 1391, 20807: 72051, 20808: 82067, 20809: 1291, 20810: 63099, 20811: 57070, 20813: 48266, 20814: 1482, 20815: 85687, 20816: 57455, 20817: 85687, 20818: 1391, 20819: 1502, 20820: 1167, 20821: 1116, 20822: 85687, 20823: 46494, 20824: 57417, 20825: 75453, 20826: 75379, 20827: 46494, 20828: 184, 20829: 67720, 20831: 57290, 20832: 57639, 20833: 1291, 20834: 728, 20835: 1502, 20836: 1583, 20837: 57070, 20838: 57070, 20840: 2048, 20841: 1412, 20842: 1357, 20843: 226, 20844: 57455, 20845: 65877, 20846: 1300, 20850: 65877, 20852: 90927, 20853: 51797, 20854: 72051, 20856: 46793, 20858: 48266, 20859: 82070, 20860: 63882, 20861: 63882, 20862: 82070, 20863: 82070, 20864: 395, 20872: 953, 20873: 395, 20874: 0, 20875: 91053, 20876: 683, 20877: 83288, 20881: 75379, 20883: 75453, 20884: 57972, 20885: 59008, 20886: 64727, 20887: 1540, 20888: 82070, 20889: 683, 20890: 64727, 20891: 1391, 20892: 82070, 20894: 85669, 20895: 64790, 20897: 1540, 20900: 1457, 20901: 75379, 20902: 72039, 20904: 63099, 20905: 522, 20906: 765, 20907: 1188, 20909: 65877, 20910: 182, 20911: 849, 20913: 72051, 20916: 85669, 20917: 87001, 20918: 73383, 20919: 63882, 20921: 58543, 20922: 82070, 20923: 690, 20925: 1294, 20926: 85700, 20928: 1300, 20929: 51797, 20930: 61726, 20931: 51797, 20932: 1288, 20933: 57290, 20934: 63099, 20935: 82070, 20936: 91053, 20937: 1399, 20938: 1193, 20939: 1502, 20940: 1223, 20941: 72039, 20942: 1399, 20943: 69985, 20944: 1193, 20948: 83288, 20949: 1193, 20950: 87001, 20951: 1300, 20953: 64727, 20954: 68173, 20955: 1457, 20956: 57639, 20958: 57639, 20959: 65877, 20960: 54448, 20961: 1012, 20962: 1300, 20963: 69995, 20964: 72039, 20965: 91053, 20966: 64790, 20967: 1054, 20968: 44206, 20969: 85700, 20970: 57972, 20971: 63756, 20973: 85710, 20974: 59008, 20975: 1154, 20977: 85710, 20978: 63756, 20979: 0, 20980: 63756, 20981: 49332, 20982: 72039, 20983: 1054, 20985: 72039, 20986: 728, 20987: 64790, 20988: 1054, 20990: 85710, 20992: 68650, 20993: 72039, 20995: 1012, 20997: 83288, 20998: 82070, 20999: 87001, 21000: 63882, 21001: 70500, 21002: 57639, 21003: 57972, 21005: 83288, 21006: 72051, 21007: 2048, 21008: 69995, 21009: 65877, 21011: 72039, 21012: 87001, 21013: 57290, 21014: 65877, 21015: 91053, 21016: 72051, 21017: 64790, 21018: 1193, 21019: 184, 21020: 69985, 21021: 1543, 21022: 75379, 21023: 63270, 21028: 86055, 21030: 85700, 21032: 52945, 21033: 35245, 21034: 1154, 21035: 58543, 21036: 35259, 21037: 1223, 21038: 728, 21039: 63270, 21041: 85700, 21043: 67720, 21045: 1188, 21047: 86055, 21050: 83288, 21053: 1294, 21055: 82080, 21056: 1585, 21057: 1107, 21058: 1107, 21059: 395, 21060: 1107, 21061: 46494, 21062: 1502, 21063: 1014, 21064: 57381, 21065: 1543, 21066: 1188, 21067: 683, 21068: 73383, 21069: 46494, 21070: 69990, 21072: 1107, 21073: 1182, 21074: 67720, 21075: 78645, 21077: 1540, 21084: 1617, 21085: 2114, 21086: 89226, 21087: 87984, 21091: 1012, 21092: 78631, 21093: 63270, 21096: 2114, 21097: 53429, 21098: 65941, 21099: 2114, 21100: 2076, 21101: 57649, 21102: 80140, 21103: 1457, 21104: 51797, 21105: 88653, 21106: 2346, 21107: 62344, 21108: 2346, 21109: 2114, 21110: 90942, 21112: 75379, 21113: 88653, 21115: 2346, 21116: 80140, 21117: 57649, 21118: 88486, 21119: 2076, 21120: 2076, 21121: 74355, 21123: 57649, 21124: 2076, 21125: 53429, 21126: 57649, 21127: 74355, 21128: 57649, 21129: 2114, 21130: 74355, 21132: 53429, 21133: 87984, 21134: 57649, 21135: 88653, 21136: 74355, 21138: 53429, 21139: 88653, 21140: 53429, 21141: 80140, 21142: 2346, 21143: 57649, 21144: 2114, 21145: 88653, 21146: 89226, 21147: 53429, 21148: 2114, 21149: 2076, 21150: 86213, 21151: 87984, 21153: 2114, 21154: 44206, 21155: 86157, 21156: 80140, 21157: 1188, 21159: 89226, 21163: 146, 21164: 86157, 21165: 88653, 21166: 88653, 21167: 80140, 21168: 2114, 21170: 88653, 21171: 53429, 21172: 57649, 21173: 56939, 21174: 90998, 21175: 1223, 21176: 56939, 21177: 56939, 21178: 57649, 21179: 86213, 21180: 90998, 21181: 86213, 21182: 86157, 21184: 56939, 21185: 86213, 21186: 86213, 21187: 0, 21188: 0, 21189: 0, 21190: 78631, 21191: 184, 21192: 59008, 21193: 57639, 21194: 0, 21195: 395, 21196: 1489, 21197: 57649, 21198: 74355, 21199: 2076, 21203: 90998, 21205: 74355, 21206: 86213, 21208: 87984, 21209: 89226, 21223: 683, 21226: 683, 21227: 1585, 21228: 68173, 21229: 0, 21230: 69990, 21231: 519, 21232: 57381, 21233: 1259, 21234: 805, 21235: 690, 21236: 71117, 21237: 71117, 21238: 1288, 21239: 72051, 21240: 1107, 21241: 1347, 21244: 66626, 21249: 1012, 21262: 57070, 21265: 13699, 21271: 91053, 21279: 59008, 21280: 59008, 21288: 57290, 21290: 51797, 21298: 57639, 21303: 1347, 21304: 35259, 21305: 35259, 21306: 226, 21307: 64790, 21308: 1113, 21311: 1540, 21312: 1294, 21313: 35259, 21314: 88486, 21315: 57417, 21316: 1054, 21317: 1347, 21318: 57455, 21319: 51797, 21322: 690, 21324: 13828, 21325: 13828, 21326: 35259, 21327: 1347, 21328: 519, 21329: 78626, 21331: 72039, 21333: 57455, 21334: 57455, 21335: 226, 21336: 765, 21338: 1502, 21339: 1054, 21340: 1107, 21341: 1294, 21344: 1300, 21345: 72039, 21346: 91053, 21348: 63099, 21349: 0, 21351: 69990, 21354: 519, 21356: 90927, 21357: 75379, 21358: 184, 21363: 57257, 21366: 65941, 21369: 765, 21370: 63756, 21378: 68173, 21384: 44206, 21398: 78626, 21445: 74355, 21446: 62344, 21447: 1347, 21448: 67720, 21450: 1014, 21454: 68173, 21455: 683, 21460: 0, 21462: 82080, 21463: 75453, 21465: 0, 21468: 1391, 21470: 226, 21474: 686, 21475: 1012, 21477: 91896, 21478: 61726, 21479: 1107, 21480: 519, 21481: 1161, 21482: 1161, 21483: 70373, 21484: 69995, 21487: 51797, 21488: 65161, 21489: 91053, 21490: 1259, 21491: 1113, 21492: 1161, 21493: 50453, 21494: 342}",0.0,filho
649188.7832136656,Cruzamento,1733628489.6346993,83,"{20331: 1084, 20332: 46793, 20333: 1489, 20334: 1412, 20335: 1294, 20336: 82085, 20337: 65341, 20338: 48266, 20339: 46793, 20340: 1412, 20341: 1294, 20342: 1182, 20343: 70342, 20344: 849, 20345: 63099, 20346: 1084, 20347: 1489, 20348: 48266, 20349: 1347, 20350: 69990, 20351: 1347, 20352: 57309, 20353: 57257, 20354: 46793, 20355: 1347, 20356: 849, 20357: 1583, 20358: 2048, 20359: 1291, 20360: 765, 20361: 75421, 20362: 1489, 20363: 1412, 20364: 70342, 20365: 70171, 20366: 70171, 20367: 77145, 20368: 65341, 20369: 75453, 20370: 48266, 20371: 1347, 20372: 46793, 20373: 1617, 20378: 65341, 20379: 75421, 20380: 1489, 20381: 1182, 20383: 57257, 20384: 63099, 20385: 57257, 20386: 13699, 20387: 70342, 20388: 1084, 20389: 75421, 20392: 849, 20393: 69242, 20394: 51797, 20395: 48266, 20396: 449, 20397: 1583, 20398: 765, 20399: 44206, 20400: 46793, 20401: 1412, 20402: 48266, 20403: 184, 20404: 743, 20405: 82080, 20406: 728, 20407: 395, 20408: 449, 20409: 35259, 20410: 690, 20411: 67720, 20412: 75379, 20413: 1482, 20414: 67720, 20415: 71117, 20416: 70342, 20417: 57381, 20418: 82080, 20419: 519, 20421: 1294, 20422: 1489, 20423: 1585, 20427: 44206, 20428: 57381, 20429: 449, 20432: 1543, 20433: 449, 20434: 46494, 20436: 805, 20437: 69242, 20438: 69990, 20439: 1259, 20440: 743, 20441: 46494, 20442: 69985, 20443: 690, 20444: 82080, 20445: 805, 20446: 67720, 20447: 78645, 20449: 1012, 20450: 69995, 20451: 80479, 20452: 57455, 20453: 57455, 20454: 52945, 20455: 913, 20456: 50588, 20457: 51797, 20458: 913, 20459: 1161, 20460: 1585, 20461: 63270, 20462: 69995, 20463: 49332, 20465: 65341, 20466: 1012, 20467: 1291, 20468: 1107, 20469: 1259, 20471: 57381, 20472: 57381, 20473: 743, 20475: 72051, 20476: 1617, 20481: 1107, 20482: 75379, 20484: 52945, 20485: 75379, 20486: 54448, 20487: 449, 20488: 1188, 20489: 69990, 20490: 70342, 20491: 67720, 20492: 805, 20493: 1107, 20494: 46494, 20495: 683, 20496: 75453, 20497: 50588, 20499: 65877, 20501: 44206, 20503: 57639, 20504: 69990, 20505: 62344, 20506: 85710, 20507: 1357, 20508: 1161, 20509: 50588, 20510: 913, 20511: 85646, 20512: 70342, 20513: 1291, 20514: 64790, 20515: 913, 20517: 69995, 20518: 69995, 20519: 63270, 20520: 52945, 20521: 65161, 20522: 1161, 20523: 1259, 20524: 68173, 20525: 519, 20527: 82080, 20528: 1502, 20530: 46494, 20531: 59008, 20532: 805, 20533: 75421, 20534: 65161, 20535: 48922, 20536: 44206, 20537: 69985, 20538: 69990, 20539: 449, 20540: 690, 20541: 1617, 20542: 75958, 20543: 48922, 20544: 728, 20545: 91896, 20546: 71117, 20547: 64790, 20549: 80479, 20550: 51797, 20552: 1288, 20553: 1502, 20554: 57290, 20555: 62344, 20556: 65877, 20557: 75379, 20558: 1107, 20559: 1391, 20560: 65877, 20561: 85710, 20563: 1167, 20564: 57070, 20565: 69990, 20567: 849, 20569: 52945, 20570: 91896, 20571: 1585, 20572: 1288, 20573: 35259, 20574: 48922, 20575: 44206, 20576: 75958, 20577: 69985, 20578: 1347, 20579: 71117, 20580: 68173, 20581: 1014, 20582: 35259, 20583: 1288, 20584: 71117, 20585: 2048, 20587: 1012, 20588: 63270, 20589: 52945, 20590: 82080, 20591: 57455, 20592: 683, 20593: 805, 20594: 72051, 20595: 59008, 20596: 1347, 20597: 1585, 20599: 64727, 20600: 49332, 20601: 75379, 20602: 35245, 20605: 35245, 20606: 50588, 20607: 913, 20608: 57417, 20609: 1585, 20610: 1482, 20611: 1107, 20612: 686, 20613: 57309, 20614: 1167, 20615: 75453, 20616: 953, 20617: 61726, 20618: 85669, 20619: 1182, 20620: 1054, 20621: 1457, 20622: 849, 20624: 226, 20625: 1457, 20626: 69995, 20628: 1540, 20630: 69995, 20631: 449, 20633: 69242, 20634: 73383, 20635: 1583, 20636: 54448, 20637: 1583, 20638: 226, 20639: 1391, 20640: 52945, 20641: 85669, 20642: 62344, 20643: 1391, 20645: 52945, 20646: 85669, 20647: 57639, 20648: 686, 20650: 686, 20651: 1193, 20652: 686, 20653: 1193, 20654: 85669, 20655: 1412, 20656: 184, 20659: 1585, 20661: 69995, 20662: 70373, 20663: 913, 20669: 522, 20670: 78631, 20671: 57639, 20672: 35259, 20673: 57972, 20675: 61726, 20676: 57972, 20677: 73235, 20678: 62344, 20680: 68173, 20681: 449, 20684: 1347, 20688: 1617, 20689: 69995, 20690: 52945, 20692: 57257, 20693: 85669, 20694: 66626, 20695: 1489, 20696: 1173, 20697: 1182, 20698: 58543, 20699: 70342, 20700: 54448, 20701: 54448, 20702: 1288, 20703: 66626, 20704: 1173, 20705: 50588, 20706: 57309, 20707: 54448, 20708: 1399, 20709: 1161, 20710: 1161, 20711: 1014, 20712: 0, 20713: 57257, 20714: 52945, 20715: 57290, 20716: 913, 20717: 58543, 20719: 54448, 20720: 75453, 20721: 1012, 20722: 46494, 20723: 1489, 20724: 80479, 20725: 78631, 20726: 46793, 20727: 62344, 20729: 48266, 20730: 1113, 20731: 743, 20732: 765, 20734: 690, 20735: 65877, 20736: 522, 20737: 44206, 20739: 65877, 20740: 1188, 20741: 1357, 20742: 1116, 20743: 78631, 20744: 69995, 20746: 69990, 20747: 57309, 20748: 1107, 20749: 57639, 20750: 849, 20751: 1012, 20752: 190, 20754: 743, 20757: 1585, 20758: 54448, 20759: 57639, 20761: 70373, 20762: 1084, 20763: 63099, 20764: 1617, 20765: 1347, 20766: 70373, 20768: 0, 20769: 519, 20770: 77145, 20773: 1347, 20774: 57290, 20775: 58096, 20777: 1182, 20778: 2048, 20779: 70500, 20781: 57290, 20782: 67720, 20784: 57070, 20785: 57070, 20786: 1167, 20789: 728, 20790: 58543, 20791: 184, 20792: 82085, 20793: 70500, 20794: 49332, 20795: 69242, 20796: 68650, 20797: 2048, 20798: 70373, 20799: 69242, 20800: 1482, 20802: 57381, 20803: 68650, 20804: 68650, 20805: 13699, 20806: 58543, 20807: 57381, 20808: 85687, 20809: 58096, 20810: 46793, 20811: 48266, 20813: 49332, 20814: 49332, 20815: 82067, 20816: 57309, 20817: 82067, 20818: 58096, 20819: 1502, 20820: 85669, 20821: 78631, 20822: 1399, 20823: 1014, 20824: 226, 20825: 849, 20826: 85710, 20827: 62344, 20828: 63270, 20829: 1259, 20831: 1391, 20832: 1399, 20833: 1617, 20834: 86055, 20835: 62344, 20836: 849, 20837: 0, 20838: 1347, 20840: 1583, 20841: 57455, 20842: 83288, 20843: 57290, 20844: 1482, 20845: 57639, 20846: 1223, 20850: 87001, 20852: 57309, 20853: 1457, 20854: 1585, 20856: 686, 20858: 70373, 20859: 82070, 20860: 63882, 20861: 63882, 20862: 82070, 20863: 82070, 20864: 395, 20872: 953, 20873: 226, 20874: 0, 20875: 64727, 20876: 805, 20877: 63882, 20881: 64727, 20883: 70500, 20884: 82070, 20885: 1391, 20886: 67720, 20887: 1457, 20888: 82070, 20889: 1502, 20890: 91053, 20891: 1391, 20892: 72039, 20894: 765, 20895: 44206, 20897: 85669, 20900: 1167, 20901: 68650, 20902: 83288, 20904: 1188, 20905: 73383, 20906: 849, 20907: 1188, 20909: 65877, 20910: 72051, 20911: 1107, 20913: 73383, 20916: 1116, 20917: 84328, 20918: 69990, 20919: 84328, 20921: 63099, 20922: 82070, 20923: 57381, 20925: 1294, 20926: 65941, 20928: 1300, 20929: 51797, 20930: 0, 20931: 1223, 20932: 64790, 20933: 743, 20934: 1193, 20935: 63882, 20936: 65941, 20937: 67720, 20938: 1193, 20939: 395, 20940: 65161, 20941: 87001, 20942: 75379, 20943: 57290, 20944: 59008, 20948: 65877, 20949: 1193, 20950: 63882, 20951: 64790, 20953: 64727, 20954: 48922, 20955: 1116, 20956: 58096, 20958: 63756, 20959: 87001, 20960: 1399, 20961: 1502, 20962: 184, 20963: 146, 20964: 72039, 20965: 65941, 20966: 59008, 20967: 85710, 20968: 75453, 20969: 1300, 20970: 72039, 20971: 59008, 20973: 1054, 20974: 63756, 20975: 58096, 20977: 1399, 20978: 1502, 20979: 1193, 20980: 63756, 20981: 57070, 20982: 83288, 20983: 57972, 20985: 83288, 20986: 1167, 20987: 0, 20988: 63756, 20990: 57972, 20992: 57417, 20993: 83288, 20995: 85710, 20997: 72039, 20998: 63882, 20999: 57972, 21000: 82070, 21001: 78631, 21002: 1167, 21003: 57972, 21005: 83288, 21006: 57070, 21007: 1300, 21008: 69995, 21009: 57972, 21011: 87001, 21012: 84328, 21013: 57639, 21014: 65877, 21015: 91053, 21016: 146, 21017: 85700, 21018: 35245, 21019: 63756, 21020: 68173, 21021: 1188, 21022: 63270, 21023: 1457, 21028: 86055, 21030: 85700, 21032: 54448, 21033: 728, 21034: 57417, 21035: 1399, 21036: 91896, 21037: 2048, 21038: 1457, 21039: 1300, 21041: 72051, 21043: 146, 21045: 75453, 21047: 57290, 21050: 57639, 21053: 1294, 21055: 82080, 21056: 57381, 21057: 449, 21058: 63756, 21059: 1107, 21060: 1107, 21061: 78645, 21062: 1014, 21063: 46494, 21064: 1014, 21065: 1188, 21066: 1259, 21067: 683, 21068: 72051, 21069: 72051, 21070: 57290, 21072: 71117, 21073: 69995, 21074: 1617, 21075: 78645, 21077: 1540, 21084: 67720, 21085: 88653, 21086: 90942, 21087: 57649, 21091: 85710, 21092: 58096, 21093: 85646, 21096: 2346, 21097: 74355, 21098: 63756, 21099: 2114, 21100: 2076, 21101: 2346, 21102: 2114, 21103: 1116, 21104: 59008, 21105: 80140, 21106: 2114, 21107: 73235, 21108: 56939, 21109: 56939, 21110: 80140, 21112: 1391, 21113: 89226, 21115: 2114, 21116: 89226, 21117: 80140, 21118: 83288, 21119: 89226, 21120: 2076, 21121: 74355, 21123: 80140, 21124: 88653, 21125: 88653, 21126: 74355, 21127: 56939, 21128: 74355, 21129: 74355, 21130: 53429, 21132: 57649, 21133: 87984, 21134: 53429, 21135: 56939, 21136: 53429, 21138: 57649, 21139: 56939, 21140: 57649, 21141: 86157, 21142: 80140, 21143: 53429, 21144: 2114, 21145: 53429, 21146: 89226, 21147: 88653, 21148: 53429, 21149: 80140, 21150: 80140, 21151: 86213, 21153: 53429, 21154: 1223, 21155: 86157, 21156: 87984, 21157: 1288, 21159: 2346, 21163: 146, 21164: 86157, 21165: 80140, 21166: 90998, 21167: 87984, 21168: 90998, 21170: 90998, 21171: 86213, 21172: 57649, 21173: 2076, 21174: 2114, 21175: 0, 21176: 2076, 21177: 87984, 21178: 88653, 21179: 56939, 21180: 2346, 21181: 57649, 21182: 86157, 21184: 87984, 21185: 0, 21186: 2076, 21187: 0, 21188: 0, 21189: 0, 21190: 63270, 21191: 184, 21192: 1223, 21193: 70500, 21194: 0, 21195: 1167, 21196: 70342, 21197: 74355, 21198: 2114, 21199: 86213, 21203: 2076, 21205: 53429, 21206: 86213, 21208: 87984, 21209: 89226, 21223: 1585, 21226: 1014, 21227: 69985, 21228: 46494, 21229: 395, 21230: 78645, 21231: 395, 21232: 1259, 21233: 683, 21234: 70342, 21235: 1259, 21236: 57381, 21237: 71117, 21238: 1543, 21239: 72051, 21240: 1107, 21241: 1347, 21244: 66626, 21249: 1012, 21262: 57070, 21265: 13699, 21271: 91053, 21279: 59008, 21280: 59008, 21288: 57290, 21290: 51797, 21298: 57639, 21303: 1347, 21304: 35259, 21305: 35259, 21306: 226, 21307: 64790, 21308: 1113, 21311: 1540, 21312: 1294, 21313: 35259, 21314: 88486, 21315: 57417, 21316: 1054, 21317: 1347, 21318: 57455, 21319: 51797, 21322: 690, 21324: 13828, 21325: 13828, 21326: 35259, 21327: 1347, 21328: 519, 21329: 78626, 21331: 57972, 21333: 51797, 21334: 57455, 21335: 1357, 21336: 765, 21338: 1054, 21339: 1457, 21340: 1294, 21341: 765, 21344: 1288, 21345: 0, 21346: 57309, 21348: 63099, 21349: 0, 21351: 1259, 21354: 78626, 21356: 77145, 21357: 85646, 21358: 35245, 21363: 1347, 21366: 65941, 21369: 88486, 21370: 1054, 21378: 70342, 21384: 1188, 21398: 805, 21445: 2114, 21446: 58096, 21447: 1357, 21448: 35259, 21450: 69990, 21454: 48922, 21455: 1014, 21460: 1482, 21462: 1585, 21463: 75453, 21465: 0, 21468: 1391, 21470: 226, 21474: 686, 21475: 1012, 21477: 91896, 21478: 61726, 21479: 1107, 21480: 519, 21481: 1161, 21482: 1161, 21483: 70373, 21484: 69995, 21487: 51797, 21488: 65161, 21489: 91053, 21490: 1259, 21491: 1113, 21492: 1161, 21493: 50453, 21494: 342}",0.0,invalido
653455.5848823335,Cruzamento,1733628489.6346993,83,"{20331: 1084, 20332: 46793, 20333: 1489, 20334: 1412, 20335: 1294, 20336: 82085, 20337: 65341, 20338: 48266, 20339: 46793, 20340: 1412, 20341: 1294, 20342: 1182, 20343: 70342, 20344: 849, 20345: 63099, 20346: 1084, 20347: 1489, 20348: 48266, 20349: 1347, 20350: 69990, 20351: 1347, 20352: 57309, 20353: 57257, 20354: 46793, 20355: 1347, 20356: 849, 20357: 1583, 20358: 2048, 20359: 1291, 20360: 765, 20361: 75421, 20362: 1489, 20363: 1412, 20364: 70342, 20365: 70171, 20366: 70171, 20367: 77145, 20368: 65341, 20369: 75453, 20370: 48266, 20371: 1347, 20372: 46793, 20373: 1617, 20378: 65341, 20379: 75421, 20380: 1489, 20381: 1182, 20383: 57257, 20384: 63099, 20385: 57257, 20386: 13699, 20387: 70342, 20388: 1084, 20389: 75421, 20392: 849, 20393: 69242, 20394: 51797, 20395: 48266, 20396: 449, 20397: 1583, 20398: 765, 20399: 44206, 20400: 46793, 20401: 1412, 20402: 48266, 20403: 184, 20404: 743, 20405: 82080, 20406: 728, 20407: 395, 20408: 449, 20409: 35259, 20410: 690, 20411: 67720, 20412: 75379, 20413: 1482, 20414: 67720, 20415: 71117, 20416: 70342, 20417: 57381, 20418: 82080, 20419: 519, 20421: 1294, 20422: 1489, 20423: 1585, 20427: 44206, 20428: 57381, 20429: 449, 20432: 1543, 20433: 449, 20434: 46494, 20436: 805, 20437: 69242, 20438: 69990, 20439: 1259, 20440: 743, 20441: 46494, 20442: 69985, 20443: 690, 20444: 82080, 20445: 805, 20446: 67720, 20447: 78645, 20449: 1012, 20450: 69995, 20451: 80479, 20452: 57455, 20453: 57455, 20454: 52945, 20455: 913, 20456: 50588, 20457: 51797, 20458: 913, 20459: 1161, 20460: 1585, 20461: 63270, 20462: 69995, 20463: 49332, 20465: 65341, 20466: 1012, 20467: 1291, 20468: 1107, 20469: 1259, 20471: 57381, 20472: 57381, 20473: 743, 20475: 72051, 20476: 1617, 20481: 1107, 20482: 75379, 20484: 52945, 20485: 75379, 20486: 54448, 20487: 449, 20488: 1188, 20489: 69990, 20490: 70342, 20491: 67720, 20492: 805, 20493: 1107, 20494: 46494, 20495: 683, 20496: 75453, 20497: 50588, 20499: 65877, 20501: 44206, 20503: 57639, 20504: 69990, 20505: 62344, 20506: 85710, 20507: 1357, 20508: 1161, 20509: 50588, 20510: 913, 20511: 85646, 20512: 70342, 20513: 1291, 20514: 64790, 20515: 913, 20517: 69995, 20518: 69995, 20519: 63270, 20520: 52945, 20521: 65161, 20522: 1161, 20523: 1259, 20524: 68173, 20525: 519, 20527: 82080, 20528: 1502, 20530: 46494, 20531: 59008, 20532: 805, 20533: 75421, 20534: 65161, 20535: 48922, 20536: 44206, 20537: 69985, 20538: 69990, 20539: 449, 20540: 690, 20541: 1617, 20542: 75958, 20543: 48922, 20544: 728, 20545: 91896, 20546: 71117, 20547: 64790, 20549: 80479, 20550: 51797, 20552: 1288, 20553: 1502, 20554: 57290, 20555: 62344, 20556: 65877, 20557: 75379, 20558: 1107, 20559: 1391, 20560: 65877, 20561: 85710, 20563: 1167, 20564: 57070, 20565: 69990, 20567: 849, 20569: 52945, 20570: 91896, 20571: 1585, 20572: 1288, 20573: 35259, 20574: 48922, 20575: 44206, 20576: 75958, 20577: 69985, 20578: 1347, 20579: 71117, 20580: 68173, 20581: 1014, 20582: 35259, 20583: 1288, 20584: 71117, 20585: 2048, 20587: 1012, 20588: 63270, 20589: 52945, 20590: 82080, 20591: 57455, 20592: 683, 20593: 805, 20594: 72051, 20595: 59008, 20596: 1347, 20597: 1585, 20599: 64727, 20600: 49332, 20601: 75379, 20602: 35245, 20605: 35245, 20606: 50588, 20607: 913, 20608: 57417, 20609: 1585, 20610: 1482, 20611: 1107, 20612: 686, 20613: 57309, 20614: 1167, 20615: 75453, 20616: 953, 20617: 61726, 20618: 85669, 20619: 1182, 20620: 1054, 20621: 1457, 20622: 849, 20624: 226, 20625: 1457, 20626: 69995, 20628: 1540, 20630: 69995, 20631: 449, 20633: 69242, 20634: 73383, 20635: 1583, 20636: 54448, 20637: 1583, 20638: 226, 20639: 1391, 20640: 52945, 20641: 85669, 20642: 62344, 20643: 1391, 20645: 52945, 20646: 85669, 20647: 57639, 20648: 686, 20650: 686, 20651: 1193, 20652: 58096, 20653: 1391, 20654: 953, 20655: 1482, 20656: 1084, 20659: 70342, 20661: 64727, 20662: 57309, 20663: 1161, 20669: 69242, 20670: 65877, 20671: 1540, 20672: 57972, 20673: 57639, 20675: 78631, 20676: 78631, 20677: 61726, 20678: 75379, 20680: 69990, 20681: 1188, 20684: 1543, 20688: 805, 20689: 50588, 20690: 64727, 20692: 1182, 20693: 58096, 20694: 913, 20695: 75453, 20696: 75379, 20697: 184, 20698: 85669, 20699: 63756, 20700: 50588, 20701: 913, 20702: 1167, 20703: 54448, 20704: 66626, 20705: 75379, 20706: 1182, 20707: 70342, 20708: 46494, 20709: 1161, 20710: 1161, 20711: 1543, 20712: 0, 20713: 75421, 20714: 52945, 20715: 690, 20716: 70342, 20717: 57639, 20719: 1585, 20720: 75453, 20721: 913, 20722: 805, 20723: 51797, 20724: 80479, 20725: 85669, 20726: 46793, 20727: 78631, 20729: 1617, 20730: 88486, 20731: 48922, 20732: 1054, 20734: 1288, 20735: 57309, 20736: 1014, 20737: 73383, 20739: 35259, 20740: 57455, 20741: 686, 20742: 1167, 20743: 1116, 20744: 68650, 20746: 69990, 20747: 91053, 20748: 58096, 20749: 69990, 20750: 686, 20751: 1399, 20752: 1502, 20754: 44206, 20757: 1161, 20758: 1012, 20759: 62344, 20761: 1482, 20762: 75453, 20763: 63099, 20764: 1084, 20765: 63099, 20766: 63099, 20768: 184, 20769: 395, 20770: 77145, 20773: 70500, 20774: 1154, 20775: 69990, 20777: 1391, 20778: 70500, 20779: 1399, 20781: 1457, 20782: 49332, 20784: 57290, 20785: 2048, 20786: 70500, 20789: 1347, 20790: 58543, 20791: 70342, 20792: 46793, 20793: 146, 20794: 49332, 20795: 59008, 20796: 1188, 20797: 75421, 20798: 13699, 20799: 70373, 20800: 1482, 20802: 69242, 20803: 85710, 20804: 57309, 20805: 69242, 20806: 1391, 20807: 72051, 20808: 82067, 20809: 1291, 20810: 63099, 20811: 57070, 20813: 48266, 20814: 1482, 20815: 85687, 20816: 57455, 20817: 85687, 20818: 1391, 20819: 1502, 20820: 1167, 20821: 1116, 20822: 85687, 20823: 46494, 20824: 57417, 20825: 75453, 20826: 75379, 20827: 46494, 20828: 184, 20829: 67720, 20831: 57290, 20832: 57639, 20833: 1291, 20834: 728, 20835: 1502, 20836: 1583, 20837: 57070, 20838: 57070, 20840: 2048, 20841: 1412, 20842: 1357, 20843: 226, 20844: 57455, 20845: 65877, 20846: 1300, 20850: 65877, 20852: 90927, 20853: 51797, 20854: 72051, 20856: 46793, 20858: 48266, 20859: 82070, 20860: 63882, 20861: 63882, 20862: 82070, 20863: 82070, 20864: 395, 20872: 953, 20873: 395, 20874: 0, 20875: 91053, 20876: 683, 20877: 83288, 20881: 75379, 20883: 75453, 20884: 57972, 20885: 59008, 20886: 64727, 20887: 1540, 20888: 82070, 20889: 683, 20890: 64727, 20891: 1391, 20892: 82070, 20894: 85669, 20895: 64790, 20897: 1540, 20900: 1457, 20901: 75379, 20902: 72039, 20904: 63099, 20905: 522, 20906: 765, 20907: 1188, 20909: 65877, 20910: 182, 20911: 849, 20913: 72051, 20916: 85669, 20917: 87001, 20918: 73383, 20919: 63882, 20921: 58543, 20922: 82070, 20923: 690, 20925: 1294, 20926: 85700, 20928: 1300, 20929: 51797, 20930: 61726, 20931: 51797, 20932: 1288, 20933: 57290, 20934: 63099, 20935: 82070, 20936: 91053, 20937: 1399, 20938: 1193, 20939: 1502, 20940: 1223, 20941: 72039, 20942: 1399, 20943: 69985, 20944: 1193, 20948: 83288, 20949: 1193, 20950: 87001, 20951: 1300, 20953: 64727, 20954: 68173, 20955: 1457, 20956: 57639, 20958: 57639, 20959: 65877, 20960: 54448, 20961: 1012, 20962: 1300, 20963: 69995, 20964: 72039, 20965: 91053, 20966: 64790, 20967: 1054, 20968: 44206, 20969: 85700, 20970: 57972, 20971: 63756, 20973: 85710, 20974: 59008, 20975: 1154, 20977: 85710, 20978: 63756, 20979: 0, 20980: 63756, 20981: 49332, 20982: 72039, 20983: 1054, 20985: 72039, 20986: 728, 20987: 64790, 20988: 1054, 20990: 85710, 20992: 68650, 20993: 72039, 20995: 1012, 20997: 83288, 20998: 82070, 20999: 87001, 21000: 63882, 21001: 70500, 21002: 57639, 21003: 57972, 21005: 83288, 21006: 72051, 21007: 2048, 21008: 69995, 21009: 65877, 21011: 72039, 21012: 87001, 21013: 57290, 21014: 65877, 21015: 91053, 21016: 72051, 21017: 64790, 21018: 1193, 21019: 184, 21020: 69985, 21021: 1543, 21022: 75379, 21023: 63270, 21028: 86055, 21030: 85700, 21032: 52945, 21033: 35245, 21034: 1154, 21035: 58543, 21036: 35259, 21037: 1223, 21038: 728, 21039: 63270, 21041: 85700, 21043: 67720, 21045: 1188, 21047: 86055, 21050: 83288, 21053: 1294, 21055: 82080, 21056: 1585, 21057: 1107, 21058: 1107, 21059: 395, 21060: 1107, 21061: 46494, 21062: 1502, 21063: 1014, 21064: 57381, 21065: 1543, 21066: 1188, 21067: 683, 21068: 73383, 21069: 46494, 21070: 69990, 21072: 1107, 21073: 1182, 21074: 67720, 21075: 78645, 21077: 1540, 21084: 1617, 21085: 88653, 21086: 90942, 21087: 57649, 21091: 85710, 21092: 58096, 21093: 85646, 21096: 2346, 21097: 74355, 21098: 63756, 21099: 2114, 21100: 2076, 21101: 2346, 21102: 2114, 21103: 1116, 21104: 59008, 21105: 80140, 21106: 2114, 21107: 73235, 21108: 56939, 21109: 56939, 21110: 80140, 21112: 1391, 21113: 89226, 21115: 2114, 21116: 89226, 21117: 80140, 21118: 83288, 21119: 89226, 21120: 2076, 21121: 74355, 21123: 80140, 21124: 88653, 21125: 88653, 21126: 74355, 21127: 56939, 21128: 74355, 21129: 74355, 21130: 53429, 21132: 57649, 21133: 87984, 21134: 53429, 21135: 56939, 21136: 53429, 21138: 57649, 21139: 56939, 21140: 57649, 21141: 86157, 21142: 80140, 21143: 53429, 21144: 2114, 21145: 53429, 21146: 89226, 21147: 88653, 21148: 53429, 21149: 80140, 21150: 80140, 21151: 86213, 21153: 53429, 21154: 1223, 21155: 86157, 21156: 87984, 21157: 1288, 21159: 2346, 21163: 146, 21164: 86157, 21165: 80140, 21166: 90998, 21167: 87984, 21168: 90998, 21170: 90998, 21171: 86213, 21172: 57649, 21173: 2076, 21174: 2114, 21175: 0, 21176: 2076, 21177: 87984, 21178: 88653, 21179: 56939, 21180: 2346, 21181: 57649, 21182: 86157, 21184: 87984, 21185: 0, 21186: 2076, 21187: 0, 21188: 0, 21189: 0, 21190: 63270, 21191: 184, 21192: 1223, 21193: 70500, 21194: 0, 21195: 1167, 21196: 70342, 21197: 74355, 21198: 2114, 21199: 86213, 21203: 2076, 21205: 53429, 21206: 86213, 21208: 87984, 21209: 89226, 21223: 1585, 21226: 1014, 21227: 69985, 21228: 46494, 21229: 395, 21230: 78645, 21231: 395, 21232: 1259, 21233: 683, 21234: 70342, 21235: 1259, 21236: 57381, 21237: 71117, 21238: 1543, 21239: 72051, 21240: 1107, 21241: 1347, 21244: 66626, 21249: 1012, 21262: 57070, 21265: 13699, 21271: 91053, 21279: 59008, 21280: 59008, 21288: 57290, 21290: 51797, 21298: 57639, 21303: 1347, 21304: 35259, 21305: 35259, 21306: 226, 21307: 64790, 21308: 1113, 21311: 1540, 21312: 1294, 21313: 35259, 21314: 88486, 21315: 57417, 21316: 1054, 21317: 1347, 21318: 57455, 21319: 51797, 21322: 690, 21324: 13828, 21325: 13828, 21326: 35259, 21327: 1347, 21328: 519, 21329: 78626, 21331: 72039, 21333: 57455, 21334: 57455, 21335: 226, 21336: 765, 21338: 1502, 21339: 1054, 21340: 1107, 21341: 1294, 21344: 1300, 21345: 72039, 21346: 91053, 21348: 63099, 21349: 0, 21351: 69990, 21354: 519, 21356: 90927, 21357: 75379, 21358: 184, 21363: 57257, 21366: 65941, 21369: 765, 21370: 63756, 21378: 68173, 21384: 44206, 21398: 78626, 21445: 74355, 21446: 62344, 21447: 1347, 21448: 67720, 21450: 1014, 21454: 68173, 21455: 683, 21460: 0, 21462: 82080, 21463: 75453, 21465: 0, 21468: 1391, 21470: 226, 21474: 686, 21475: 1012, 21477: 91896, 21478: 61726, 21479: 1107, 21480: 519, 21481: 1161, 21482: 1161, 21483: 70373, 21484: 69995, 21487: 51797, 21488: 65161, 21489: 91053, 21490: 1259, 21491: 1113, 21492: 1161, 21493: 50453, 21494: 342}",0.0,filho
647997.1775219997,Cruzamento,1733628492.7370713,84,"{20331: 1084, 20332: 46793, 20333: 1489, 20334: 1412, 20335: 1294, 20336: 82085, 20337: 65341, 20338: 48266, 20339: 46793, 20340: 1412, 20341: 1294, 20342: 1182, 20343: 70342, 20344: 849, 20345: 63099, 20346: 1084, 20347: 1489, 20348: 48266, 20349: 1347, 20350: 69990, 20351: 1347, 20352: 57309, 20353: 57257, 20354: 46793, 20355: 1347, 20356: 849, 20357: 1583, 20358: 2048, 20359: 1291, 20360: 765, 20361: 75421, 20362: 1489, 20363: 1412, 20364: 70342, 20365: 70171, 20366: 70171, 20367: 77145, 20368: 65341, 20369: 75453, 20370: 48266, 20371: 1347, 20372: 46793, 20373: 1617, 20378: 65341, 20379: 75421, 20380: 1489, 20381: 1182, 20383: 57257, 20384: 63099, 20385: 57257, 20386: 13699, 20387: 70342, 20388: 1084, 20389: 75421, 20392: 849, 20393: 69242, 20394: 51797, 20395: 48266, 20396: 449, 20397: 1583, 20398: 765, 20399: 44206, 20400: 46793, 20401: 1412, 20402: 48266, 20403: 184, 20404: 743, 20405: 82080, 20406: 728, 20407: 395, 20408: 449, 20409: 35259, 20410: 690, 20411: 67720, 20412: 75379, 20413: 1482, 20414: 67720, 20415: 71117, 20416: 70342, 20417: 57381, 20418: 82080, 20419: 519, 20421: 1294, 20422: 1489, 20423: 1585, 20427: 44206, 20428: 57381, 20429: 449, 20432: 1543, 20433: 449, 20434: 46494, 20436: 805, 20437: 69242, 20438: 69990, 20439: 1259, 20440: 743, 20441: 46494, 20442: 69985, 20443: 690, 20444: 82080, 20445: 805, 20446: 67720, 20447: 78645, 20449: 1012, 20450: 69995, 20451: 80479, 20452: 57455, 20453: 57455, 20454: 52945, 20455: 913, 20456: 50588, 20457: 51797, 20458: 913, 20459: 1161, 20460: 1585, 20461: 63270, 20462: 69995, 20463: 49332, 20465: 65341, 20466: 1012, 20467: 1291, 20468: 1107, 20469: 1259, 20471: 57381, 20472: 57381, 20473: 743, 20475: 72051, 20476: 1617, 20481: 1107, 20482: 75379, 20484: 52945, 20485: 75379, 20486: 54448, 20487: 449, 20488: 1188, 20489: 69990, 20490: 70342, 20491: 67720, 20492: 805, 20493: 1107, 20494: 46494, 20495: 683, 20496: 75453, 20497: 50588, 20499: 65877, 20501: 44206, 20503: 57639, 20504: 69990, 20505: 62344, 20506: 85710, 20507: 1357, 20508: 1161, 20509: 50588, 20510: 913, 20511: 85646, 20512: 70342, 20513: 1291, 20514: 64790, 20515: 913, 20517: 69995, 20518: 69995, 20519: 63270, 20520: 52945, 20521: 65161, 20522: 1161, 20523: 1259, 20524: 68173, 20525: 519, 20527: 82080, 20528: 1502, 20530: 46494, 20531: 59008, 20532: 805, 20533: 75421, 20534: 65161, 20535: 48922, 20536: 44206, 20537: 69985, 20538: 69990, 20539: 449, 20540: 690, 20541: 1617, 20542: 75958, 20543: 48922, 20544: 728, 20545: 91896, 20546: 71117, 20547: 64790, 20549: 80479, 20550: 51797, 20552: 1288, 20553: 1502, 20554: 57290, 20555: 62344, 20556: 65877, 20557: 75379, 20558: 1107, 20559: 1391, 20560: 65877, 20561: 85710, 20563: 1167, 20564: 57070, 20565: 69990, 20567: 849, 20569: 52945, 20570: 91896, 20571: 1585, 20572: 1288, 20573: 35259, 20574: 48922, 20575: 44206, 20576: 75958, 20577: 69985, 20578: 1347, 20579: 71117, 20580: 68173, 20581: 1014, 20582: 35259, 20583: 1288, 20584: 71117, 20585: 2048, 20587: 1012, 20588: 63270, 20589: 52945, 20590: 82080, 20591: 57455, 20592: 683, 20593: 805, 20594: 72051, 20595: 59008, 20596: 1347, 20597: 1585, 20599: 64727, 20600: 49332, 20601: 75379, 20602: 35245, 20605: 35245, 20606: 50588, 20607: 913, 20608: 57417, 20609: 1585, 20610: 1482, 20611: 1107, 20612: 686, 20613: 57309, 20614: 1167, 20615: 75453, 20616: 953, 20617: 61726, 20618: 85669, 20619: 1182, 20620: 1054, 20621: 1457, 20622: 849, 20624: 226, 20625: 1457, 20626: 69995, 20628: 1540, 20630: 69995, 20631: 449, 20633: 69242, 20634: 73383, 20635: 1583, 20636: 54448, 20637: 1583, 20638: 226, 20639: 1391, 20640: 52945, 20641: 85669, 20642: 62344, 20643: 1391, 20645: 52945, 20646: 85669, 20647: 57639, 20648: 686, 20650: 686, 20651: 1193, 20652: 58096, 20653: 1391, 20654: 953, 20655: 1482, 20656: 1084, 20659: 70342, 20661: 64727, 20662: 57309, 20663: 1161, 20669: 69242, 20670: 65877, 20671: 1540, 20672: 57972, 20673: 57639, 20675: 78631, 20676: 78631, 20677: 61726, 20678: 75379, 20680: 69990, 20681: 1188, 20684: 1543, 20688: 805, 20689: 50588, 20690: 64727, 20692: 1182, 20693: 58096, 20694: 913, 20695: 75453, 20696: 75379, 20697: 184, 20698: 85669, 20699: 70342, 20700: 54448, 20701: 54448, 20702: 1288, 20703: 66626, 20704: 1173, 20705: 50588, 20706: 57309, 20707: 54448, 20708: 1399, 20709: 1161, 20710: 1161, 20711: 1014, 20712: 0, 20713: 57257, 20714: 52945, 20715: 57290, 20716: 913, 20717: 58543, 20719: 54448, 20720: 75453, 20721: 1012, 20722: 46494, 20723: 1489, 20724: 80479, 20725: 78631, 20726: 46793, 20727: 62344, 20729: 48266, 20730: 1113, 20731: 743, 20732: 765, 20734: 690, 20735: 65877, 20736: 522, 20737: 44206, 20739: 65877, 20740: 1188, 20741: 1357, 20742: 1116, 20743: 78631, 20744: 69995, 20746: 69990, 20747: 57309, 20748: 1107, 20749: 57639, 20750: 849, 20751: 1012, 20752: 190, 20754: 743, 20757: 1585, 20758: 54448, 20759: 57639, 20761: 70373, 20762: 1084, 20763: 63099, 20764: 1617, 20765: 1347, 20766: 70373, 20768: 0, 20769: 519, 20770: 77145, 20773: 1347, 20774: 57290, 20775: 58096, 20777: 1182, 20778: 2048, 20779: 70500, 20781: 57290, 20782: 67720, 20784: 57070, 20785: 57070, 20786: 1167, 20789: 728, 20790: 58543, 20791: 184, 20792: 82085, 20793: 70500, 20794: 49332, 20795: 69242, 20796: 68650, 20797: 2048, 20798: 70373, 20799: 69242, 20800: 1482, 20802: 57381, 20803: 68650, 20804: 68650, 20805: 13699, 20806: 58543, 20807: 57381, 20808: 85687, 20809: 58096, 20810: 46793, 20811: 48266, 20813: 49332, 20814: 49332, 20815: 82067, 20816: 57309, 20817: 82067, 20818: 58096, 20819: 1502, 20820: 85669, 20821: 78631, 20822: 1399, 20823: 1014, 20824: 226, 20825: 849, 20826: 85710, 20827: 62344, 20828: 63270, 20829: 1259, 20831: 1391, 20832: 1399, 20833: 1617, 20834: 86055, 20835: 62344, 20836: 849, 20837: 0, 20838: 1347, 20840: 1583, 20841: 57455, 20842: 83288, 20843: 57290, 20844: 1482, 20845: 57639, 20846: 1223, 20850: 87001, 20852: 57309, 20853: 1457, 20854: 1585, 20856: 686, 20858: 70373, 20859: 82070, 20860: 63882, 20861: 63882, 20862: 82070, 20863: 82070, 20864: 395, 20872: 953, 20873: 226, 20874: 0, 20875: 64727, 20876: 805, 20877: 63882, 20881: 64727, 20883: 70500, 20884: 82070, 20885: 1391, 20886: 67720, 20887: 1457, 20888: 82070, 20889: 1502, 20890: 91053, 20891: 1391, 20892: 72039, 20894: 765, 20895: 44206, 20897: 85669, 20900: 1167, 20901: 68650, 20902: 83288, 20904: 1188, 20905: 73383, 20906: 849, 20907: 1188, 20909: 65877, 20910: 72051, 20911: 1107, 20913: 73383, 20916: 1116, 20917: 84328, 20918: 69990, 20919: 84328, 20921: 63099, 20922: 82070, 20923: 57381, 20925: 1294, 20926: 65941, 20928: 1300, 20929: 51797, 20930: 0, 20931: 1223, 20932: 64790, 20933: 743, 20934: 1193, 20935: 63882, 20936: 65941, 20937: 67720, 20938: 1193, 20939: 395, 20940: 65161, 20941: 87001, 20942: 75379, 20943: 57290, 20944: 59008, 20948: 65877, 20949: 1193, 20950: 63882, 20951: 64790, 20953: 64727, 20954: 48922, 20955: 1116, 20956: 58096, 20958: 63756, 20959: 87001, 20960: 54448, 20961: 1012, 20962: 1300, 20963: 69995, 20964: 72039, 20965: 91053, 20966: 64790, 20967: 1054, 20968: 44206, 20969: 85700, 20970: 57972, 20971: 63756, 20973: 85710, 20974: 59008, 20975: 1154, 20977: 85710, 20978: 63756, 20979: 0, 20980: 63756, 20981: 49332, 20982: 72039, 20983: 1054, 20985: 72039, 20986: 728, 20987: 64790, 20988: 1054, 20990: 85710, 20992: 68650, 20993: 72039, 20995: 1012, 20997: 83288, 20998: 82070, 20999: 87001, 21000: 63882, 21001: 70500, 21002: 57639, 21003: 57972, 21005: 83288, 21006: 72051, 21007: 2048, 21008: 69995, 21009: 65877, 21011: 72039, 21012: 87001, 21013: 57290, 21014: 65877, 21015: 91053, 21016: 72051, 21017: 64790, 21018: 1193, 21019: 184, 21020: 69985, 21021: 1543, 21022: 75379, 21023: 63270, 21028: 86055, 21030: 85700, 21032: 52945, 21033: 35245, 21034: 1154, 21035: 58543, 21036: 35259, 21037: 1223, 21038: 728, 21039: 63270, 21041: 85700, 21043: 67720, 21045: 1188, 21047: 86055, 21050: 83288, 21053: 1294, 21055: 82080, 21056: 1585, 21057: 1107, 21058: 1107, 21059: 395, 21060: 1107, 21061: 46494, 21062: 1502, 21063: 1014, 21064: 57381, 21065: 1543, 21066: 1188, 21067: 683, 21068: 73383, 21069: 46494, 21070: 69990, 21072: 1107, 21073: 1182, 21074: 67720, 21075: 78645, 21077: 1540, 21084: 1617, 21085: 2114, 21086: 89226, 21087: 87984, 21091: 1012, 21092: 78631, 21093: 63270, 21096: 2114, 21097: 53429, 21098: 65941, 21099: 2114, 21100: 2076, 21101: 57649, 21102: 80140, 21103: 1457, 21104: 51797, 21105: 88653, 21106: 2346, 21107: 62344, 21108: 2346, 21109: 2114, 21110: 90942, 21112: 75379, 21113: 88653, 21115: 2346, 21116: 80140, 21117: 57649, 21118: 88486, 21119: 2076, 21120: 2076, 21121: 74355, 21123: 57649, 21124: 2076, 21125: 53429, 21126: 57649, 21127: 74355, 21128: 57649, 21129: 2114, 21130: 74355, 21132: 53429, 21133: 87984, 21134: 57649, 21135: 88653, 21136: 74355, 21138: 53429, 21139: 88653, 21140: 53429, 21141: 80140, 21142: 2346, 21143: 57649, 21144: 2114, 21145: 88653, 21146: 89226, 21147: 53429, 21148: 2114, 21149: 2076, 21150: 86213, 21151: 87984, 21153: 2114, 21154: 44206, 21155: 86157, 21156: 80140, 21157: 1188, 21159: 89226, 21163: 146, 21164: 86157, 21165: 88653, 21166: 88653, 21167: 80140, 21168: 2114, 21170: 88653, 21171: 53429, 21172: 57649, 21173: 56939, 21174: 90998, 21175: 1223, 21176: 56939, 21177: 56939, 21178: 57649, 21179: 86213, 21180: 90998, 21181: 86213, 21182: 86157, 21184: 56939, 21185: 86213, 21186: 86213, 21187: 0, 21188: 0, 21189: 0, 21190: 78631, 21191: 184, 21192: 59008, 21193: 57639, 21194: 0, 21195: 395, 21196: 1489, 21197: 57649, 21198: 74355, 21199: 2076, 21203: 90998, 21205: 74355, 21206: 86213, 21208: 87984, 21209: 89226, 21223: 683, 21226: 683, 21227: 1585, 21228: 68173, 21229: 0, 21230: 69990, 21231: 519, 21232: 57381, 21233: 1259, 21234: 805, 21235: 690, 21236: 71117, 21237: 71117, 21238: 1288, 21239: 72051, 21240: 1107, 21241: 1347, 21244: 66626, 21249: 1012, 21262: 57070, 21265: 13699, 21271: 91053, 21279: 59008, 21280: 59008, 21288: 57290, 21290: 51797, 21298: 57639, 21303: 1347, 21304: 35259, 21305: 35259, 21306: 226, 21307: 64790, 21308: 1113, 21311: 1540, 21312: 1294, 21313: 35259, 21314: 88486, 21315: 57417, 21316: 1054, 21317: 1347, 21318: 57455, 21319: 51797, 21322: 690, 21324: 13828, 21325: 13828, 21326: 35259, 21327: 1347, 21328: 519, 21329: 78626, 21331: 72039, 21333: 57455, 21334: 57455, 21335: 226, 21336: 765, 21338: 1502, 21339: 1054, 21340: 1107, 21341: 1294, 21344: 1300, 21345: 72039, 21346: 91053, 21348: 63099, 21349: 0, 21351: 69990, 21354: 519, 21356: 90927, 21357: 75379, 21358: 184, 21363: 57257, 21366: 65941, 21369: 765, 21370: 63756, 21378: 68173, 21384: 44206, 21398: 78626, 21445: 74355, 21446: 62344, 21447: 1347, 21448: 67720, 21450: 1014, 21454: 68173, 21455: 683, 21460: 0, 21462: 82080, 21463: 75453, 21465: 0, 21468: 1391, 21470: 226, 21474: 686, 21475: 1012, 21477: 91896, 21478: 61726, 21479: 1107, 21480: 519, 21481: 1161, 21482: 1161, 21483: 70373, 21484: 69995, 21487: 51797, 21488: 65161, 21489: 91053, 21490: 1259, 21491: 1113, 21492: 1161, 21493: 50453, 21494: 342}",0.0,filho
650828.4003479999,Cruzamento,1733628495.8678086,85,"{20331: 57309, 20332: 65341, 20333: 82085, 20334: 57070, 20335: 1182, 20336: 1489, 20337: 1291, 20338: 1084, 20339: 46793, 20340: 1412, 20341: 1294, 20342: 1182, 20343: 70342, 20344: 849, 20345: 63099, 20346: 1084, 20347: 1489, 20348: 48266, 20349: 1347, 20350: 69990, 20351: 1347, 20352: 57309, 20353: 57257, 20354: 46793, 20355: 1347, 20356: 849, 20357: 1583, 20358: 2048, 20359: 1291, 20360: 765, 20361: 75421, 20362: 1489, 20363: 1412, 20364: 70342, 20365: 70171, 20366: 70171, 20367: 77145, 20368: 65341, 20369: 75453, 20370: 48266, 20371: 1347, 20372: 46793, 20373: 1617, 20378: 65341, 20379: 75421, 20380: 1489, 20381: 1182, 20383: 57257, 20384: 63099, 20385: 57257, 20386: 13699, 20387: 70342, 20388: 1084, 20389: 75421, 20392: 849, 20393: 69242, 20394: 51797, 20395: 48266, 20396: 449, 20397: 1583, 20398: 765, 20399: 44206, 20400: 46793, 20401: 1412, 20402: 48266, 20403: 184, 20404: 743, 20405: 82080, 20406: 728, 20407: 395, 20408: 449, 20409: 35259, 20410: 690, 20411: 67720, 20412: 75379, 20413: 1482, 20414: 67720, 20415: 71117, 20416: 70342, 20417: 57381, 20418: 82080, 20419: 519, 20421: 1294, 20422: 1489, 20423: 1585, 20427: 44206, 20428: 57381, 20429: 449, 20432: 1543, 20433: 449, 20434: 46494, 20436: 805, 20437: 69242, 20438: 69990, 20439: 1259, 20440: 743, 20441: 46494, 20442: 69985, 20443: 690, 20444: 82080, 20445: 805, 20446: 67720, 20447: 78645, 20449: 1012, 20450: 69995, 20451: 80479, 20452: 57455, 20453: 57455, 20454: 52945, 20455: 913, 20456: 50588, 20457: 51797, 20458: 913, 20459: 1161, 20460: 1585, 20461: 63270, 20462: 69995, 20463: 49332, 20465: 65341, 20466: 1012, 20467: 1291, 20468: 1107, 20469: 1259, 20471: 57381, 20472: 57381, 20473: 743, 20475: 72051, 20476: 1617, 20481: 1107, 20482: 75379, 20484: 52945, 20485: 75379, 20486: 54448, 20487: 449, 20488: 1188, 20489: 69990, 20490: 70342, 20491: 67720, 20492: 805, 20493: 1107, 20494: 46494, 20495: 683, 20496: 75453, 20497: 50588, 20499: 65877, 20501: 44206, 20503: 57639, 20504: 69990, 20505: 62344, 20506: 85710, 20507: 1357, 20508: 1161, 20509: 50588, 20510: 913, 20511: 85646, 20512: 70342, 20513: 1291, 20514: 64790, 20515: 913, 20517: 69995, 20518: 69995, 20519: 63270, 20520: 52945, 20521: 65161, 20522: 1161, 20523: 1259, 20524: 68173, 20525: 519, 20527: 82080, 20528: 1502, 20530: 46494, 20531: 59008, 20532: 805, 20533: 75421, 20534: 65161, 20535: 48922, 20536: 44206, 20537: 69985, 20538: 69990, 20539: 449, 20540: 690, 20541: 1617, 20542: 75958, 20543: 48922, 20544: 728, 20545: 91896, 20546: 71117, 20547: 64790, 20549: 80479, 20550: 51797, 20552: 1288, 20553: 1502, 20554: 57290, 20555: 62344, 20556: 65877, 20557: 75379, 20558: 1107, 20559: 1391, 20560: 65877, 20561: 85710, 20563: 1167, 20564: 57070, 20565: 69990, 20567: 849, 20569: 52945, 20570: 91896, 20571: 1585, 20572: 1288, 20573: 35259, 20574: 48922, 20575: 44206, 20576: 75958, 20577: 69985, 20578: 1347, 20579: 71117, 20580: 68173, 20581: 1014, 20582: 35259, 20583: 1288, 20584: 71117, 20585: 2048, 20587: 1012, 20588: 63270, 20589: 52945, 20590: 82080, 20591: 57455, 20592: 683, 20593: 805, 20594: 72051, 20595: 59008, 20596: 1347, 20597: 1585, 20599: 64727, 20600: 49332, 20601: 75379, 20602: 35245, 20605: 35245, 20606: 50588, 20607: 913, 20608: 57417, 20609: 1585, 20610: 1482, 20611: 1107, 20612: 686, 20613: 57309, 20614: 1167, 20615: 75453, 20616: 953, 20617: 61726, 20618: 85669, 20619: 1182, 20620: 1054, 20621: 1457, 20622: 849, 20624: 226, 20625: 1457, 20626: 69995, 20628: 1540, 20630: 69995, 20631: 449, 20633: 69242, 20634: 73383, 20635: 1583, 20636: 54448, 20637: 1583, 20638: 226, 20639: 1391, 20640: 52945, 20641: 85669, 20642: 62344, 20643: 1391, 20645: 52945, 20646: 85669, 20647: 57639, 20648: 686, 20650: 686, 20651: 1193, 20652: 686, 20653: 1193, 20654: 85669, 20655: 1412, 20656: 184, 20659: 1585, 20661: 69995, 20662: 70373, 20663: 913, 20669: 522, 20670: 78631, 20671: 57639, 20672: 35259, 20673: 57972, 20675: 61726, 20676: 57972, 20677: 73235, 20678: 62344, 20680: 68173, 20681: 449, 20684: 1347, 20688: 1617, 20689: 69995, 20690: 52945, 20692: 57257, 20693: 85669, 20694: 66626, 20695: 1489, 20696: 1173, 20697: 1182, 20698: 58543, 20699: 63756, 20700: 50588, 20701: 913, 20702: 1167, 20703: 54448, 20704: 66626, 20705: 75379, 20706: 1182, 20707: 70342, 20708: 46494, 20709: 1161, 20710: 1161, 20711: 1543, 20712: 0, 20713: 75421, 20714: 52945, 20715: 690, 20716: 70342, 20717: 57639, 20719: 1585, 20720: 75453, 20721: 913, 20722: 805, 20723: 51797, 20724: 80479, 20725: 85669, 20726: 46793, 20727: 78631, 20729: 1617, 20730: 88486, 20731: 48922, 20732: 1054, 20734: 1288, 20735: 57309, 20736: 1014, 20737: 73383, 20739: 35259, 20740: 57455, 20741: 686, 20742: 1167, 20743: 1116, 20744: 68650, 20746: 69990, 20747: 91053, 20748: 58096, 20749: 69990, 20750: 686, 20751: 1399, 20752: 1502, 20754: 44206, 20757: 1161, 20758: 1012, 20759: 62344, 20761: 1482, 20762: 75453, 20763: 63099, 20764: 1084, 20765: 63099, 20766: 63099, 20768: 184, 20769: 395, 20770: 77145, 20773: 70500, 20774: 1154, 20775: 69990, 20777: 1391, 20778: 70500, 20779: 1399, 20781: 1457, 20782: 49332, 20784: 57290, 20785: 2048, 20786: 70500, 20789: 1347, 20790: 58543, 20791: 70342, 20792: 46793, 20793: 146, 20794: 49332, 20795: 59008, 20796: 1188, 20797: 75421, 20798: 13699, 20799: 70373, 20800: 1482, 20802: 69242, 20803: 85710, 20804: 57309, 20805: 69242, 20806: 1391, 20807: 72051, 20808: 82067, 20809: 1291, 20810: 63099, 20811: 57070, 20813: 48266, 20814: 1482, 20815: 85687, 20816: 57455, 20817: 85687, 20818: 1391, 20819: 1502, 20820: 1167, 20821: 1116, 20822: 85687, 20823: 46494, 20824: 57417, 20825: 75453, 20826: 75379, 20827: 46494, 20828: 184, 20829: 67720, 20831: 57290, 20832: 57639, 20833: 1291, 20834: 728, 20835: 1502, 20836: 1583, 20837: 57070, 20838: 57070, 20840: 2048, 20841: 1412, 20842: 1357, 20843: 226, 20844: 57455, 20845: 65877, 20846: 1300, 20850: 65877, 20852: 90927, 20853: 51797, 20854: 72051, 20856: 46793, 20858: 48266, 20859: 82070, 20860: 63882, 20861: 63882, 20862: 82070, 20863: 82070, 20864: 395, 20872: 953, 20873: 395, 20874: 0, 20875: 91053, 20876: 683, 20877: 83288, 20881: 75379, 20883: 75453, 20884: 57972, 20885: 59008, 20886: 64727, 20887: 1540, 20888: 82070, 20889: 683, 20890: 64727, 20891: 1391, 20892: 82070, 20894: 85669, 20895: 64790, 20897: 1540, 20900: 1457, 20901: 75379, 20902: 72039, 20904: 63099, 20905: 522, 20906: 765, 20907: 1188, 20909: 65877, 20910: 182, 20911: 849, 20913: 72051, 20916: 85669, 20917: 87001, 20918: 73383, 20919: 63882, 20921: 58543, 20922: 82070, 20923: 690, 20925: 1294, 20926: 85700, 20928: 1300, 20929: 51797, 20930: 61726, 20931: 51797, 20932: 1288, 20933: 57290, 20934: 63099, 20935: 82070, 20936: 91053, 20937: 1399, 20938: 1193, 20939: 1502, 20940: 1223, 20941: 72039, 20942: 1399, 20943: 69985, 20944: 1193, 20948: 83288, 20949: 1193, 20950: 87001, 20951: 1300, 20953: 64727, 20954: 68173, 20955: 1457, 20956: 57639, 20958: 57639, 20959: 65877, 20960: 54448, 20961: 1012, 20962: 1300, 20963: 69995, 20964: 72039, 20965: 91053, 20966: 64790, 20967: 1054, 20968: 44206, 20969: 85700, 20970: 57972, 20971: 63756, 20973: 85710, 20974: 59008, 20975: 1154, 20977: 85710, 20978: 63756, 20979: 0, 20980: 63756, 20981: 49332, 20982: 72039, 20983: 1054, 20985: 72039, 20986: 728, 20987: 64790, 20988: 1054, 20990: 85710, 20992: 68650, 20993: 72039, 20995: 1012, 20997: 83288, 20998: 82070, 20999: 87001, 21000: 63882, 21001: 70500, 21002: 57639, 21003: 57972, 21005: 83288, 21006: 72051, 21007: 2048, 21008: 69995, 21009: 65877, 21011: 72039, 21012: 87001, 21013: 57290, 21014: 65877, 21015: 91053, 21016: 72051, 21017: 64790, 21018: 1193, 21019: 184, 21020: 69985, 21021: 1543, 21022: 75379, 21023: 63270, 21028: 86055, 21030: 85700, 21032: 52945, 21033: 35245, 21034: 1154, 21035: 58543, 21036: 35259, 21037: 1223, 21038: 728, 21039: 63270, 21041: 85700, 21043: 67720, 21045: 1188, 21047: 86055, 21050: 83288, 21053: 1294, 21055: 82080, 21056: 1585, 21057: 1107, 21058: 1107, 21059: 395, 21060: 1107, 21061: 46494, 21062: 1502, 21063: 1014, 21064: 57381, 21065: 1543, 21066: 1188, 21067: 683, 21068: 73383, 21069: 46494, 21070: 69990, 21072: 1107, 21073: 1182, 21074: 67720, 21075: 78645, 21077: 1540, 21084: 1617, 21085: 88653, 21086: 90942, 21087: 57649, 21091: 85710, 21092: 58096, 21093: 85646, 21096: 2346, 21097: 74355, 21098: 63756, 21099: 2114, 21100: 2076, 21101: 2346, 21102: 2114, 21103: 1116, 21104: 59008, 21105: 80140, 21106: 2114, 21107: 73235, 21108: 56939, 21109: 56939, 21110: 80140, 21112: 1391, 21113: 89226, 21115: 2114, 21116: 89226, 21117: 80140, 21118: 83288, 21119: 89226, 21120: 2076, 21121: 74355, 21123: 80140, 21124: 88653, 21125: 88653, 21126: 74355, 21127: 56939, 21128: 74355, 21129: 74355, 21130: 53429, 21132: 57649, 21133: 87984, 21134: 53429, 21135: 56939, 21136: 53429, 21138: 57649, 21139: 56939, 21140: 57649, 21141: 86157, 21142: 80140, 21143: 53429, 21144: 2114, 21145: 53429, 21146: 89226, 21147: 88653, 21148: 53429, 21149: 80140, 21150: 80140, 21151: 86213, 21153: 53429, 21154: 1223, 21155: 86157, 21156: 87984, 21157: 1288, 21159: 2346, 21163: 146, 21164: 86157, 21165: 80140, 21166: 90998, 21167: 87984, 21168: 90998, 21170: 90998, 21171: 86213, 21172: 57649, 21173: 2076, 21174: 2114, 21175: 0, 21176: 2076, 21177: 87984, 21178: 88653, 21179: 56939, 21180: 2346, 21181: 57649, 21182: 86157, 21184: 87984, 21185: 0, 21186: 2076, 21187: 0, 21188: 0, 21189: 0, 21190: 63270, 21191: 184, 21192: 1223, 21193: 70500, 21194: 0, 21195: 1167, 21196: 70342, 21197: 74355, 21198: 2114, 21199: 86213, 21203: 2076, 21205: 53429, 21206: 86213, 21208: 87984, 21209: 89226, 21223: 1585, 21226: 1014, 21227: 69985, 21228: 46494, 21229: 395, 21230: 78645, 21231: 395, 21232: 1259, 21233: 683, 21234: 70342, 21235: 1259, 21236: 57381, 21237: 71117, 21238: 1543, 21239: 72051, 21240: 1107, 21241: 1347, 21244: 66626, 21249: 1012, 21262: 57070, 21265: 13699, 21271: 91053, 21279: 59008, 21280: 59008, 21288: 57290, 21290: 51797, 21298: 57639, 21303: 1347, 21304: 35259, 21305: 35259, 21306: 226, 21307: 64790, 21308: 1113, 21311: 1540, 21312: 1294, 21313: 35259, 21314: 88486, 21315: 57417, 21316: 1054, 21317: 1347, 21318: 57455, 21319: 51797, 21322: 690, 21324: 13828, 21325: 13828, 21326: 35259, 21327: 1347, 21328: 519, 21329: 78626, 21331: 72039, 21333: 57455, 21334: 57455, 21335: 226, 21336: 765, 21338: 1502, 21339: 1054, 21340: 1107, 21341: 1294, 21344: 1300, 21345: 72039, 21346: 91053, 21348: 63099, 21349: 0, 21351: 69990, 21354: 519, 21356: 90927, 21357: 75379, 21358: 184, 21363: 57257, 21366: 65941, 21369: 765, 21370: 63756, 21378: 68173, 21384: 44206, 21398: 78626, 21445: 74355, 21446: 58096, 21447: 1357, 21448: 35259, 21450: 69990, 21454: 48922, 21455: 1014, 21460: 1482, 21462: 1585, 21463: 75453, 21465: 0, 21468: 1391, 21470: 226, 21474: 686, 21475: 1012, 21477: 91896, 21478: 61726, 21479: 1107, 21480: 519, 21481: 1161, 21482: 1161, 21483: 70373, 21484: 69995, 21487: 51797, 21488: 65161, 21489: 91053, 21490: 1259, 21491: 1113, 21492: 1161, 21493: 50453, 21494: 342}",0.0,filho
649017.8750906673,Cruzamento,1733628495.8678086,85,"{20331: 1294, 20332: 70342, 20333: 1482, 20334: 82085, 20335: 1294, 20336: 57257, 20337: 65341, 20338: 1182, 20339: 1084, 20340: 57309, 20341: 765, 20342: 2048, 20343: 69242, 20344: 849, 20345: 57257, 20346: 1412, 20347: 63099, 20348: 1084, 20349: 75453, 20350: 63099, 20351: 75453, 20352: 69242, 20353: 70342, 20354: 849, 20355: 1489, 20356: 1489, 20357: 849, 20358: 70342, 20359: 57257, 20360: 2048, 20361: 58096, 20362: 1412, 20363: 1489, 20364: 184, 20365: 1617, 20366: 70171, 20367: 57309, 20368: 90927, 20369: 1617, 20370: 48266, 20371: 70373, 20372: 49332, 20373: 1291, 20378: 1182, 20379: 69990, 20380: 70342, 20381: 57070, 20383: 1583, 20384: 686, 20385: 75421, 20386: 68182, 20387: 75421, 20388: 13699, 20389: 68182, 20392: 1291, 20393: 63099, 20394: 75453, 20395: 48266, 20396: 1543, 20397: 849, 20398: 75421, 20399: 70342, 20400: 58096, 20401: 57455, 20402: 1489, 20403: 1084, 20404: 57455, 20405: 1288, 20406: 519, 20407: 743, 20408: 71117, 20409: 1288, 20410: 57381, 20411: 449, 20412: 226, 20413: 58096, 20414: 1014, 20415: 46494, 20416: 805, 20417: 57290, 20418: 683, 20419: 1617, 20421: 65341, 20422: 82085, 20423: 1585, 20427: 68173, 20428: 78645, 20429: 48922, 20432: 44206, 20433: 1502, 20434: 57290, 20436: 182, 20437: 1188, 20438: 1502, 20439: 57381, 20440: 73383, 20441: 70342, 20442: 57381, 20443: 13828, 20444: 71117, 20445: 683, 20446: 1502, 20447: 71117, 20449: 50588, 20450: 913, 20451: 80479, 20452: 80479, 20453: 35245, 20454: 69995, 20455: 52945, 20456: 70342, 20457: 46793, 20458: 1012, 20459: 51797, 20460: 63756, 20461: 35245, 20462: 64790, 20463: 57257, 20465: 57070, 20466: 63756, 20467: 849, 20468: 743, 20469: 67720, 20471: 1014, 20472: 13828, 20473: 1188, 20475: 67720, 20476: 1259, 20481: 71117, 20482: 35245, 20484: 85646, 20485: 46793, 20486: 913, 20487: 743, 20488: 44206, 20489: 683, 20490: 519, 20491: 78645, 20492: 57381, 20493: 82080, 20494: 91896, 20495: 1585, 20496: 58096, 20497: 54448, 20499: 1054, 20501: 1347, 20503: 35259, 20504: 57070, 20505: 83288, 20506: 1012, 20507: 46494, 20508: 69995, 20509: 1012, 20510: 52945, 20511: 64727, 20512: 54448, 20513: 1291, 20514: 146, 20515: 52945, 20517: 35245, 20518: 226, 20519: 75379, 20520: 69995, 20521: 50588, 20522: 52945, 20523: 1543, 20524: 449, 20525: 728, 20527: 1617, 20528: 44206, 20530: 72051, 20531: 13828, 20532: 1259, 20533: 69990, 20534: 46793, 20535: 75958, 20536: 68173, 20537: 1617, 20538: 690, 20539: 69990, 20540: 1617, 20541: 71117, 20542: 1288, 20543: 449, 20544: 1014, 20545: 1585, 20546: 91896, 20547: 57070, 20549: 80479, 20550: 63270, 20552: 46494, 20553: 71117, 20554: 1288, 20555: 61726, 20556: 78631, 20557: 1391, 20558: 1502, 20559: 1399, 20560: 686, 20561: 46494, 20563: 65877, 20564: 1167, 20565: 85710, 20567: 69990, 20569: 51797, 20570: 743, 20571: 68173, 20572: 1347, 20573: 690, 20574: 67720, 20575: 449, 20576: 728, 20577: 48922, 20578: 1014, 20579: 1347, 20580: 35259, 20581: 75958, 20582: 48922, 20583: 743, 20584: 1347, 20585: 1543, 20587: 1161, 20588: 1012, 20589: 65161, 20590: 395, 20591: 449, 20592: 1188, 20593: 57290, 20594: 690, 20595: 522, 20596: 73383, 20597: 805, 20599: 1012, 20600: 63270, 20601: 63270, 20602: 35245, 20605: 226, 20606: 1161, 20607: 52945, 20608: 58096, 20609: 1173, 20610: 1084, 20611: 65877, 20612: 75453, 20613: 1457, 20614: 57309, 20615: 69995, 20616: 849, 20617: 1167, 20618: 1540, 20619: 765, 20620: 1457, 20621: 1167, 20622: 686, 20624: 1457, 20625: 65877, 20626: 686, 20628: 686, 20630: 66626, 20631: 519, 20633: 1107, 20634: 72051, 20635: 1084, 20636: 913, 20637: 1391, 20638: 146, 20639: 85669, 20640: 57639, 20641: 52945, 20642: 1391, 20643: 1193, 20645: 1391, 20646: 953, 20647: 686, 20648: 58096, 20650: 58096, 20651: 62344, 20652: 686, 20653: 1193, 20654: 85669, 20655: 1412, 20656: 184, 20659: 1585, 20661: 69995, 20662: 70373, 20663: 913, 20669: 522, 20670: 78631, 20671: 57639, 20672: 35259, 20673: 57972, 20675: 61726, 20676: 57972, 20677: 73235, 20678: 62344, 20680: 68173, 20681: 449, 20684: 1347, 20688: 1617, 20689: 69995, 20690: 52945, 20692: 57257, 20693: 85669, 20694: 66626, 20695: 1489, 20696: 1173, 20697: 1182, 20698: 58543, 20699: 63756, 20700: 50588, 20701: 913, 20702: 1167, 20703: 54448, 20704: 66626, 20705: 75379, 20706: 1182, 20707: 70342, 20708: 46494, 20709: 1161, 20710: 1161, 20711: 1543, 20712: 0, 20713: 75421, 20714: 52945, 20715: 690, 20716: 70342, 20717: 57639, 20719: 1585, 20720: 75453, 20721: 913, 20722: 805, 20723: 51797, 20724: 80479, 20725: 85669, 20726: 46793, 20727: 78631, 20729: 1617, 20730: 88486, 20731: 48922, 20732: 1054, 20734: 1288, 20735: 57309, 20736: 1014, 20737: 73383, 20739: 35259, 20740: 57455, 20741: 686, 20742: 1167, 20743: 1116, 20744: 68650, 20746: 69990, 20747: 91053, 20748: 58096, 20749: 69990, 20750: 686, 20751: 1399, 20752: 1502, 20754: 44206, 20757: 1161, 20758: 1012, 20759: 62344, 20761: 1482, 20762: 75453, 20763: 63099, 20764: 1084, 20765: 63099, 20766: 63099, 20768: 184, 20769: 395, 20770: 77145, 20773: 70500, 20774: 1154, 20775: 69990, 20777: 1391, 20778: 70500, 20779: 1399, 20781: 1457, 20782: 49332, 20784: 57290, 20785: 2048, 20786: 70500, 20789: 1347, 20790: 58543, 20791: 70342, 20792: 46793, 20793: 146, 20794: 49332, 20795: 59008, 20796: 1188, 20797: 75421, 20798: 13699, 20799: 70373, 20800: 1482, 20802: 69242, 20803: 85710, 20804: 57309, 20805: 69242, 20806: 1391, 20807: 72051, 20808: 82067, 20809: 1291, 20810: 63099, 20811: 57070, 20813: 48266, 20814: 1482, 20815: 85687, 20816: 57455, 20817: 85687, 20818: 1391, 20819: 1502, 20820: 1167, 20821: 1116, 20822: 85687, 20823: 46494, 20824: 57417, 20825: 75453, 20826: 75379, 20827: 46494, 20828: 184, 20829: 67720, 20831: 57290, 20832: 57639, 20833: 1291, 20834: 728, 20835: 1502, 20836: 1583, 20837: 57070, 20838: 57070, 20840: 2048, 20841: 1412, 20842: 1357, 20843: 226, 20844: 57455, 20845: 65877, 20846: 1300, 20850: 65877, 20852: 90927, 20853: 51797, 20854: 72051, 20856: 46793, 20858: 48266, 20859: 82070, 20860: 63882, 20861: 63882, 20862: 82070, 20863: 82070, 20864: 395, 20872: 953, 20873: 395, 20874: 0, 20875: 91053, 20876: 683, 20877: 83288, 20881: 75379, 20883: 75453, 20884: 57972, 20885: 59008, 20886: 64727, 20887: 1540, 20888: 82070, 20889: 683, 20890: 64727, 20891: 1391, 20892: 82070, 20894: 85669, 20895: 64790, 20897: 1540, 20900: 1457, 20901: 75379, 20902: 72039, 20904: 63099, 20905: 522, 20906: 765, 20907: 1188, 20909: 65877, 20910: 182, 20911: 849, 20913: 72051, 20916: 85669, 20917: 87001, 20918: 73383, 20919: 63882, 20921: 58543, 20922: 82070, 20923: 690, 20925: 1294, 20926: 85700, 20928: 1300, 20929: 51797, 20930: 61726, 20931: 51797, 20932: 1288, 20933: 57290, 20934: 63099, 20935: 82070, 20936: 91053, 20937: 1399, 20938: 1193, 20939: 1502, 20940: 1223, 20941: 72039, 20942: 1399, 20943: 69985, 20944: 1193, 20948: 83288, 20949: 1193, 20950: 87001, 20951: 1300, 20953: 64727, 20954: 68173, 20955: 1457, 20956: 57639, 20958: 57639, 20959: 65877, 20960: 54448, 20961: 1012, 20962: 1300, 20963: 69995, 20964: 72039, 20965: 91053, 20966: 64790, 20967: 1054, 20968: 44206, 20969: 85700, 20970: 57972, 20971: 63756, 20973: 85710, 20974: 59008, 20975: 1154, 20977: 85710, 20978: 63756, 20979: 0, 20980: 63756, 20981: 49332, 20982: 72039, 20983: 1054, 20985: 72039, 20986: 728, 20987: 64790, 20988: 1054, 20990: 85710, 20992: 68650, 20993: 72039, 20995: 1012, 20997: 83288, 20998: 82070, 20999: 87001, 21000: 63882, 21001: 70500, 21002: 57639, 21003: 57972, 21005: 83288, 21006: 72051, 21007: 2048, 21008: 69995, 21009: 65877, 21011: 72039, 21012: 87001, 21013: 57290, 21014: 65877, 21015: 91053, 21016: 72051, 21017: 64790, 21018: 1193, 21019: 184, 21020: 69985, 21021: 1543, 21022: 75379, 21023: 63270, 21028: 86055, 21030: 85700, 21032: 52945, 21033: 35245, 21034: 1154, 21035: 58543, 21036: 35259, 21037: 1223, 21038: 728, 21039: 63270, 21041: 85700, 21043: 67720, 21045: 1188, 21047: 86055, 21050: 83288, 21053: 1294, 21055: 82080, 21056: 1585, 21057: 1107, 21058: 1107, 21059: 395, 21060: 1107, 21061: 46494, 21062: 1502, 21063: 1014, 21064: 57381, 21065: 1543, 21066: 1188, 21067: 683, 21068: 73383, 21069: 46494, 21070: 69990, 21072: 1107, 21073: 1182, 21074: 67720, 21075: 78645, 21077: 1540, 21084: 1617, 21085: 88653, 21086: 90942, 21087: 57649, 21091: 85710, 21092: 58096, 21093: 85646, 21096: 2346, 21097: 74355, 21098: 63756, 21099: 2114, 21100: 2076, 21101: 2346, 21102: 2114, 21103: 1116, 21104: 59008, 21105: 80140, 21106: 2114, 21107: 73235, 21108: 56939, 21109: 56939, 21110: 80140, 21112: 1391, 21113: 89226, 21115: 2114, 21116: 89226, 21117: 80140, 21118: 83288, 21119: 89226, 21120: 2076, 21121: 74355, 21123: 80140, 21124: 88653, 21125: 88653, 21126: 74355, 21127: 56939, 21128: 74355, 21129: 74355, 21130: 53429, 21132: 57649, 21133: 87984, 21134: 53429, 21135: 56939, 21136: 53429, 21138: 57649, 21139: 56939, 21140: 57649, 21141: 86157, 21142: 80140, 21143: 53429, 21144: 2114, 21145: 53429, 21146: 89226, 21147: 88653, 21148: 53429, 21149: 80140, 21150: 80140, 21151: 86213, 21153: 53429, 21154: 1223, 21155: 86157, 21156: 87984, 21157: 1288, 21159: 2346, 21163: 146, 21164: 86157, 21165: 80140, 21166: 90998, 21167: 87984, 21168: 90998, 21170: 90998, 21171: 86213, 21172: 57649, 21173: 2076, 21174: 2114, 21175: 0, 21176: 2076, 21177: 87984, 21178: 88653, 21179: 56939, 21180: 2346, 21181: 57649, 21182: 86157, 21184: 87984, 21185: 0, 21186: 2076, 21187: 0, 21188: 0, 21189: 0, 21190: 63270, 21191: 184, 21192: 1223, 21193: 70500, 21194: 0, 21195: 1167, 21196: 70342, 21197: 74355, 21198: 2114, 21199: 86213, 21203: 2076, 21205: 53429, 21206: 86213, 21208: 87984, 21209: 89226, 21223: 1585, 21226: 1014, 21227: 69985, 21228: 46494, 21229: 395, 21230: 78645, 21231: 395, 21232: 1259, 21233: 683, 21234: 70342, 21235: 1259, 21236: 57381, 21237: 71117, 21238: 1543, 21239: 72051, 21240: 1107, 21241: 1347, 21244: 66626, 21249: 1012, 21262: 57070, 21265: 13699, 21271: 91053, 21279: 59008, 21280: 59008, 21288: 57290, 21290: 51797, 21298: 57639, 21303: 1347, 21304: 35259, 21305: 35259, 21306: 226, 21307: 64790, 21308: 1113, 21311: 1540, 21312: 1294, 21313: 35259, 21314: 88486, 21315: 57417, 21316: 1054, 21317: 1347, 21318: 57455, 21319: 51797, 21322: 690, 21324: 13828, 21325: 13828, 21326: 35259, 21327: 1347, 21328: 519, 21329: 78626, 21331: 72039, 21333: 57455, 21334: 57455, 21335: 226, 21336: 765, 21338: 1502, 21339: 1054, 21340: 1107, 21341: 1294, 21344: 1300, 21345: 72039, 21346: 91053, 21348: 63099, 21349: 0, 21351: 69990, 21354: 519, 21356: 90927, 21357: 75379, 21358: 184, 21363: 57257, 21366: 65941, 21369: 765, 21370: 63756, 21378: 68173, 21384: 44206, 21398: 78626, 21445: 74355, 21446: 62344, 21447: 1347, 21448: 67720, 21450: 1014, 21454: 68173, 21455: 683, 21460: 0, 21462: 82080, 21463: 75453, 21465: 0, 21468: 1391, 21470: 226, 21474: 686, 21475: 1012, 21477: 91896, 21478: 61726, 21479: 1107, 21480: 519, 21481: 1161, 21482: 1161, 21483: 70373, 21484: 69995, 21487: 51797, 21488: 65161, 21489: 91053, 21490: 1259, 21491: 1113, 21492: 1161, 21493: 50453, 21494: 342}",0.0,duplicado
650407.4635730004,Cruzamento,1733628498.5728765,86,"{20331: 1294, 20332: 70342, 20333: 1482, 20334: 82085, 20335: 1294, 20336: 57257, 20337: 65341, 20338: 1182, 20339: 1084, 20340: 57309, 20341: 765, 20342: 2048, 20343: 69242, 20344: 849, 20345: 57257, 20346: 1412, 20347: 63099, 20348: 1084, 20349: 75453, 20350: 63099, 20351: 75453, 20352: 69242, 20353: 70342, 20354: 849, 20355: 1489, 20356: 1489, 20357: 849, 20358: 70342, 20359: 57257, 20360: 2048, 20361: 58096, 20362: 1412, 20363: 1489, 20364: 184, 20365: 1617, 20366: 70171, 20367: 57309, 20368: 90927, 20369: 1617, 20370: 48266, 20371: 70373, 20372: 49332, 20373: 1291, 20378: 1182, 20379: 69990, 20380: 70342, 20381: 57070, 20383: 1583, 20384: 686, 20385: 75421, 20386: 68182, 20387: 75421, 20388: 13699, 20389: 68182, 20392: 1291, 20393: 63099, 20394: 75453, 20395: 48266, 20396: 1543, 20397: 849, 20398: 75421, 20399: 70342, 20400: 58096, 20401: 57455, 20402: 1489, 20403: 1084, 20404: 57455, 20405: 1288, 20406: 519, 20407: 743, 20408: 71117, 20409: 1288, 20410: 57381, 20411: 449, 20412: 226, 20413: 58096, 20414: 1014, 20415: 46494, 20416: 805, 20417: 57290, 20418: 683, 20419: 1617, 20421: 65341, 20422: 82085, 20423: 1585, 20427: 68173, 20428: 78645, 20429: 48922, 20432: 44206, 20433: 1502, 20434: 57290, 20436: 182, 20437: 1188, 20438: 1502, 20439: 57381, 20440: 73383, 20441: 70342, 20442: 57381, 20443: 13828, 20444: 71117, 20445: 683, 20446: 1502, 20447: 71117, 20449: 50588, 20450: 913, 20451: 80479, 20452: 80479, 20453: 35245, 20454: 69995, 20455: 52945, 20456: 70342, 20457: 46793, 20458: 1012, 20459: 51797, 20460: 63756, 20461: 35245, 20462: 64790, 20463: 57257, 20465: 57070, 20466: 63756, 20467: 849, 20468: 743, 20469: 67720, 20471: 1014, 20472: 13828, 20473: 1188, 20475: 67720, 20476: 1259, 20481: 71117, 20482: 35245, 20484: 85646, 20485: 46793, 20486: 913, 20487: 743, 20488: 44206, 20489: 683, 20490: 519, 20491: 78645, 20492: 57381, 20493: 82080, 20494: 91896, 20495: 1585, 20496: 58096, 20497: 54448, 20499: 1054, 20501: 1347, 20503: 35259, 20504: 57070, 20505: 83288, 20506: 1012, 20507: 46494, 20508: 69995, 20509: 1012, 20510: 52945, 20511: 64727, 20512: 54448, 20513: 1291, 20514: 146, 20515: 52945, 20517: 35245, 20518: 226, 20519: 75379, 20520: 69995, 20521: 50588, 20522: 52945, 20523: 1543, 20524: 449, 20525: 728, 20527: 1617, 20528: 44206, 20530: 72051, 20531: 13828, 20532: 1259, 20533: 69990, 20534: 46793, 20535: 75958, 20536: 68173, 20537: 1617, 20538: 690, 20539: 69990, 20540: 1617, 20541: 71117, 20542: 1288, 20543: 449, 20544: 1014, 20545: 1585, 20546: 91896, 20547: 57070, 20549: 80479, 20550: 63270, 20552: 46494, 20553: 71117, 20554: 1288, 20555: 61726, 20556: 78631, 20557: 1391, 20558: 1502, 20559: 1399, 20560: 686, 20561: 46494, 20563: 65877, 20564: 1167, 20565: 85710, 20567: 69990, 20569: 51797, 20570: 743, 20571: 68173, 20572: 1347, 20573: 690, 20574: 67720, 20575: 449, 20576: 728, 20577: 48922, 20578: 1014, 20579: 1347, 20580: 35259, 20581: 75958, 20582: 48922, 20583: 743, 20584: 1347, 20585: 1543, 20587: 1161, 20588: 1012, 20589: 65161, 20590: 395, 20591: 449, 20592: 1188, 20593: 57290, 20594: 690, 20595: 522, 20596: 73383, 20597: 805, 20599: 1012, 20600: 63270, 20601: 63270, 20602: 35245, 20605: 226, 20606: 1161, 20607: 52945, 20608: 58096, 20609: 1173, 20610: 1084, 20611: 65877, 20612: 75453, 20613: 1457, 20614: 57309, 20615: 69995, 20616: 849, 20617: 1167, 20618: 1540, 20619: 765, 20620: 1457, 20621: 1167, 20622: 686, 20624: 1457, 20625: 65877, 20626: 686, 20628: 686, 20630: 66626, 20631: 519, 20633: 1107, 20634: 72051, 20635: 1084, 20636: 913, 20637: 1391, 20638: 146, 20639: 85669, 20640: 57639, 20641: 52945, 20642: 1391, 20643: 1193, 20645: 1391, 20646: 953, 20647: 686, 20648: 58096, 20650: 58096, 20651: 62344, 20652: 686, 20653: 1193, 20654: 85669, 20655: 1412, 20656: 184, 20659: 1585, 20661: 69995, 20662: 70373, 20663: 913, 20669: 522, 20670: 78631, 20671: 57639, 20672: 35259, 20673: 57972, 20675: 61726, 20676: 57972, 20677: 73235, 20678: 62344, 20680: 68173, 20681: 449, 20684: 1347, 20688: 1617, 20689: 69995, 20690: 52945, 20692: 57257, 20693: 85669, 20694: 66626, 20695: 1489, 20696: 1173, 20697: 1182, 20698: 58543, 20699: 63756, 20700: 50588, 20701: 913, 20702: 1167, 20703: 54448, 20704: 66626, 20705: 75379, 20706: 1182, 20707: 70342, 20708: 46494, 20709: 1161, 20710: 1161, 20711: 1543, 20712: 0, 20713: 75421, 20714: 52945, 20715: 690, 20716: 70342, 20717: 57639, 20719: 1585, 20720: 75453, 20721: 913, 20722: 805, 20723: 51797, 20724: 80479, 20725: 85669, 20726: 46793, 20727: 78631, 20729: 1617, 20730: 88486, 20731: 48922, 20732: 1054, 20734: 1288, 20735: 57309, 20736: 1014, 20737: 73383, 20739: 35259, 20740: 57455, 20741: 686, 20742: 1167, 20743: 1116, 20744: 68650, 20746: 69990, 20747: 91053, 20748: 58096, 20749: 69990, 20750: 686, 20751: 1399, 20752: 1502, 20754: 44206, 20757: 1161, 20758: 1012, 20759: 62344, 20761: 1482, 20762: 75453, 20763: 63099, 20764: 1084, 20765: 63099, 20766: 63099, 20768: 184, 20769: 395, 20770: 77145, 20773: 70500, 20774: 1154, 20775: 69990, 20777: 1391, 20778: 70500, 20779: 1399, 20781: 1457, 20782: 49332, 20784: 57290, 20785: 2048, 20786: 70500, 20789: 1347, 20790: 58543, 20791: 70342, 20792: 46793, 20793: 146, 20794: 49332, 20795: 59008, 20796: 1188, 20797: 75421, 20798: 13699, 20799: 70373, 20800: 1482, 20802: 69242, 20803: 85710, 20804: 57309, 20805: 69242, 20806: 1391, 20807: 72051, 20808: 82067, 20809: 1291, 20810: 63099, 20811: 57070, 20813: 48266, 20814: 1482, 20815: 85687, 20816: 57455, 20817: 85687, 20818: 1391, 20819: 1502, 20820: 1167, 20821: 1116, 20822: 85687, 20823: 46494, 20824: 57417, 20825: 75453, 20826: 75379, 20827: 46494, 20828: 184, 20829: 67720, 20831: 57290, 20832: 57639, 20833: 1291, 20834: 728, 20835: 1502, 20836: 1583, 20837: 57070, 20838: 57070, 20840: 2048, 20841: 1412, 20842: 1357, 20843: 226, 20844: 57455, 20845: 65877, 20846: 1300, 20850: 65877, 20852: 90927, 20853: 51797, 20854: 72051, 20856: 46793, 20858: 48266, 20859: 82070, 20860: 63882, 20861: 63882, 20862: 82070, 20863: 82070, 20864: 395, 20872: 953, 20873: 395, 20874: 0, 20875: 91053, 20876: 683, 20877: 83288, 20881: 75379, 20883: 75453, 20884: 57972, 20885: 59008, 20886: 64727, 20887: 1540, 20888: 82070, 20889: 683, 20890: 64727, 20891: 1391, 20892: 82070, 20894: 85669, 20895: 64790, 20897: 1540, 20900: 1457, 20901: 75379, 20902: 72039, 20904: 63099, 20905: 522, 20906: 765, 20907: 1188, 20909: 65877, 20910: 182, 20911: 849, 20913: 72051, 20916: 85669, 20917: 87001, 20918: 73383, 20919: 63882, 20921: 58543, 20922: 82070, 20923: 690, 20925: 1294, 20926: 85700, 20928: 1300, 20929: 51797, 20930: 61726, 20931: 51797, 20932: 1288, 20933: 57290, 20934: 63099, 20935: 82070, 20936: 91053, 20937: 1399, 20938: 1193, 20939: 1502, 20940: 1223, 20941: 72039, 20942: 1399, 20943: 69985, 20944: 1193, 20948: 83288, 20949: 1193, 20950: 87001, 20951: 1300, 20953: 64727, 20954: 68173, 20955: 1457, 20956: 57639, 20958: 57639, 20959: 65877, 20960: 54448, 20961: 1012, 20962: 1300, 20963: 69995, 20964: 72039, 20965: 91053, 20966: 64790, 20967: 1054, 20968: 44206, 20969: 85700, 20970: 57972, 20971: 63756, 20973: 85710, 20974: 59008, 20975: 1154, 20977: 85710, 20978: 63756, 20979: 0, 20980: 63756, 20981: 49332, 20982: 72039, 20983: 1054, 20985: 72039, 20986: 728, 20987: 64790, 20988: 1054, 20990: 85710, 20992: 68650, 20993: 72039, 20995: 1012, 20997: 83288, 20998: 82070, 20999: 87001, 21000: 63882, 21001: 70500, 21002: 57639, 21003: 57972, 21005: 83288, 21006: 72051, 21007: 2048, 21008: 69995, 21009: 65877, 21011: 72039, 21012: 87001, 21013: 57290, 21014: 65877, 21015: 91053, 21016: 72051, 21017: 64790, 21018: 1193, 21019: 184, 21020: 69985, 21021: 1543, 21022: 75379, 21023: 63270, 21028: 86055, 21030: 85700, 21032: 52945, 21033: 35245, 21034: 1154, 21035: 58543, 21036: 35259, 21037: 1223, 21038: 728, 21039: 63270, 21041: 85700, 21043: 67720, 21045: 1188, 21047: 86055, 21050: 83288, 21053: 1294, 21055: 82080, 21056: 1585, 21057: 1107, 21058: 1107, 21059: 395, 21060: 1107, 21061: 46494, 21062: 1502, 21063: 1014, 21064: 57381, 21065: 1543, 21066: 1188, 21067: 683, 21068: 73383, 21069: 46494, 21070: 69990, 21072: 1107, 21073: 1182, 21074: 67720, 21075: 78645, 21077: 1540, 21084: 1617, 21085: 88653, 21086: 90942, 21087: 57649, 21091: 85710, 21092: 58096, 21093: 85646, 21096: 2346, 21097: 74355, 21098: 63756, 21099: 2114, 21100: 2076, 21101: 2346, 21102: 2114, 21103: 1116, 21104: 59008, 21105: 80140, 21106: 2114, 21107: 73235, 21108: 56939, 21109: 56939, 21110: 80140, 21112: 1391, 21113: 89226, 21115: 2114, 21116: 89226, 21117: 80140, 21118: 83288, 21119: 89226, 21120: 2076, 21121: 74355, 21123: 80140, 21124: 88653, 21125: 88653, 21126: 74355, 21127: 56939, 21128: 74355, 21129: 74355, 21130: 53429, 21132: 57649, 21133: 87984, 21134: 53429, 21135: 56939, 21136: 53429, 21138: 57649, 21139: 56939, 21140: 57649, 21141: 86157, 21142: 80140, 21143: 53429, 21144: 2114, 21145: 53429, 21146: 89226, 21147: 88653, 21148: 53429, 21149: 80140, 21150: 80140, 21151: 86213, 21153: 53429, 21154: 1223, 21155: 86157, 21156: 87984, 21157: 1288, 21159: 2346, 21163: 146, 21164: 86157, 21165: 80140, 21166: 90998, 21167: 87984, 21168: 90998, 21170: 90998, 21171: 86213, 21172: 57649, 21173: 2076, 21174: 2114, 21175: 0, 21176: 2076, 21177: 87984, 21178: 88653, 21179: 56939, 21180: 2346, 21181: 57649, 21182: 86157, 21184: 87984, 21185: 0, 21186: 2076, 21187: 0, 21188: 0, 21189: 0, 21190: 63270, 21191: 184, 21192: 1223, 21193: 70500, 21194: 0, 21195: 1167, 21196: 70342, 21197: 74355, 21198: 2114, 21199: 86213, 21203: 2076, 21205: 53429, 21206: 86213, 21208: 87984, 21209: 89226, 21223: 1585, 21226: 1014, 21227: 69985, 21228: 46494, 21229: 395, 21230: 78645, 21231: 395, 21232: 1259, 21233: 683, 21234: 70342, 21235: 1259, 21236: 57381, 21237: 71117, 21238: 1543, 21239: 72051, 21240: 1107, 21241: 1347, 21244: 66626, 21249: 1012, 21262: 57070, 21265: 13699, 21271: 91053, 21279: 59008, 21280: 59008, 21288: 57290, 21290: 51797, 21298: 57639, 21303: 1347, 21304: 35259, 21305: 35259, 21306: 226, 21307: 64790, 21308: 1113, 21311: 1540, 21312: 1294, 21313: 35259, 21314: 88486, 21315: 57417, 21316: 1054, 21317: 1347, 21318: 57455, 21319: 51797, 21322: 690, 21324: 13828, 21325: 13828, 21326: 35259, 21327: 1347, 21328: 519, 21329: 78626, 21331: 72039, 21333: 57455, 21334: 57455, 21335: 226, 21336: 765, 21338: 1502, 21339: 1054, 21340: 1107, 21341: 1294, 21344: 1300, 21345: 72039, 21346: 91053, 21348: 63099, 21349: 0, 21351: 69990, 21354: 519, 21356: 90927, 21357: 75379, 21358: 184, 21363: 57257, 21366: 65941, 21369: 765, 21370: 63756, 21378: 68173, 21384: 44206, 21398: 78626, 21445: 74355, 21446: 58096, 21447: 1357, 21448: 35259, 21450: 69990, 21454: 48922, 21455: 1014, 21460: 1482, 21462: 1585, 21463: 75453, 21465: 0, 21468: 1391, 21470: 226, 21474: 686, 21475: 1012, 21477: 91896, 21478: 61726, 21479: 1107, 21480: 519, 21481: 1161, 21482: 1161, 21483: 70373, 21484: 69995, 21487: 51797, 21488: 65161, 21489: 91053, 21490: 1259, 21491: 1113, 21492: 1161, 21493: 50453, 21494: 342}",0.0,duplicado
649012.5390063332,Cruzamento,1733628498.5728765,86,"{20331: 1084, 20332: 46793, 20333: 1489, 20334: 1412, 20335: 1294, 20336: 82085, 20337: 65341, 20338: 48266, 20339: 46793, 20340: 1412, 20341: 1294, 20342: 1182, 20343: 70342, 20344: 849, 20345: 63099, 20346: 1084, 20347: 1489, 20348: 48266, 20349: 1347, 20350: 69990, 20351: 1347, 20352: 57309, 20353: 57257, 20354: 46793, 20355: 1347, 20356: 849, 20357: 1583, 20358: 2048, 20359: 1291, 20360: 765, 20361: 75421, 20362: 1489, 20363: 1412, 20364: 70342, 20365: 70171, 20366: 70171, 20367: 77145, 20368: 65341, 20369: 75453, 20370: 48266, 20371: 1347, 20372: 46793, 20373: 1617, 20378: 65341, 20379: 75421, 20380: 1489, 20381: 1182, 20383: 57257, 20384: 63099, 20385: 57257, 20386: 13699, 20387: 70342, 20388: 1084, 20389: 75421, 20392: 849, 20393: 69242, 20394: 51797, 20395: 48266, 20396: 449, 20397: 1583, 20398: 765, 20399: 44206, 20400: 46793, 20401: 1412, 20402: 48266, 20403: 184, 20404: 743, 20405: 82080, 20406: 728, 20407: 395, 20408: 449, 20409: 35259, 20410: 690, 20411: 67720, 20412: 75379, 20413: 1482, 20414: 67720, 20415: 71117, 20416: 70342, 20417: 57381, 20418: 82080, 20419: 519, 20421: 1294, 20422: 1489, 20423: 1585, 20427: 44206, 20428: 57381, 20429: 449, 20432: 1543, 20433: 449, 20434: 46494, 20436: 805, 20437: 69242, 20438: 69990, 20439: 1259, 20440: 743, 20441: 46494, 20442: 69985, 20443: 690, 20444: 82080, 20445: 805, 20446: 67720, 20447: 78645, 20449: 1012, 20450: 69995, 20451: 80479, 20452: 57455, 20453: 57455, 20454: 52945, 20455: 913, 20456: 50588, 20457: 51797, 20458: 913, 20459: 1161, 20460: 1585, 20461: 63270, 20462: 69995, 20463: 49332, 20465: 65341, 20466: 1012, 20467: 1291, 20468: 1107, 20469: 1259, 20471: 57381, 20472: 57381, 20473: 743, 20475: 72051, 20476: 1617, 20481: 1107, 20482: 75379, 20484: 52945, 20485: 75379, 20486: 54448, 20487: 449, 20488: 1188, 20489: 69990, 20490: 70342, 20491: 67720, 20492: 805, 20493: 1107, 20494: 46494, 20495: 683, 20496: 75453, 20497: 50588, 20499: 65877, 20501: 44206, 20503: 57639, 20504: 69990, 20505: 62344, 20506: 85710, 20507: 1357, 20508: 1161, 20509: 50588, 20510: 913, 20511: 85646, 20512: 70342, 20513: 1291, 20514: 64790, 20515: 913, 20517: 69995, 20518: 69995, 20519: 63270, 20520: 52945, 20521: 65161, 20522: 1161, 20523: 1259, 20524: 68173, 20525: 519, 20527: 82080, 20528: 1502, 20530: 46494, 20531: 59008, 20532: 805, 20533: 75421, 20534: 65161, 20535: 48922, 20536: 44206, 20537: 69985, 20538: 69990, 20539: 449, 20540: 690, 20541: 1617, 20542: 75958, 20543: 48922, 20544: 728, 20545: 91896, 20546: 71117, 20547: 64790, 20549: 80479, 20550: 51797, 20552: 1288, 20553: 1502, 20554: 57290, 20555: 62344, 20556: 65877, 20557: 75379, 20558: 1107, 20559: 1391, 20560: 65877, 20561: 85710, 20563: 1167, 20564: 57070, 20565: 69990, 20567: 849, 20569: 52945, 20570: 91896, 20571: 1585, 20572: 1288, 20573: 35259, 20574: 48922, 20575: 44206, 20576: 75958, 20577: 69985, 20578: 1347, 20579: 71117, 20580: 68173, 20581: 1014, 20582: 35259, 20583: 1288, 20584: 71117, 20585: 2048, 20587: 1012, 20588: 63270, 20589: 52945, 20590: 82080, 20591: 57455, 20592: 683, 20593: 805, 20594: 72051, 20595: 59008, 20596: 1347, 20597: 1585, 20599: 64727, 20600: 49332, 20601: 75379, 20602: 35245, 20605: 35245, 20606: 50588, 20607: 913, 20608: 57417, 20609: 1585, 20610: 1482, 20611: 1107, 20612: 686, 20613: 57309, 20614: 1167, 20615: 75453, 20616: 953, 20617: 61726, 20618: 85669, 20619: 1182, 20620: 1054, 20621: 1457, 20622: 849, 20624: 226, 20625: 1457, 20626: 69995, 20628: 1540, 20630: 69995, 20631: 449, 20633: 69242, 20634: 73383, 20635: 1583, 20636: 54448, 20637: 1583, 20638: 226, 20639: 1391, 20640: 52945, 20641: 85669, 20642: 62344, 20643: 1391, 20645: 52945, 20646: 85669, 20647: 57639, 20648: 686, 20650: 686, 20651: 1193, 20652: 686, 20653: 1193, 20654: 85669, 20655: 1412, 20656: 184, 20659: 1585, 20661: 69995, 20662: 70373, 20663: 913, 20669: 522, 20670: 78631, 20671: 57639, 20672: 35259, 20673: 57972, 20675: 61726, 20676: 57972, 20677: 73235, 20678: 62344, 20680: 68173, 20681: 449, 20684: 1347, 20688: 1617, 20689: 69995, 20690: 52945, 20692: 57257, 20693: 85669, 20694: 66626, 20695: 1489, 20696: 1173, 20697: 1182, 20698: 58543, 20699: 63756, 20700: 50588, 20701: 913, 20702: 1167, 20703: 54448, 20704: 66626, 20705: 75379, 20706: 1182, 20707: 70342, 20708: 46494, 20709: 1161, 20710: 1161, 20711: 1543, 20712: 0, 20713: 75421, 20714: 52945, 20715: 690, 20716: 70342, 20717: 57639, 20719: 1585, 20720: 75453, 20721: 913, 20722: 805, 20723: 51797, 20724: 80479, 20725: 85669, 20726: 46793, 20727: 78631, 20729: 1617, 20730: 88486, 20731: 48922, 20732: 1054, 20734: 1288, 20735: 57309, 20736: 1014, 20737: 73383, 20739: 35259, 20740: 57455, 20741: 686, 20742: 1167, 20743: 1116, 20744: 68650, 20746: 69990, 20747: 91053, 20748: 58096, 20749: 69990, 20750: 686, 20751: 1399, 20752: 1502, 20754: 44206, 20757: 1161, 20758: 1012, 20759: 62344, 20761: 1482, 20762: 75453, 20763: 63099, 20764: 1084, 20765: 63099, 20766: 63099, 20768: 184, 20769: 395, 20770: 77145, 20773: 70500, 20774: 1154, 20775: 69990, 20777: 1391, 20778: 70500, 20779: 1399, 20781: 1457, 20782: 49332, 20784: 57290, 20785: 2048, 20786: 70500, 20789: 1347, 20790: 58543, 20791: 70342, 20792: 46793, 20793: 146, 20794: 49332, 20795: 59008, 20796: 1188, 20797: 75421, 20798: 13699, 20799: 70373, 20800: 1482, 20802: 69242, 20803: 85710, 20804: 57309, 20805: 69242, 20806: 1391, 20807: 72051, 20808: 82067, 20809: 1291, 20810: 63099, 20811: 57070, 20813: 48266, 20814: 1482, 20815: 85687, 20816: 57455, 20817: 85687, 20818: 1391, 20819: 1502, 20820: 1167, 20821: 1116, 20822: 85687, 20823: 46494, 20824: 57417, 20825: 75453, 20826: 75379, 20827: 46494, 20828: 184, 20829: 67720, 20831: 57290, 20832: 57639, 20833: 1291, 20834: 728, 20835: 1502, 20836: 1583, 20837: 57070, 20838: 57070, 20840: 2048, 20841: 1412, 20842: 1357, 20843: 226, 20844: 57455, 20845: 65877, 20846: 1300, 20850: 65877, 20852: 90927, 20853: 51797, 20854: 72051, 20856: 46793, 20858: 48266, 20859: 82070, 20860: 63882, 20861: 63882, 20862: 82070, 20863: 82070, 20864: 395, 20872: 953, 20873: 395, 20874: 0, 20875: 91053, 20876: 683, 20877: 83288, 20881: 75379, 20883: 75453, 20884: 57972, 20885: 59008, 20886: 64727, 20887: 1540, 20888: 82070, 20889: 683, 20890: 64727, 20891: 1391, 20892: 82070, 20894: 85669, 20895: 64790, 20897: 1540, 20900: 1457, 20901: 75379, 20902: 72039, 20904: 63099, 20905: 522, 20906: 765, 20907: 1188, 20909: 65877, 20910: 182, 20911: 849, 20913: 72051, 20916: 85669, 20917: 87001, 20918: 73383, 20919: 63882, 20921: 58543, 20922: 82070, 20923: 690, 20925: 1294, 20926: 85700, 20928: 1300, 20929: 51797, 20930: 61726, 20931: 51797, 20932: 1288, 20933: 57290, 20934: 63099, 20935: 82070, 20936: 91053, 20937: 1399, 20938: 1193, 20939: 1502, 20940: 1223, 20941: 72039, 20942: 1399, 20943: 69985, 20944: 1193, 20948: 83288, 20949: 1193, 20950: 87001, 20951: 1300, 20953: 64727, 20954: 68173, 20955: 1457, 20956: 57639, 20958: 57639, 20959: 65877, 20960: 54448, 20961: 1012, 20962: 1300, 20963: 69995, 20964: 72039, 20965: 91053, 20966: 64790, 20967: 1054, 20968: 44206, 20969: 85700, 20970: 57972, 20971: 63756, 20973: 85710, 20974: 59008, 20975: 1154, 20977: 85710, 20978: 63756, 20979: 0, 20980: 63756, 20981: 49332, 20982: 72039, 20983: 1054, 20985: 72039, 20986: 728, 20987: 64790, 20988: 1054, 20990: 85710, 20992: 68650, 20993: 72039, 20995: 1012, 20997: 83288, 20998: 82070, 20999: 87001, 21000: 63882, 21001: 70500, 21002: 57639, 21003: 57972, 21005: 83288, 21006: 72051, 21007: 2048, 21008: 69995, 21009: 65877, 21011: 72039, 21012: 87001, 21013: 57290, 21014: 65877, 21015: 91053, 21016: 72051, 21017: 64790, 21018: 1193, 21019: 184, 21020: 69985, 21021: 1543, 21022: 75379, 21023: 63270, 21028: 86055, 21030: 85700, 21032: 52945, 21033: 35245, 21034: 1154, 21035: 58543, 21036: 35259, 21037: 1223, 21038: 728, 21039: 63270, 21041: 85700, 21043: 67720, 21045: 1188, 21047: 86055, 21050: 83288, 21053: 1294, 21055: 82080, 21056: 1585, 21057: 1107, 21058: 1107, 21059: 395, 21060: 1107, 21061: 46494, 21062: 1502, 21063: 1014, 21064: 57381, 21065: 1543, 21066: 1188, 21067: 683, 21068: 73383, 21069: 46494, 21070: 69990, 21072: 1107, 21073: 1182, 21074: 67720, 21075: 78645, 21077: 1540, 21084: 1617, 21085: 2114, 21086: 89226, 21087: 87984, 21091: 1012, 21092: 78631, 21093: 63270, 21096: 2114, 21097: 53429, 21098: 65941, 21099: 2114, 21100: 2076, 21101: 57649, 21102: 80140, 21103: 1457, 21104: 51797, 21105: 88653, 21106: 2346, 21107: 62344, 21108: 2346, 21109: 2114, 21110: 90942, 21112: 75379, 21113: 88653, 21115: 2346, 21116: 80140, 21117: 57649, 21118: 88486, 21119: 2076, 21120: 2076, 21121: 74355, 21123: 57649, 21124: 2076, 21125: 53429, 21126: 57649, 21127: 56939, 21128: 74355, 21129: 74355, 21130: 53429, 21132: 57649, 21133: 87984, 21134: 53429, 21135: 56939, 21136: 53429, 21138: 57649, 21139: 56939, 21140: 57649, 21141: 86157, 21142: 80140, 21143: 53429, 21144: 2114, 21145: 53429, 21146: 89226, 21147: 88653, 21148: 53429, 21149: 80140, 21150: 80140, 21151: 86213, 21153: 53429, 21154: 1223, 21155: 86157, 21156: 87984, 21157: 1288, 21159: 2346, 21163: 146, 21164: 86157, 21165: 80140, 21166: 90998, 21167: 87984, 21168: 90998, 21170: 90998, 21171: 86213, 21172: 57649, 21173: 2076, 21174: 2114, 21175: 0, 21176: 2076, 21177: 87984, 21178: 88653, 21179: 56939, 21180: 2346, 21181: 57649, 21182: 86157, 21184: 87984, 21185: 0, 21186: 2076, 21187: 0, 21188: 0, 21189: 0, 21190: 63270, 21191: 184, 21192: 1223, 21193: 70500, 21194: 0, 21195: 1167, 21196: 70342, 21197: 74355, 21198: 2114, 21199: 86213, 21203: 2076, 21205: 53429, 21206: 86213, 21208: 87984, 21209: 89226, 21223: 1585, 21226: 1014, 21227: 69985, 21228: 46494, 21229: 395, 21230: 78645, 21231: 395, 21232: 1259, 21233: 683, 21234: 70342, 21235: 1259, 21236: 57381, 21237: 71117, 21238: 1543, 21239: 72051, 21240: 1107, 21241: 1347, 21244: 66626, 21249: 1012, 21262: 57070, 21265: 13699, 21271: 91053, 21279: 59008, 21280: 59008, 21288: 57290, 21290: 51797, 21298: 57639, 21303: 1347, 21304: 35259, 21305: 35259, 21306: 226, 21307: 64790, 21308: 1113, 21311: 1540, 21312: 1294, 21313: 35259, 21314: 88486, 21315: 57417, 21316: 1054, 21317: 1347, 21318: 57455, 21319: 51797, 21322: 690, 21324: 13828, 21325: 13828, 21326: 35259, 21327: 1347, 21328: 519, 21329: 78626, 21331: 72039, 21333: 57455, 21334: 57455, 21335: 226, 21336: 765, 21338: 1502, 21339: 1054, 21340: 1107, 21341: 1294, 21344: 1300, 21345: 72039, 21346: 91053, 21348: 63099, 21349: 0, 21351: 69990, 21354: 519, 21356: 90927, 21357: 75379, 21358: 184, 21363: 57257, 21366: 65941, 21369: 765, 21370: 63756, 21378: 68173, 21384: 44206, 21398: 78626, 21445: 74355, 21446: 58096, 21447: 1357, 21448: 35259, 21450: 69990, 21454: 48922, 21455: 1014, 21460: 1482, 21462: 1585, 21463: 75453, 21465: 0, 21468: 1391, 21470: 226, 21474: 686, 21475: 1012, 21477: 91896, 21478: 61726, 21479: 1107, 21480: 519, 21481: 1161, 21482: 1161, 21483: 70373, 21484: 69995, 21487: 51797, 21488: 65161, 21489: 91053, 21490: 1259, 21491: 1113, 21492: 1161, 21493: 50453, 21494: 342}",0.0,filho
646903.5921029999,Cruzamento,1733628501.2664304,87,"{20331: 57070, 20332: 1182, 20333: 57309, 20334: 65341, 20335: 1412, 20336: 1412, 20337: 1084, 20338: 1482, 20339: 1617, 20340: 49332, 20341: 1583, 20342: 69242, 20343: 69990, 20344: 1182, 20345: 70342, 20346: 1084, 20347: 1489, 20348: 48266, 20349: 1347, 20350: 69990, 20351: 1347, 20352: 57309, 20353: 57257, 20354: 46793, 20355: 1347, 20356: 849, 20357: 1583, 20358: 2048, 20359: 1291, 20360: 765, 20361: 75421, 20362: 1489, 20363: 1412, 20364: 70342, 20365: 70171, 20366: 70171, 20367: 77145, 20368: 65341, 20369: 75453, 20370: 48266, 20371: 1347, 20372: 46793, 20373: 1617, 20378: 65341, 20379: 75421, 20380: 1489, 20381: 1182, 20383: 57257, 20384: 63099, 20385: 57257, 20386: 13699, 20387: 70342, 20388: 1084, 20389: 75421, 20392: 849, 20393: 69242, 20394: 51797, 20395: 48266, 20396: 449, 20397: 1583, 20398: 765, 20399: 44206, 20400: 46793, 20401: 1412, 20402: 48266, 20403: 184, 20404: 743, 20405: 82080, 20406: 728, 20407: 395, 20408: 449, 20409: 35259, 20410: 690, 20411: 67720, 20412: 75379, 20413: 1482, 20414: 67720, 20415: 71117, 20416: 70342, 20417: 57381, 20418: 82080, 20419: 519, 20421: 1294, 20422: 1489, 20423: 1585, 20427: 44206, 20428: 57381, 20429: 449, 20432: 1543, 20433: 449, 20434: 46494, 20436: 805, 20437: 69242, 20438: 69990, 20439: 1259, 20440: 743, 20441: 46494, 20442: 69985, 20443: 690, 20444: 82080, 20445: 805, 20446: 67720, 20447: 78645, 20449: 1012, 20450: 69995, 20451: 80479, 20452: 57455, 20453: 57455, 20454: 52945, 20455: 913, 20456: 50588, 20457: 51797, 20458: 913, 20459: 1161, 20460: 1585, 20461: 63270, 20462: 69995, 20463: 49332, 20465: 65341, 20466: 1012, 20467: 1291, 20468: 1107, 20469: 1259, 20471: 57381, 20472: 57381, 20473: 743, 20475: 72051, 20476: 1617, 20481: 1107, 20482: 75379, 20484: 52945, 20485: 75379, 20486: 54448, 20487: 449, 20488: 1188, 20489: 69990, 20490: 70342, 20491: 67720, 20492: 805, 20493: 1107, 20494: 46494, 20495: 683, 20496: 75453, 20497: 50588, 20499: 65877, 20501: 44206, 20503: 57639, 20504: 69990, 20505: 62344, 20506: 85710, 20507: 1357, 20508: 1161, 20509: 50588, 20510: 913, 20511: 85646, 20512: 70342, 20513: 1291, 20514: 64790, 20515: 913, 20517: 69995, 20518: 69995, 20519: 63270, 20520: 52945, 20521: 65161, 20522: 1161, 20523: 1259, 20524: 68173, 20525: 519, 20527: 82080, 20528: 1502, 20530: 46494, 20531: 59008, 20532: 805, 20533: 75421, 20534: 65161, 20535: 48922, 20536: 44206, 20537: 69985, 20538: 69990, 20539: 449, 20540: 690, 20541: 1617, 20542: 75958, 20543: 48922, 20544: 728, 20545: 91896, 20546: 71117, 20547: 64790, 20549: 80479, 20550: 51797, 20552: 1288, 20553: 1502, 20554: 57290, 20555: 62344, 20556: 65877, 20557: 75379, 20558: 1107, 20559: 1391, 20560: 65877, 20561: 85710, 20563: 1167, 20564: 57070, 20565: 69990, 20567: 849, 20569: 52945, 20570: 91896, 20571: 1585, 20572: 1288, 20573: 35259, 20574: 48922, 20575: 44206, 20576: 75958, 20577: 69985, 20578: 1347, 20579: 71117, 20580: 68173, 20581: 1014, 20582: 35259, 20583: 1288, 20584: 71117, 20585: 2048, 20587: 1012, 20588: 63270, 20589: 52945, 20590: 82080, 20591: 57455, 20592: 683, 20593: 805, 20594: 72051, 20595: 59008, 20596: 1347, 20597: 1585, 20599: 64727, 20600: 49332, 20601: 75379, 20602: 35245, 20605: 35245, 20606: 50588, 20607: 913, 20608: 57417, 20609: 1585, 20610: 1482, 20611: 1107, 20612: 686, 20613: 57309, 20614: 1167, 20615: 75453, 20616: 953, 20617: 61726, 20618: 85669, 20619: 1182, 20620: 1054, 20621: 1457, 20622: 849, 20624: 226, 20625: 1457, 20626: 69995, 20628: 1540, 20630: 69995, 20631: 449, 20633: 69242, 20634: 73383, 20635: 1583, 20636: 54448, 20637: 1583, 20638: 226, 20639: 1391, 20640: 52945, 20641: 85669, 20642: 62344, 20643: 1391, 20645: 52945, 20646: 85669, 20647: 57639, 20648: 686, 20650: 686, 20651: 1193, 20652: 58096, 20653: 1391, 20654: 953, 20655: 1482, 20656: 1084, 20659: 70342, 20661: 64727, 20662: 57309, 20663: 1161, 20669: 69242, 20670: 65877, 20671: 1540, 20672: 57972, 20673: 57639, 20675: 78631, 20676: 78631, 20677: 61726, 20678: 75379, 20680: 69990, 20681: 1188, 20684: 1543, 20688: 805, 20689: 50588, 20690: 64727, 20692: 1182, 20693: 58096, 20694: 913, 20695: 75453, 20696: 75379, 20697: 184, 20698: 85669, 20699: 70342, 20700: 54448, 20701: 54448, 20702: 1288, 20703: 66626, 20704: 1173, 20705: 50588, 20706: 57309, 20707: 54448, 20708: 1399, 20709: 1161, 20710: 1161, 20711: 1014, 20712: 0, 20713: 57257, 20714: 52945, 20715: 57290, 20716: 913, 20717: 58543, 20719: 54448, 20720: 75453, 20721: 1012, 20722: 46494, 20723: 1489, 20724: 80479, 20725: 78631, 20726: 46793, 20727: 62344, 20729: 48266, 20730: 1113, 20731: 743, 20732: 765, 20734: 690, 20735: 65877, 20736: 522, 20737: 44206, 20739: 65877, 20740: 1188, 20741: 1357, 20742: 1116, 20743: 78631, 20744: 69995, 20746: 69990, 20747: 57309, 20748: 1107, 20749: 57639, 20750: 849, 20751: 1012, 20752: 190, 20754: 743, 20757: 1585, 20758: 54448, 20759: 57639, 20761: 70373, 20762: 1084, 20763: 63099, 20764: 1617, 20765: 1347, 20766: 70373, 20768: 0, 20769: 519, 20770: 77145, 20773: 1347, 20774: 57290, 20775: 58096, 20777: 1182, 20778: 2048, 20779: 70500, 20781: 57290, 20782: 67720, 20784: 57070, 20785: 57070, 20786: 1167, 20789: 728, 20790: 58543, 20791: 184, 20792: 82085, 20793: 70500, 20794: 49332, 20795: 69242, 20796: 68650, 20797: 2048, 20798: 70373, 20799: 69242, 20800: 1482, 20802: 57381, 20803: 68650, 20804: 68650, 20805: 13699, 20806: 58543, 20807: 57381, 20808: 85687, 20809: 58096, 20810: 46793, 20811: 48266, 20813: 49332, 20814: 49332, 20815: 82067, 20816: 57309, 20817: 82067, 20818: 58096, 20819: 1502, 20820: 85669, 20821: 78631, 20822: 1399, 20823: 1014, 20824: 226, 20825: 849, 20826: 85710, 20827: 62344, 20828: 63270, 20829: 1259, 20831: 1391, 20832: 1399, 20833: 1617, 20834: 86055, 20835: 62344, 20836: 849, 20837: 0, 20838: 1347, 20840: 1583, 20841: 57455, 20842: 83288, 20843: 57290, 20844: 1482, 20845: 57639, 20846: 1223, 20850: 87001, 20852: 57309, 20853: 1457, 20854: 1585, 20856: 686, 20858: 70373, 20859: 82070, 20860: 63882, 20861: 63882, 20862: 82070, 20863: 82070, 20864: 395, 20872: 953, 20873: 226, 20874: 0, 20875: 64727, 20876: 805, 20877: 63882, 20881: 64727, 20883: 70500, 20884: 82070, 20885: 1391, 20886: 67720, 20887: 1457, 20888: 82070, 20889: 1502, 20890: 91053, 20891: 1391, 20892: 72039, 20894: 765, 20895: 44206, 20897: 85669, 20900: 1167, 20901: 68650, 20902: 83288, 20904: 1188, 20905: 73383, 20906: 849, 20907: 1188, 20909: 65877, 20910: 72051, 20911: 1107, 20913: 73383, 20916: 1116, 20917: 84328, 20918: 69990, 20919: 84328, 20921: 63099, 20922: 82070, 20923: 57381, 20925: 1294, 20926: 65941, 20928: 1300, 20929: 51797, 20930: 0, 20931: 1223, 20932: 64790, 20933: 743, 20934: 1193, 20935: 63882, 20936: 65941, 20937: 67720, 20938: 1193, 20939: 395, 20940: 65161, 20941: 87001, 20942: 75379, 20943: 57290, 20944: 59008, 20948: 65877, 20949: 1193, 20950: 63882, 20951: 64790, 20953: 64727, 20954: 48922, 20955: 1116, 20956: 58096, 20958: 63756, 20959: 87001, 20960: 1399, 20961: 1502, 20962: 184, 20963: 146, 20964: 72039, 20965: 65941, 20966: 59008, 20967: 85710, 20968: 75453, 20969: 1300, 20970: 72039, 20971: 59008, 20973: 1054, 20974: 59008, 20975: 1154, 20977: 85710, 20978: 63756, 20979: 0, 20980: 63756, 20981: 49332, 20982: 72039, 20983: 1054, 20985: 72039, 20986: 728, 20987: 64790, 20988: 1054, 20990: 85710, 20992: 68650, 20993: 72039, 20995: 1012, 20997: 83288, 20998: 82070, 20999: 87001, 21000: 63882, 21001: 70500, 21002: 57639, 21003: 57972, 21005: 83288, 21006: 72051, 21007: 2048, 21008: 69995, 21009: 65877, 21011: 72039, 21012: 87001, 21013: 57290, 21014: 65877, 21015: 91053, 21016: 72051, 21017: 64790, 21018: 1193, 21019: 184, 21020: 69985, 21021: 1543, 21022: 75379, 21023: 63270, 21028: 86055, 21030: 85700, 21032: 52945, 21033: 35245, 21034: 1154, 21035: 58543, 21036: 35259, 21037: 1223, 21038: 728, 21039: 63270, 21041: 85700, 21043: 67720, 21045: 1188, 21047: 86055, 21050: 83288, 21053: 1294, 21055: 82080, 21056: 1585, 21057: 1107, 21058: 1107, 21059: 395, 21060: 1107, 21061: 46494, 21062: 1502, 21063: 1014, 21064: 57381, 21065: 1543, 21066: 1188, 21067: 683, 21068: 73383, 21069: 46494, 21070: 69990, 21072: 1107, 21073: 1182, 21074: 67720, 21075: 78645, 21077: 1540, 21084: 1617, 21085: 88653, 21086: 90942, 21087: 57649, 21091: 85710, 21092: 58096, 21093: 85646, 21096: 2346, 21097: 74355, 21098: 63756, 21099: 2114, 21100: 2076, 21101: 2346, 21102: 2114, 21103: 1116, 21104: 59008, 21105: 80140, 21106: 2114, 21107: 73235, 21108: 56939, 21109: 56939, 21110: 80140, 21112: 1391, 21113: 89226, 21115: 2114, 21116: 89226, 21117: 80140, 21118: 83288, 21119: 89226, 21120: 2076, 21121: 74355, 21123: 80140, 21124: 88653, 21125: 88653, 21126: 74355, 21127: 56939, 21128: 74355, 21129: 74355, 21130: 53429, 21132: 57649, 21133: 87984, 21134: 53429, 21135: 56939, 21136: 53429, 21138: 57649, 21139: 56939, 21140: 57649, 21141: 86157, 21142: 80140, 21143: 53429, 21144: 2114, 21145: 53429, 21146: 89226, 21147: 88653, 21148: 53429, 21149: 80140, 21150: 80140, 21151: 86213, 21153: 53429, 21154: 1223, 21155: 86157, 21156: 87984, 21157: 1288, 21159: 2346, 21163: 146, 21164: 86157, 21165: 80140, 21166: 90998, 21167: 87984, 21168: 90998, 21170: 90998, 21171: 86213, 21172: 57649, 21173: 2076, 21174: 2114, 21175: 0, 21176: 2076, 21177: 87984, 21178: 88653, 21179: 56939, 21180: 2346, 21181: 57649, 21182: 86157, 21184: 87984, 21185: 0, 21186: 2076, 21187: 0, 21188: 0, 21189: 0, 21190: 63270, 21191: 184, 21192: 1223, 21193: 70500, 21194: 0, 21195: 1167, 21196: 70342, 21197: 74355, 21198: 2114, 21199: 86213, 21203: 2076, 21205: 53429, 21206: 86213, 21208: 87984, 21209: 89226, 21223: 1585, 21226: 1014, 21227: 69985, 21228: 46494, 21229: 395, 21230: 78645, 21231: 395, 21232: 1259, 21233: 683, 21234: 70342, 21235: 1259, 21236: 57381, 21237: 71117, 21238: 1543, 21239: 72051, 21240: 1107, 21241: 1347, 21244: 66626, 21249: 1012, 21262: 57070, 21265: 13699, 21271: 91053, 21279: 59008, 21280: 59008, 21288: 57290, 21290: 51797, 21298: 57639, 21303: 1347, 21304: 35259, 21305: 35259, 21306: 226, 21307: 64790, 21308: 1113, 21311: 1540, 21312: 1294, 21313: 35259, 21314: 88486, 21315: 57417, 21316: 1054, 21317: 1347, 21318: 57455, 21319: 51797, 21322: 690, 21324: 13828, 21325: 13828, 21326: 35259, 21327: 1347, 21328: 519, 21329: 78626, 21331: 72039, 21333: 57455, 21334: 57455, 21335: 226, 21336: 765, 21338: 1502, 21339: 1054, 21340: 1107, 21341: 1294, 21344: 1300, 21345: 72039, 21346: 91053, 21348: 63099, 21349: 0, 21351: 69990, 21354: 519, 21356: 90927, 21357: 75379, 21358: 184, 21363: 57257, 21366: 65941, 21369: 765, 21370: 63756, 21378: 68173, 21384: 44206, 21398: 78626, 21445: 74355, 21446: 58096, 21447: 1357, 21448: 35259, 21450: 69990, 21454: 48922, 21455: 1014, 21460: 1482, 21462: 1585, 21463: 75453, 21465: 0, 21468: 1391, 21470: 226, 21474: 686, 21475: 1012, 21477: 91896, 21478: 61726, 21479: 1107, 21480: 519, 21481: 1161, 21482: 1161, 21483: 70373, 21484: 69995, 21487: 51797, 21488: 65161, 21489: 91053, 21490: 1259, 21491: 1113, 21492: 1161, 21493: 50453, 21494: 342}",0.0,filho
648389.5385156667,Cruzamento,1733628501.2664304,87,"{20331: 57309, 20332: 65341, 20333: 82085, 20334: 57070, 20335: 1182, 20336: 1489, 20337: 1291, 20338: 1084, 20339: 46793, 20340: 1412, 20341: 1294, 20342: 1182, 20343: 70342, 20344: 849, 20345: 63099, 20346: 1084, 20347: 1489, 20348: 48266, 20349: 1347, 20350: 69990, 20351: 1347, 20352: 57309, 20353: 57257, 20354: 46793, 20355: 1347, 20356: 849, 20357: 1583, 20358: 2048, 20359: 1291, 20360: 765, 20361: 75421, 20362: 1489, 20363: 1412, 20364: 70342, 20365: 70171, 20366: 70171, 20367: 77145, 20368: 65341, 20369: 75453, 20370: 48266, 20371: 1347, 20372: 46793, 20373: 1617, 20378: 65341, 20379: 75421, 20380: 1489, 20381: 1182, 20383: 57257, 20384: 63099, 20385: 57257, 20386: 13699, 20387: 70342, 20388: 1084, 20389: 75421, 20392: 849, 20393: 69242, 20394: 51797, 20395: 48266, 20396: 449, 20397: 1583, 20398: 765, 20399: 44206, 20400: 46793, 20401: 1412, 20402: 48266, 20403: 184, 20404: 743, 20405: 82080, 20406: 728, 20407: 395, 20408: 449, 20409: 35259, 20410: 690, 20411: 67720, 20412: 75379, 20413: 1482, 20414: 67720, 20415: 71117, 20416: 70342, 20417: 57381, 20418: 82080, 20419: 519, 20421: 1294, 20422: 1489, 20423: 1585, 20427: 44206, 20428: 57381, 20429: 449, 20432: 1543, 20433: 449, 20434: 46494, 20436: 805, 20437: 69242, 20438: 69990, 20439: 1259, 20440: 743, 20441: 46494, 20442: 69985, 20443: 690, 20444: 82080, 20445: 805, 20446: 67720, 20447: 78645, 20449: 1012, 20450: 69995, 20451: 80479, 20452: 57455, 20453: 57455, 20454: 52945, 20455: 913, 20456: 50588, 20457: 51797, 20458: 913, 20459: 1161, 20460: 1585, 20461: 63270, 20462: 69995, 20463: 49332, 20465: 65341, 20466: 1012, 20467: 1291, 20468: 1107, 20469: 1259, 20471: 57381, 20472: 57381, 20473: 743, 20475: 72051, 20476: 1617, 20481: 1107, 20482: 75379, 20484: 52945, 20485: 75379, 20486: 54448, 20487: 449, 20488: 1188, 20489: 69990, 20490: 70342, 20491: 67720, 20492: 805, 20493: 1107, 20494: 46494, 20495: 683, 20496: 75453, 20497: 50588, 20499: 65877, 20501: 44206, 20503: 57639, 20504: 69990, 20505: 62344, 20506: 85710, 20507: 1357, 20508: 1161, 20509: 50588, 20510: 913, 20511: 85646, 20512: 70342, 20513: 1291, 20514: 64790, 20515: 913, 20517: 69995, 20518: 69995, 20519: 63270, 20520: 52945, 20521: 65161, 20522: 1161, 20523: 1259, 20524: 68173, 20525: 519, 20527: 82080, 20528: 1502, 20530: 46494, 20531: 59008, 20532: 805, 20533: 75421, 20534: 65161, 20535: 48922, 20536: 44206, 20537: 69985, 20538: 69990, 20539: 449, 20540: 690, 20541: 1617, 20542: 75958, 20543: 48922, 20544: 728, 20545: 91896, 20546: 71117, 20547: 64790, 20549: 80479, 20550: 51797, 20552: 1288, 20553: 1502, 20554: 57290, 20555: 62344, 20556: 65877, 20557: 75379, 20558: 1107, 20559: 1391, 20560: 65877, 20561: 85710, 20563: 1167, 20564: 57070, 20565: 69990, 20567: 849, 20569: 52945, 20570: 91896, 20571: 1585, 20572: 1288, 20573: 35259, 20574: 48922, 20575: 44206, 20576: 75958, 20577: 69985, 20578: 1347, 20579: 71117, 20580: 68173, 20581: 1014, 20582: 35259, 20583: 1288, 20584: 71117, 20585: 2048, 20587: 1012, 20588: 63270, 20589: 52945, 20590: 82080, 20591: 57455, 20592: 683, 20593: 805, 20594: 72051, 20595: 59008, 20596: 1347, 20597: 1585, 20599: 64727, 20600: 49332, 20601: 75379, 20602: 35245, 20605: 35245, 20606: 50588, 20607: 913, 20608: 57417, 20609: 1585, 20610: 1482, 20611: 1107, 20612: 686, 20613: 57309, 20614: 1167, 20615: 75453, 20616: 953, 20617: 61726, 20618: 85669, 20619: 1182, 20620: 1054, 20621: 1457, 20622: 849, 20624: 226, 20625: 1457, 20626: 69995, 20628: 1540, 20630: 69995, 20631: 449, 20633: 69242, 20634: 73383, 20635: 1583, 20636: 54448, 20637: 1583, 20638: 226, 20639: 1391, 20640: 52945, 20641: 85669, 20642: 62344, 20643: 1391, 20645: 52945, 20646: 85669, 20647: 57639, 20648: 686, 20650: 686, 20651: 1193, 20652: 686, 20653: 1193, 20654: 85669, 20655: 1412, 20656: 184, 20659: 1585, 20661: 69995, 20662: 70373, 20663: 913, 20669: 522, 20670: 78631, 20671: 57639, 20672: 35259, 20673: 57972, 20675: 61726, 20676: 57972, 20677: 73235, 20678: 62344, 20680: 68173, 20681: 449, 20684: 1347, 20688: 1617, 20689: 69995, 20690: 52945, 20692: 57257, 20693: 85669, 20694: 66626, 20695: 1489, 20696: 1173, 20697: 1182, 20698: 58543, 20699: 63756, 20700: 50588, 20701: 913, 20702: 1167, 20703: 54448, 20704: 66626, 20705: 75379, 20706: 1182, 20707: 70342, 20708: 46494, 20709: 1161, 20710: 1161, 20711: 1543, 20712: 0, 20713: 75421, 20714: 52945, 20715: 690, 20716: 70342, 20717: 57639, 20719: 1585, 20720: 75453, 20721: 913, 20722: 805, 20723: 51797, 20724: 80479, 20725: 85669, 20726: 46793, 20727: 78631, 20729: 1617, 20730: 88486, 20731: 48922, 20732: 1054, 20734: 1288, 20735: 57309, 20736: 1014, 20737: 73383, 20739: 35259, 20740: 57455, 20741: 686, 20742: 1167, 20743: 1116, 20744: 68650, 20746: 69990, 20747: 91053, 20748: 58096, 20749: 69990, 20750: 686, 20751: 1399, 20752: 1502, 20754: 44206, 20757: 1161, 20758: 1012, 20759: 62344, 20761: 1482, 20762: 75453, 20763: 63099, 20764: 1084, 20765: 63099, 20766: 63099, 20768: 184, 20769: 395, 20770: 77145, 20773: 70500, 20774: 1154, 20775: 69990, 20777: 1391, 20778: 70500, 20779: 1399, 20781: 1457, 20782: 49332, 20784: 57290, 20785: 2048, 20786: 70500, 20789: 1347, 20790: 58543, 20791: 70342, 20792: 46793, 20793: 146, 20794: 49332, 20795: 59008, 20796: 1188, 20797: 75421, 20798: 13699, 20799: 70373, 20800: 1482, 20802: 69242, 20803: 85710, 20804: 57309, 20805: 69242, 20806: 1391, 20807: 72051, 20808: 82067, 20809: 1291, 20810: 63099, 20811: 57070, 20813: 48266, 20814: 1482, 20815: 85687, 20816: 57455, 20817: 85687, 20818: 1391, 20819: 1502, 20820: 1167, 20821: 1116, 20822: 85687, 20823: 46494, 20824: 57417, 20825: 75453, 20826: 75379, 20827: 46494, 20828: 184, 20829: 67720, 20831: 57290, 20832: 57639, 20833: 1291, 20834: 728, 20835: 1502, 20836: 1583, 20837: 57070, 20838: 57070, 20840: 2048, 20841: 1412, 20842: 1357, 20843: 226, 20844: 57455, 20845: 65877, 20846: 1300, 20850: 65877, 20852: 90927, 20853: 51797, 20854: 72051, 20856: 46793, 20858: 48266, 20859: 82070, 20860: 63882, 20861: 63882, 20862: 82070, 20863: 82070, 20864: 395, 20872: 953, 20873: 395, 20874: 0, 20875: 91053, 20876: 683, 20877: 83288, 20881: 75379, 20883: 75453, 20884: 57972, 20885: 59008, 20886: 64727, 20887: 1540, 20888: 82070, 20889: 683, 20890: 64727, 20891: 1391, 20892: 82070, 20894: 85669, 20895: 64790, 20897: 1540, 20900: 1457, 20901: 75379, 20902: 72039, 20904: 63099, 20905: 522, 20906: 765, 20907: 1188, 20909: 65877, 20910: 182, 20911: 849, 20913: 72051, 20916: 85669, 20917: 87001, 20918: 73383, 20919: 63882, 20921: 58543, 20922: 82070, 20923: 690, 20925: 1294, 20926: 85700, 20928: 1300, 20929: 51797, 20930: 61726, 20931: 51797, 20932: 1288, 20933: 57290, 20934: 63099, 20935: 82070, 20936: 91053, 20937: 1399, 20938: 1193, 20939: 1502, 20940: 1223, 20941: 72039, 20942: 1399, 20943: 69985, 20944: 1193, 20948: 83288, 20949: 1193, 20950: 87001, 20951: 1300, 20953: 64727, 20954: 68173, 20955: 1457, 20956: 57639, 20958: 57639, 20959: 65877, 20960: 54448, 20961: 1012, 20962: 1300, 20963: 69995, 20964: 72039, 20965: 91053, 20966: 64790, 20967: 1054, 20968: 44206, 20969: 85700, 20970: 57972, 20971: 63756, 20973: 85710, 20974: 59008, 20975: 1154, 20977: 85710, 20978: 63756, 20979: 0, 20980: 63756, 20981: 49332, 20982: 72039, 20983: 1054, 20985: 72039, 20986: 728, 20987: 64790, 20988: 1054, 20990: 85710, 20992: 68650, 20993: 72039, 20995: 1012, 20997: 83288, 20998: 82070, 20999: 87001, 21000: 63882, 21001: 70500, 21002: 57639, 21003: 57972, 21005: 83288, 21006: 72051, 21007: 2048, 21008: 69995, 21009: 65877, 21011: 72039, 21012: 87001, 21013: 57290, 21014: 65877, 21015: 91053, 21016: 72051, 21017: 64790, 21018: 1193, 21019: 184, 21020: 69985, 21021: 1543, 21022: 75379, 21023: 63270, 21028: 86055, 21030: 85700, 21032: 52945, 21033: 35245, 21034: 1154, 21035: 58543, 21036: 35259, 21037: 1223, 21038: 728, 21039: 63270, 21041: 85700, 21043: 67720, 21045: 1188, 21047: 86055, 21050: 83288, 21053: 1294, 21055: 82080, 21056: 1585, 21057: 1107, 21058: 1107, 21059: 395, 21060: 1107, 21061: 46494, 21062: 1502, 21063: 1014, 21064: 57381, 21065: 1543, 21066: 1188, 21067: 683, 21068: 73383, 21069: 46494, 21070: 69990, 21072: 1107, 21073: 1182, 21074: 67720, 21075: 78645, 21077: 1540, 21084: 1617, 21085: 2114, 21086: 89226, 21087: 87984, 21091: 1012, 21092: 78631, 21093: 63270, 21096: 2114, 21097: 53429, 21098: 65941, 21099: 2114, 21100: 2076, 21101: 57649, 21102: 80140, 21103: 1457, 21104: 51797, 21105: 88653, 21106: 2346, 21107: 62344, 21108: 2346, 21109: 2114, 21110: 90942, 21112: 75379, 21113: 88653, 21115: 2346, 21116: 80140, 21117: 57649, 21118: 88486, 21119: 2076, 21120: 2076, 21121: 74355, 21123: 57649, 21124: 2076, 21125: 53429, 21126: 57649, 21127: 56939, 21128: 74355, 21129: 74355, 21130: 53429, 21132: 57649, 21133: 87984, 21134: 53429, 21135: 56939, 21136: 53429, 21138: 57649, 21139: 56939, 21140: 57649, 21141: 86157, 21142: 80140, 21143: 53429, 21144: 2114, 21145: 53429, 21146: 89226, 21147: 88653, 21148: 53429, 21149: 80140, 21150: 80140, 21151: 86213, 21153: 53429, 21154: 1223, 21155: 86157, 21156: 87984, 21157: 1288, 21159: 2346, 21163: 146, 21164: 86157, 21165: 80140, 21166: 90998, 21167: 87984, 21168: 90998, 21170: 90998, 21171: 86213, 21172: 57649, 21173: 2076, 21174: 2114, 21175: 0, 21176: 2076, 21177: 87984, 21178: 88653, 21179: 56939, 21180: 2346, 21181: 57649, 21182: 86157, 21184: 87984, 21185: 0, 21186: 2076, 21187: 0, 21188: 0, 21189: 0, 21190: 63270, 21191: 184, 21192: 1223, 21193: 70500, 21194: 0, 21195: 1167, 21196: 70342, 21197: 74355, 21198: 2114, 21199: 86213, 21203: 2076, 21205: 53429, 21206: 86213, 21208: 87984, 21209: 89226, 21223: 1585, 21226: 1014, 21227: 69985, 21228: 46494, 21229: 395, 21230: 78645, 21231: 395, 21232: 1259, 21233: 683, 21234: 70342, 21235: 1259, 21236: 57381, 21237: 71117, 21238: 1543, 21239: 72051, 21240: 1107, 21241: 1347, 21244: 66626, 21249: 1012, 21262: 57070, 21265: 13699, 21271: 91053, 21279: 59008, 21280: 59008, 21288: 57290, 21290: 51797, 21298: 57639, 21303: 1347, 21304: 35259, 21305: 35259, 21306: 226, 21307: 64790, 21308: 1113, 21311: 1540, 21312: 1294, 21313: 35259, 21314: 88486, 21315: 57417, 21316: 1054, 21317: 1347, 21318: 57455, 21319: 51797, 21322: 690, 21324: 13828, 21325: 13828, 21326: 35259, 21327: 1347, 21328: 519, 21329: 78626, 21331: 72039, 21333: 57455, 21334: 57455, 21335: 226, 21336: 765, 21338: 1502, 21339: 1054, 21340: 1107, 21341: 1294, 21344: 1300, 21345: 72039, 21346: 91053, 21348: 63099, 21349: 0, 21351: 69990, 21354: 519, 21356: 90927, 21357: 75379, 21358: 184, 21363: 57257, 21366: 65941, 21369: 765, 21370: 63756, 21378: 68173, 21384: 44206, 21398: 78626, 21445: 74355, 21446: 62344, 21447: 1347, 21448: 67720, 21450: 1014, 21454: 68173, 21455: 683, 21460: 0, 21462: 82080, 21463: 75453, 21465: 0, 21468: 1391, 21470: 226, 21474: 686, 21475: 1012, 21477: 91896, 21478: 61726, 21479: 1107, 21480: 519, 21481: 1161, 21482: 1161, 21483: 70373, 21484: 69995, 21487: 51797, 21488: 65161, 21489: 91053, 21490: 1259, 21491: 1113, 21492: 1161, 21493: 50453, 21494: 342}",0.0,filho
649988.8416573335,Cruzamento,1733628504.4341073,88,"{20331: 57309, 20332: 65341, 20333: 82085, 20334: 57070, 20335: 1182, 20336: 1489, 20337: 1291, 20338: 1084, 20339: 46793, 20340: 1412, 20341: 1294, 20342: 1182, 20343: 70342, 20344: 849, 20345: 63099, 20346: 1084, 20347: 1489, 20348: 48266, 20349: 1347, 20350: 69990, 20351: 1347, 20352: 57309, 20353: 57257, 20354: 46793, 20355: 1347, 20356: 849, 20357: 1583, 20358: 2048, 20359: 1291, 20360: 765, 20361: 75421, 20362: 1489, 20363: 1412, 20364: 70342, 20365: 70171, 20366: 70171, 20367: 77145, 20368: 65341, 20369: 75453, 20370: 48266, 20371: 1347, 20372: 46793, 20373: 1617, 20378: 65341, 20379: 75421, 20380: 1489, 20381: 1182, 20383: 57257, 20384: 63099, 20385: 57257, 20386: 13699, 20387: 70342, 20388: 1084, 20389: 75421, 20392: 849, 20393: 69242, 20394: 51797, 20395: 48266, 20396: 449, 20397: 1583, 20398: 765, 20399: 44206, 20400: 46793, 20401: 1412, 20402: 48266, 20403: 184, 20404: 743, 20405: 82080, 20406: 728, 20407: 395, 20408: 449, 20409: 35259, 20410: 690, 20411: 67720, 20412: 75379, 20413: 1482, 20414: 67720, 20415: 71117, 20416: 70342, 20417: 57381, 20418: 82080, 20419: 519, 20421: 1294, 20422: 1489, 20423: 1585, 20427: 44206, 20428: 57381, 20429: 449, 20432: 1543, 20433: 449, 20434: 46494, 20436: 805, 20437: 69242, 20438: 69990, 20439: 1259, 20440: 743, 20441: 46494, 20442: 69985, 20443: 690, 20444: 82080, 20445: 805, 20446: 67720, 20447: 78645, 20449: 1012, 20450: 69995, 20451: 80479, 20452: 57455, 20453: 57455, 20454: 52945, 20455: 913, 20456: 50588, 20457: 51797, 20458: 913, 20459: 1161, 20460: 1585, 20461: 63270, 20462: 69995, 20463: 49332, 20465: 65341, 20466: 1012, 20467: 1291, 20468: 1107, 20469: 1259, 20471: 57381, 20472: 57381, 20473: 743, 20475: 72051, 20476: 1617, 20481: 1107, 20482: 75379, 20484: 52945, 20485: 75379, 20486: 54448, 20487: 449, 20488: 1188, 20489: 69990, 20490: 70342, 20491: 67720, 20492: 805, 20493: 1107, 20494: 46494, 20495: 683, 20496: 75453, 20497: 50588, 20499: 65877, 20501: 44206, 20503: 57639, 20504: 69990, 20505: 62344, 20506: 85710, 20507: 1357, 20508: 1161, 20509: 50588, 20510: 913, 20511: 85646, 20512: 70342, 20513: 1291, 20514: 64790, 20515: 913, 20517: 69995, 20518: 69995, 20519: 63270, 20520: 52945, 20521: 65161, 20522: 1161, 20523: 1259, 20524: 68173, 20525: 519, 20527: 82080, 20528: 1502, 20530: 46494, 20531: 59008, 20532: 805, 20533: 75421, 20534: 65161, 20535: 48922, 20536: 44206, 20537: 69985, 20538: 69990, 20539: 449, 20540: 690, 20541: 1617, 20542: 75958, 20543: 48922, 20544: 728, 20545: 91896, 20546: 71117, 20547: 64790, 20549: 80479, 20550: 51797, 20552: 1288, 20553: 1502, 20554: 57290, 20555: 62344, 20556: 65877, 20557: 75379, 20558: 1107, 20559: 1391, 20560: 65877, 20561: 85710, 20563: 1167, 20564: 57070, 20565: 69990, 20567: 849, 20569: 52945, 20570: 91896, 20571: 1585, 20572: 1288, 20573: 35259, 20574: 48922, 20575: 44206, 20576: 75958, 20577: 69985, 20578: 1347, 20579: 71117, 20580: 68173, 20581: 1014, 20582: 35259, 20583: 1288, 20584: 71117, 20585: 2048, 20587: 1012, 20588: 63270, 20589: 52945, 20590: 82080, 20591: 57455, 20592: 683, 20593: 805, 20594: 72051, 20595: 59008, 20596: 1347, 20597: 1585, 20599: 64727, 20600: 49332, 20601: 75379, 20602: 35245, 20605: 35245, 20606: 50588, 20607: 913, 20608: 57417, 20609: 1585, 20610: 1482, 20611: 1107, 20612: 686, 20613: 57309, 20614: 1167, 20615: 75453, 20616: 953, 20617: 61726, 20618: 85669, 20619: 1182, 20620: 1054, 20621: 1457, 20622: 849, 20624: 226, 20625: 1457, 20626: 69995, 20628: 1540, 20630: 69995, 20631: 449, 20633: 69242, 20634: 73383, 20635: 1583, 20636: 54448, 20637: 1583, 20638: 226, 20639: 1391, 20640: 52945, 20641: 85669, 20642: 62344, 20643: 1391, 20645: 52945, 20646: 85669, 20647: 57639, 20648: 686, 20650: 686, 20651: 1193, 20652: 686, 20653: 1193, 20654: 85669, 20655: 1412, 20656: 184, 20659: 1585, 20661: 69995, 20662: 70373, 20663: 913, 20669: 522, 20670: 78631, 20671: 57639, 20672: 35259, 20673: 57972, 20675: 61726, 20676: 57972, 20677: 73235, 20678: 62344, 20680: 68173, 20681: 449, 20684: 1347, 20688: 1617, 20689: 69995, 20690: 52945, 20692: 57257, 20693: 85669, 20694: 66626, 20695: 1489, 20696: 1173, 20697: 1182, 20698: 58543, 20699: 63756, 20700: 50588, 20701: 913, 20702: 1167, 20703: 54448, 20704: 66626, 20705: 75379, 20706: 1182, 20707: 70342, 20708: 46494, 20709: 1161, 20710: 1161, 20711: 1543, 20712: 0, 20713: 75421, 20714: 52945, 20715: 690, 20716: 70342, 20717: 57639, 20719: 1585, 20720: 75453, 20721: 913, 20722: 805, 20723: 51797, 20724: 80479, 20725: 85669, 20726: 46793, 20727: 78631, 20729: 1617, 20730: 88486, 20731: 48922, 20732: 1054, 20734: 1288, 20735: 57309, 20736: 1014, 20737: 73383, 20739: 35259, 20740: 57455, 20741: 686, 20742: 1167, 20743: 1116, 20744: 68650, 20746: 69990, 20747: 91053, 20748: 58096, 20749: 69990, 20750: 686, 20751: 1399, 20752: 1502, 20754: 44206, 20757: 1161, 20758: 1012, 20759: 62344, 20761: 1482, 20762: 75453, 20763: 63099, 20764: 1084, 20765: 63099, 20766: 63099, 20768: 184, 20769: 395, 20770: 77145, 20773: 70500, 20774: 1154, 20775: 69990, 20777: 1391, 20778: 70500, 20779: 1399, 20781: 1457, 20782: 49332, 20784: 57290, 20785: 2048, 20786: 70500, 20789: 1347, 20790: 58543, 20791: 70342, 20792: 46793, 20793: 146, 20794: 49332, 20795: 59008, 20796: 1188, 20797: 75421, 20798: 13699, 20799: 70373, 20800: 1482, 20802: 69242, 20803: 85710, 20804: 57309, 20805: 69242, 20806: 1391, 20807: 72051, 20808: 82067, 20809: 1291, 20810: 63099, 20811: 57070, 20813: 48266, 20814: 1482, 20815: 85687, 20816: 57455, 20817: 85687, 20818: 1391, 20819: 1502, 20820: 1167, 20821: 1116, 20822: 85687, 20823: 46494, 20824: 57417, 20825: 75453, 20826: 75379, 20827: 46494, 20828: 184, 20829: 67720, 20831: 57290, 20832: 57639, 20833: 1291, 20834: 728, 20835: 1502, 20836: 1583, 20837: 57070, 20838: 57070, 20840: 2048, 20841: 1412, 20842: 1357, 20843: 226, 20844: 57455, 20845: 65877, 20846: 1300, 20850: 65877, 20852: 90927, 20853: 51797, 20854: 72051, 20856: 46793, 20858: 48266, 20859: 82070, 20860: 63882, 20861: 63882, 20862: 82070, 20863: 82070, 20864: 395, 20872: 953, 20873: 395, 20874: 0, 20875: 91053, 20876: 683, 20877: 83288, 20881: 75379, 20883: 75453, 20884: 57972, 20885: 59008, 20886: 64727, 20887: 1540, 20888: 82070, 20889: 683, 20890: 64727, 20891: 1391, 20892: 82070, 20894: 85669, 20895: 64790, 20897: 1540, 20900: 1457, 20901: 75379, 20902: 72039, 20904: 63099, 20905: 522, 20906: 765, 20907: 1188, 20909: 65877, 20910: 182, 20911: 849, 20913: 72051, 20916: 85669, 20917: 87001, 20918: 73383, 20919: 63882, 20921: 58543, 20922: 82070, 20923: 690, 20925: 1294, 20926: 85700, 20928: 1300, 20929: 51797, 20930: 61726, 20931: 51797, 20932: 1288, 20933: 57290, 20934: 63099, 20935: 82070, 20936: 91053, 20937: 1399, 20938: 1193, 20939: 1502, 20940: 1223, 20941: 72039, 20942: 1399, 20943: 69985, 20944: 1193, 20948: 83288, 20949: 1193, 20950: 87001, 20951: 1300, 20953: 64727, 20954: 68173, 20955: 1457, 20956: 57639, 20958: 57639, 20959: 65877, 20960: 54448, 20961: 1012, 20962: 1300, 20963: 69995, 20964: 72039, 20965: 91053, 20966: 64790, 20967: 1054, 20968: 44206, 20969: 85700, 20970: 57972, 20971: 63756, 20973: 85710, 20974: 59008, 20975: 1154, 20977: 85710, 20978: 63756, 20979: 0, 20980: 63756, 20981: 49332, 20982: 72039, 20983: 1054, 20985: 72039, 20986: 728, 20987: 64790, 20988: 1054, 20990: 85710, 20992: 68650, 20993: 72039, 20995: 1012, 20997: 83288, 20998: 82070, 20999: 87001, 21000: 63882, 21001: 70500, 21002: 57639, 21003: 57972, 21005: 83288, 21006: 72051, 21007: 2048, 21008: 69995, 21009: 65877, 21011: 72039, 21012: 87001, 21013: 57290, 21014: 65877, 21015: 91053, 21016: 72051, 21017: 64790, 21018: 1193, 21019: 184, 21020: 69985, 21021: 1543, 21022: 75379, 21023: 63270, 21028: 86055, 21030: 85700, 21032: 52945, 21033: 35245, 21034: 1154, 21035: 58543, 21036: 35259, 21037: 1223, 21038: 728, 21039: 63270, 21041: 85700, 21043: 67720, 21045: 1188, 21047: 86055, 21050: 83288, 21053: 1294, 21055: 82080, 21056: 1585, 21057: 1107, 21058: 1107, 21059: 395, 21060: 1107, 21061: 46494, 21062: 1502, 21063: 1014, 21064: 57381, 21065: 1543, 21066: 1188, 21067: 683, 21068: 73383, 21069: 46494, 21070: 69990, 21072: 1107, 21073: 1182, 21074: 67720, 21075: 78645, 21077: 1540, 21084: 1617, 21085: 88653, 21086: 90942, 21087: 57649, 21091: 85710, 21092: 58096, 21093: 85646, 21096: 2346, 21097: 74355, 21098: 63756, 21099: 2114, 21100: 2076, 21101: 2346, 21102: 2114, 21103: 1116, 21104: 59008, 21105: 80140, 21106: 2114, 21107: 73235, 21108: 56939, 21109: 56939, 21110: 80140, 21112: 1391, 21113: 89226, 21115: 2114, 21116: 89226, 21117: 80140, 21118: 83288, 21119: 89226, 21120: 2076, 21121: 74355, 21123: 80140, 21124: 88653, 21125: 88653, 21126: 74355, 21127: 56939, 21128: 74355, 21129: 74355, 21130: 53429, 21132: 57649, 21133: 87984, 21134: 53429, 21135: 56939, 21136: 53429, 21138: 57649, 21139: 56939, 21140: 57649, 21141: 86157, 21142: 80140, 21143: 53429, 21144: 2114, 21145: 53429, 21146: 89226, 21147: 88653, 21148: 53429, 21149: 80140, 21150: 80140, 21151: 86213, 21153: 53429, 21154: 1223, 21155: 86157, 21156: 87984, 21157: 1288, 21159: 2346, 21163: 146, 21164: 86157, 21165: 80140, 21166: 90998, 21167: 87984, 21168: 90998, 21170: 90998, 21171: 86213, 21172: 57649, 21173: 2076, 21174: 2114, 21175: 0, 21176: 2076, 21177: 87984, 21178: 88653, 21179: 56939, 21180: 2346, 21181: 57649, 21182: 86157, 21184: 87984, 21185: 0, 21186: 2076, 21187: 0, 21188: 0, 21189: 0, 21190: 63270, 21191: 184, 21192: 1223, 21193: 70500, 21194: 0, 21195: 1167, 21196: 70342, 21197: 74355, 21198: 2114, 21199: 86213, 21203: 2076, 21205: 53429, 21206: 86213, 21208: 87984, 21209: 89226, 21223: 1585, 21226: 1014, 21227: 69985, 21228: 46494, 21229: 395, 21230: 78645, 21231: 395, 21232: 1259, 21233: 683, 21234: 70342, 21235: 1259, 21236: 57381, 21237: 71117, 21238: 1543, 21239: 72051, 21240: 1107, 21241: 1347, 21244: 66626, 21249: 1012, 21262: 57070, 21265: 13699, 21271: 91053, 21279: 59008, 21280: 59008, 21288: 57290, 21290: 51797, 21298: 57639, 21303: 1347, 21304: 35259, 21305: 35259, 21306: 226, 21307: 64790, 21308: 1113, 21311: 1540, 21312: 1294, 21313: 35259, 21314: 88486, 21315: 57417, 21316: 1054, 21317: 1347, 21318: 57455, 21319: 51797, 21322: 690, 21324: 13828, 21325: 13828, 21326: 35259, 21327: 1347, 21328: 519, 21329: 78626, 21331: 72039, 21333: 57455, 21334: 57455, 21335: 226, 21336: 765, 21338: 1502, 21339: 1054, 21340: 1107, 21341: 1294, 21344: 1300, 21345: 72039, 21346: 91053, 21348: 63099, 21349: 0, 21351: 69990, 21354: 519, 21356: 90927, 21357: 75379, 21358: 184, 21363: 57257, 21366: 65941, 21369: 765, 21370: 63756, 21378: 68173, 21384: 44206, 21398: 78626, 21445: 74355, 21446: 62344, 21447: 1347, 21448: 67720, 21450: 1014, 21454: 68173, 21455: 683, 21460: 0, 21462: 82080, 21463: 75453, 21465: 0, 21468: 1391, 21470: 226, 21474: 686, 21475: 1012, 21477: 91896, 21478: 61726, 21479: 1107, 21480: 519, 21481: 1161, 21482: 1161, 21483: 70373, 21484: 69995, 21487: 51797, 21488: 65161, 21489: 91053, 21490: 1259, 21491: 1113, 21492: 1161, 21493: 50453, 21494: 342}",0.0,duplicado
655014.7582003331,Cruzamento,1733628504.4341073,88,"{20331: 1084, 20332: 46793, 20333: 1489, 20334: 1412, 20335: 1294, 20336: 82085, 20337: 65341, 20338: 48266, 20339: 46793, 20340: 1412, 20341: 1294, 20342: 1182, 20343: 70342, 20344: 849, 20345: 63099, 20346: 1084, 20347: 1489, 20348: 48266, 20349: 1347, 20350: 69990, 20351: 1347, 20352: 57309, 20353: 57257, 20354: 46793, 20355: 1347, 20356: 849, 20357: 1583, 20358: 2048, 20359: 1291, 20360: 765, 20361: 75421, 20362: 1489, 20363: 1412, 20364: 70342, 20365: 70171, 20366: 70171, 20367: 77145, 20368: 65341, 20369: 75453, 20370: 48266, 20371: 1347, 20372: 46793, 20373: 1617, 20378: 65341, 20379: 75421, 20380: 1489, 20381: 1182, 20383: 57257, 20384: 63099, 20385: 57257, 20386: 13699, 20387: 70342, 20388: 1084, 20389: 75421, 20392: 849, 20393: 69242, 20394: 51797, 20395: 48266, 20396: 449, 20397: 1583, 20398: 765, 20399: 44206, 20400: 46793, 20401: 1412, 20402: 48266, 20403: 184, 20404: 743, 20405: 82080, 20406: 728, 20407: 395, 20408: 449, 20409: 35259, 20410: 690, 20411: 67720, 20412: 75379, 20413: 1482, 20414: 67720, 20415: 71117, 20416: 70342, 20417: 57381, 20418: 82080, 20419: 519, 20421: 1294, 20422: 1489, 20423: 1585, 20427: 44206, 20428: 57381, 20429: 449, 20432: 1543, 20433: 449, 20434: 46494, 20436: 805, 20437: 69242, 20438: 69990, 20439: 1259, 20440: 743, 20441: 46494, 20442: 69985, 20443: 690, 20444: 82080, 20445: 805, 20446: 67720, 20447: 78645, 20449: 1012, 20450: 69995, 20451: 80479, 20452: 57455, 20453: 57455, 20454: 52945, 20455: 913, 20456: 50588, 20457: 51797, 20458: 913, 20459: 1161, 20460: 1585, 20461: 63270, 20462: 69995, 20463: 49332, 20465: 65341, 20466: 1012, 20467: 1291, 20468: 1107, 20469: 1259, 20471: 57381, 20472: 57381, 20473: 743, 20475: 72051, 20476: 1617, 20481: 1107, 20482: 75379, 20484: 52945, 20485: 75379, 20486: 54448, 20487: 449, 20488: 1188, 20489: 69990, 20490: 70342, 20491: 67720, 20492: 805, 20493: 1107, 20494: 46494, 20495: 683, 20496: 75453, 20497: 50588, 20499: 65877, 20501: 44206, 20503: 57639, 20504: 69990, 20505: 62344, 20506: 85710, 20507: 1357, 20508: 1161, 20509: 50588, 20510: 913, 20511: 85646, 20512: 70342, 20513: 1291, 20514: 64790, 20515: 913, 20517: 69995, 20518: 69995, 20519: 63270, 20520: 52945, 20521: 65161, 20522: 1161, 20523: 1259, 20524: 68173, 20525: 519, 20527: 82080, 20528: 1502, 20530: 46494, 20531: 59008, 20532: 805, 20533: 75421, 20534: 65161, 20535: 48922, 20536: 44206, 20537: 69985, 20538: 69990, 20539: 449, 20540: 690, 20541: 1617, 20542: 75958, 20543: 48922, 20544: 728, 20545: 91896, 20546: 71117, 20547: 64790, 20549: 80479, 20550: 51797, 20552: 1288, 20553: 1502, 20554: 57290, 20555: 62344, 20556: 65877, 20557: 75379, 20558: 1107, 20559: 1391, 20560: 65877, 20561: 85710, 20563: 1167, 20564: 57070, 20565: 69990, 20567: 849, 20569: 52945, 20570: 91896, 20571: 1585, 20572: 1288, 20573: 35259, 20574: 48922, 20575: 44206, 20576: 75958, 20577: 69985, 20578: 1347, 20579: 71117, 20580: 68173, 20581: 1014, 20582: 35259, 20583: 1288, 20584: 71117, 20585: 2048, 20587: 1012, 20588: 63270, 20589: 52945, 20590: 82080, 20591: 57455, 20592: 683, 20593: 805, 20594: 72051, 20595: 59008, 20596: 1347, 20597: 1585, 20599: 64727, 20600: 49332, 20601: 75379, 20602: 35245, 20605: 35245, 20606: 50588, 20607: 913, 20608: 57417, 20609: 1585, 20610: 1482, 20611: 1107, 20612: 686, 20613: 57309, 20614: 1167, 20615: 75453, 20616: 953, 20617: 61726, 20618: 85669, 20619: 1182, 20620: 1054, 20621: 1457, 20622: 849, 20624: 226, 20625: 1457, 20626: 69995, 20628: 1540, 20630: 69995, 20631: 449, 20633: 69242, 20634: 73383, 20635: 1583, 20636: 54448, 20637: 1583, 20638: 226, 20639: 1391, 20640: 52945, 20641: 85669, 20642: 62344, 20643: 1391, 20645: 52945, 20646: 85669, 20647: 57639, 20648: 686, 20650: 686, 20651: 1193, 20652: 58096, 20653: 1391, 20654: 953, 20655: 1482, 20656: 1084, 20659: 70342, 20661: 64727, 20662: 57309, 20663: 1161, 20669: 69242, 20670: 65877, 20671: 1540, 20672: 57972, 20673: 57639, 20675: 78631, 20676: 78631, 20677: 61726, 20678: 75379, 20680: 69990, 20681: 1188, 20684: 1543, 20688: 805, 20689: 50588, 20690: 64727, 20692: 1182, 20693: 58096, 20694: 913, 20695: 75453, 20696: 75379, 20697: 184, 20698: 85669, 20699: 63756, 20700: 50588, 20701: 913, 20702: 1167, 20703: 54448, 20704: 66626, 20705: 75379, 20706: 1182, 20707: 70342, 20708: 46494, 20709: 1161, 20710: 1161, 20711: 1543, 20712: 0, 20713: 75421, 20714: 52945, 20715: 690, 20716: 70342, 20717: 57639, 20719: 1585, 20720: 75453, 20721: 913, 20722: 805, 20723: 51797, 20724: 80479, 20725: 85669, 20726: 46793, 20727: 78631, 20729: 1617, 20730: 88486, 20731: 48922, 20732: 1054, 20734: 1288, 20735: 57309, 20736: 1014, 20737: 73383, 20739: 35259, 20740: 57455, 20741: 686, 20742: 1167, 20743: 1116, 20744: 68650, 20746: 69990, 20747: 91053, 20748: 58096, 20749: 69990, 20750: 686, 20751: 1399, 20752: 1502, 20754: 44206, 20757: 1161, 20758: 1012, 20759: 62344, 20761: 1482, 20762: 75453, 20763: 63099, 20764: 1084, 20765: 63099, 20766: 63099, 20768: 184, 20769: 395, 20770: 77145, 20773: 70500, 20774: 1154, 20775: 69990, 20777: 1391, 20778: 70500, 20779: 1399, 20781: 1457, 20782: 49332, 20784: 57290, 20785: 2048, 20786: 70500, 20789: 1347, 20790: 58543, 20791: 70342, 20792: 46793, 20793: 146, 20794: 49332, 20795: 59008, 20796: 1188, 20797: 75421, 20798: 13699, 20799: 70373, 20800: 1482, 20802: 69242, 20803: 85710, 20804: 57309, 20805: 69242, 20806: 1391, 20807: 72051, 20808: 82067, 20809: 1291, 20810: 63099, 20811: 57070, 20813: 48266, 20814: 1482, 20815: 85687, 20816: 57455, 20817: 85687, 20818: 1391, 20819: 1502, 20820: 1167, 20821: 1116, 20822: 85687, 20823: 46494, 20824: 57417, 20825: 75453, 20826: 75379, 20827: 46494, 20828: 184, 20829: 67720, 20831: 57290, 20832: 57639, 20833: 1291, 20834: 728, 20835: 1502, 20836: 1583, 20837: 57070, 20838: 57070, 20840: 2048, 20841: 1412, 20842: 1357, 20843: 226, 20844: 57455, 20845: 65877, 20846: 1300, 20850: 65877, 20852: 90927, 20853: 51797, 20854: 72051, 20856: 46793, 20858: 48266, 20859: 82070, 20860: 63882, 20861: 63882, 20862: 82070, 20863: 82070, 20864: 395, 20872: 953, 20873: 395, 20874: 0, 20875: 91053, 20876: 683, 20877: 83288, 20881: 75379, 20883: 75453, 20884: 57972, 20885: 59008, 20886: 64727, 20887: 1540, 20888: 82070, 20889: 683, 20890: 64727, 20891: 1391, 20892: 82070, 20894: 85669, 20895: 64790, 20897: 1540, 20900: 1457, 20901: 75379, 20902: 72039, 20904: 63099, 20905: 522, 20906: 765, 20907: 1188, 20909: 65877, 20910: 182, 20911: 849, 20913: 72051, 20916: 85669, 20917: 87001, 20918: 73383, 20919: 63882, 20921: 58543, 20922: 82070, 20923: 690, 20925: 1294, 20926: 85700, 20928: 1300, 20929: 51797, 20930: 61726, 20931: 51797, 20932: 1288, 20933: 57290, 20934: 63099, 20935: 82070, 20936: 91053, 20937: 1399, 20938: 1193, 20939: 1502, 20940: 1223, 20941: 72039, 20942: 1399, 20943: 69985, 20944: 1193, 20948: 83288, 20949: 1193, 20950: 87001, 20951: 1300, 20953: 64727, 20954: 68173, 20955: 1457, 20956: 57639, 20958: 57639, 20959: 65877, 20960: 54448, 20961: 1012, 20962: 1300, 20963: 69995, 20964: 72039, 20965: 91053, 20966: 64790, 20967: 1054, 20968: 44206, 20969: 85700, 20970: 57972, 20971: 63756, 20973: 85710, 20974: 59008, 20975: 1154, 20977: 85710, 20978: 63756, 20979: 0, 20980: 63756, 20981: 49332, 20982: 72039, 20983: 1054, 20985: 72039, 20986: 728, 20987: 64790, 20988: 1054, 20990: 85710, 20992: 68650, 20993: 72039, 20995: 1012, 20997: 83288, 20998: 82070, 20999: 87001, 21000: 63882, 21001: 70500, 21002: 57639, 21003: 57972, 21005: 83288, 21006: 72051, 21007: 2048, 21008: 69995, 21009: 65877, 21011: 72039, 21012: 87001, 21013: 57290, 21014: 65877, 21015: 91053, 21016: 72051, 21017: 64790, 21018: 1193, 21019: 184, 21020: 69985, 21021: 1543, 21022: 75379, 21023: 63270, 21028: 86055, 21030: 85700, 21032: 52945, 21033: 35245, 21034: 1154, 21035: 58543, 21036: 35259, 21037: 1223, 21038: 728, 21039: 63270, 21041: 85700, 21043: 67720, 21045: 1188, 21047: 86055, 21050: 83288, 21053: 1294, 21055: 82080, 21056: 1585, 21057: 1107, 21058: 1107, 21059: 395, 21060: 1107, 21061: 46494, 21062: 1502, 21063: 1014, 21064: 57381, 21065: 1543, 21066: 1188, 21067: 683, 21068: 73383, 21069: 46494, 21070: 69990, 21072: 1107, 21073: 1182, 21074: 67720, 21075: 78645, 21077: 1540, 21084: 1617, 21085: 2114, 21086: 89226, 21087: 87984, 21091: 1012, 21092: 78631, 21093: 63270, 21096: 2114, 21097: 53429, 21098: 65941, 21099: 2114, 21100: 2076, 21101: 57649, 21102: 80140, 21103: 1457, 21104: 51797, 21105: 88653, 21106: 2346, 21107: 62344, 21108: 2346, 21109: 2114, 21110: 90942, 21112: 75379, 21113: 88653, 21115: 2346, 21116: 80140, 21117: 57649, 21118: 88486, 21119: 2076, 21120: 2076, 21121: 74355, 21123: 57649, 21124: 2076, 21125: 53429, 21126: 57649, 21127: 74355, 21128: 57649, 21129: 2114, 21130: 74355, 21132: 53429, 21133: 87984, 21134: 57649, 21135: 88653, 21136: 74355, 21138: 53429, 21139: 88653, 21140: 53429, 21141: 80140, 21142: 2346, 21143: 57649, 21144: 2114, 21145: 88653, 21146: 89226, 21147: 53429, 21148: 2114, 21149: 2076, 21150: 86213, 21151: 87984, 21153: 2114, 21154: 44206, 21155: 86157, 21156: 80140, 21157: 1188, 21159: 89226, 21163: 146, 21164: 86157, 21165: 88653, 21166: 88653, 21167: 80140, 21168: 2114, 21170: 88653, 21171: 53429, 21172: 57649, 21173: 56939, 21174: 90998, 21175: 1223, 21176: 56939, 21177: 56939, 21178: 57649, 21179: 86213, 21180: 90998, 21181: 86213, 21182: 86157, 21184: 56939, 21185: 86213, 21186: 86213, 21187: 0, 21188: 0, 21189: 0, 21190: 78631, 21191: 184, 21192: 59008, 21193: 57639, 21194: 0, 21195: 395, 21196: 1489, 21197: 57649, 21198: 74355, 21199: 2076, 21203: 90998, 21205: 74355, 21206: 86213, 21208: 87984, 21209: 89226, 21223: 683, 21226: 683, 21227: 1585, 21228: 68173, 21229: 0, 21230: 69990, 21231: 519, 21232: 57381, 21233: 1259, 21234: 805, 21235: 690, 21236: 71117, 21237: 71117, 21238: 1288, 21239: 72051, 21240: 1107, 21241: 1347, 21244: 66626, 21249: 1012, 21262: 57070, 21265: 13699, 21271: 91053, 21279: 59008, 21280: 59008, 21288: 57290, 21290: 51797, 21298: 57639, 21303: 1347, 21304: 35259, 21305: 35259, 21306: 226, 21307: 64790, 21308: 1113, 21311: 1540, 21312: 1294, 21313: 35259, 21314: 88486, 21315: 57417, 21316: 1054, 21317: 1347, 21318: 57455, 21319: 51797, 21322: 690, 21324: 13828, 21325: 13828, 21326: 35259, 21327: 1347, 21328: 519, 21329: 78626, 21331: 72039, 21333: 57455, 21334: 57455, 21335: 226, 21336: 765, 21338: 1502, 21339: 1054, 21340: 1107, 21341: 1294, 21344: 1300, 21345: 72039, 21346: 91053, 21348: 63099, 21349: 0, 21351: 69990, 21354: 519, 21356: 90927, 21357: 75379, 21358: 184, 21363: 57257, 21366: 65941, 21369: 765, 21370: 63756, 21378: 68173, 21384: 44206, 21398: 78626, 21445: 74355, 21446: 62344, 21447: 1347, 21448: 67720, 21450: 1014, 21454: 68173, 21455: 683, 21460: 0, 21462: 82080, 21463: 75453, 21465: 0, 21468: 1391, 21470: 226, 21474: 686, 21475: 1012, 21477: 91896, 21478: 61726, 21479: 1107, 21480: 519, 21481: 1161, 21482: 1161, 21483: 70373, 21484: 69995, 21487: 51797, 21488: 65161, 21489: 91053, 21490: 1259, 21491: 1113, 21492: 1161, 21493: 50453, 21494: 342}",0.0,filho
650611.8421479999,Cruzamento,1733628507.1237342,89,"{20331: 1084, 20332: 46793, 20333: 1489, 20334: 1412, 20335: 1294, 20336: 82085, 20337: 65341, 20338: 48266, 20339: 46793, 20340: 1412, 20341: 1294, 20342: 1182, 20343: 70342, 20344: 849, 20345: 63099, 20346: 1084, 20347: 1489, 20348: 48266, 20349: 1347, 20350: 69990, 20351: 1347, 20352: 57309, 20353: 57257, 20354: 46793, 20355: 1347, 20356: 849, 20357: 1583, 20358: 2048, 20359: 1291, 20360: 765, 20361: 75421, 20362: 1489, 20363: 1412, 20364: 70342, 20365: 70171, 20366: 70171, 20367: 77145, 20368: 65341, 20369: 75453, 20370: 48266, 20371: 1347, 20372: 46793, 20373: 1617, 20378: 65341, 20379: 75421, 20380: 1489, 20381: 1182, 20383: 57257, 20384: 63099, 20385: 57257, 20386: 13699, 20387: 70342, 20388: 1084, 20389: 75421, 20392: 849, 20393: 69242, 20394: 51797, 20395: 48266, 20396: 449, 20397: 1583, 20398: 765, 20399: 44206, 20400: 46793, 20401: 1412, 20402: 48266, 20403: 184, 20404: 743, 20405: 82080, 20406: 728, 20407: 395, 20408: 449, 20409: 35259, 20410: 690, 20411: 67720, 20412: 75379, 20413: 1482, 20414: 67720, 20415: 71117, 20416: 70342, 20417: 57381, 20418: 82080, 20419: 519, 20421: 1294, 20422: 1489, 20423: 1585, 20427: 44206, 20428: 57381, 20429: 449, 20432: 1543, 20433: 449, 20434: 46494, 20436: 805, 20437: 69242, 20438: 69990, 20439: 1259, 20440: 743, 20441: 46494, 20442: 69985, 20443: 690, 20444: 82080, 20445: 805, 20446: 67720, 20447: 78645, 20449: 1012, 20450: 69995, 20451: 80479, 20452: 57455, 20453: 57455, 20454: 52945, 20455: 913, 20456: 50588, 20457: 51797, 20458: 913, 20459: 1161, 20460: 1585, 20461: 63270, 20462: 69995, 20463: 49332, 20465: 65341, 20466: 1012, 20467: 1291, 20468: 1107, 20469: 1259, 20471: 57381, 20472: 57381, 20473: 743, 20475: 72051, 20476: 1617, 20481: 1107, 20482: 75379, 20484: 52945, 20485: 75379, 20486: 54448, 20487: 449, 20488: 1188, 20489: 69990, 20490: 70342, 20491: 67720, 20492: 805, 20493: 1107, 20494: 46494, 20495: 683, 20496: 75453, 20497: 50588, 20499: 65877, 20501: 44206, 20503: 57639, 20504: 69990, 20505: 62344, 20506: 85710, 20507: 1357, 20508: 1161, 20509: 50588, 20510: 913, 20511: 85646, 20512: 70342, 20513: 1291, 20514: 64790, 20515: 913, 20517: 69995, 20518: 69995, 20519: 63270, 20520: 52945, 20521: 65161, 20522: 1161, 20523: 1259, 20524: 68173, 20525: 519, 20527: 82080, 20528: 1502, 20530: 46494, 20531: 59008, 20532: 805, 20533: 75421, 20534: 65161, 20535: 48922, 20536: 44206, 20537: 69985, 20538: 69990, 20539: 449, 20540: 690, 20541: 1617, 20542: 75958, 20543: 48922, 20544: 728, 20545: 91896, 20546: 71117, 20547: 64790, 20549: 80479, 20550: 51797, 20552: 1288, 20553: 1502, 20554: 57290, 20555: 62344, 20556: 65877, 20557: 75379, 20558: 1107, 20559: 1391, 20560: 65877, 20561: 85710, 20563: 1167, 20564: 57070, 20565: 69990, 20567: 849, 20569: 52945, 20570: 91896, 20571: 1585, 20572: 1288, 20573: 35259, 20574: 48922, 20575: 44206, 20576: 75958, 20577: 69985, 20578: 1347, 20579: 71117, 20580: 68173, 20581: 1014, 20582: 35259, 20583: 1288, 20584: 71117, 20585: 2048, 20587: 1012, 20588: 63270, 20589: 52945, 20590: 82080, 20591: 57455, 20592: 683, 20593: 805, 20594: 72051, 20595: 59008, 20596: 1347, 20597: 1585, 20599: 64727, 20600: 49332, 20601: 75379, 20602: 35245, 20605: 35245, 20606: 50588, 20607: 913, 20608: 57417, 20609: 1585, 20610: 1482, 20611: 1107, 20612: 686, 20613: 57309, 20614: 1167, 20615: 75453, 20616: 953, 20617: 61726, 20618: 85669, 20619: 1182, 20620: 1054, 20621: 1457, 20622: 849, 20624: 226, 20625: 1457, 20626: 69995, 20628: 1540, 20630: 69995, 20631: 449, 20633: 69242, 20634: 73383, 20635: 1583, 20636: 54448, 20637: 1583, 20638: 226, 20639: 1391, 20640: 52945, 20641: 85669, 20642: 62344, 20643: 1391, 20645: 52945, 20646: 85669, 20647: 57639, 20648: 686, 20650: 686, 20651: 1193, 20652: 686, 20653: 1193, 20654: 85669, 20655: 1412, 20656: 184, 20659: 1585, 20661: 69995, 20662: 70373, 20663: 913, 20669: 522, 20670: 78631, 20671: 57639, 20672: 35259, 20673: 57972, 20675: 61726, 20676: 57972, 20677: 73235, 20678: 62344, 20680: 68173, 20681: 449, 20684: 1347, 20688: 1617, 20689: 69995, 20690: 52945, 20692: 57257, 20693: 85669, 20694: 66626, 20695: 1489, 20696: 1173, 20697: 1182, 20698: 58543, 20699: 63756, 20700: 50588, 20701: 913, 20702: 1167, 20703: 54448, 20704: 66626, 20705: 75379, 20706: 1182, 20707: 70342, 20708: 46494, 20709: 1161, 20710: 1161, 20711: 1543, 20712: 0, 20713: 75421, 20714: 52945, 20715: 690, 20716: 70342, 20717: 57639, 20719: 1585, 20720: 75453, 20721: 913, 20722: 805, 20723: 51797, 20724: 80479, 20725: 85669, 20726: 46793, 20727: 78631, 20729: 1617, 20730: 88486, 20731: 48922, 20732: 1054, 20734: 1288, 20735: 57309, 20736: 1014, 20737: 73383, 20739: 35259, 20740: 57455, 20741: 686, 20742: 1167, 20743: 1116, 20744: 68650, 20746: 69990, 20747: 91053, 20748: 58096, 20749: 69990, 20750: 686, 20751: 1399, 20752: 1502, 20754: 44206, 20757: 1161, 20758: 1012, 20759: 62344, 20761: 1482, 20762: 75453, 20763: 63099, 20764: 1084, 20765: 63099, 20766: 63099, 20768: 184, 20769: 395, 20770: 77145, 20773: 70500, 20774: 1154, 20775: 69990, 20777: 1391, 20778: 70500, 20779: 1399, 20781: 1457, 20782: 49332, 20784: 57290, 20785: 2048, 20786: 70500, 20789: 1347, 20790: 58543, 20791: 70342, 20792: 46793, 20793: 146, 20794: 49332, 20795: 59008, 20796: 1188, 20797: 75421, 20798: 13699, 20799: 70373, 20800: 1482, 20802: 69242, 20803: 85710, 20804: 57309, 20805: 69242, 20806: 1391, 20807: 72051, 20808: 82067, 20809: 1291, 20810: 63099, 20811: 57070, 20813: 48266, 20814: 1482, 20815: 85687, 20816: 57455, 20817: 85687, 20818: 1391, 20819: 1502, 20820: 1167, 20821: 1116, 20822: 85687, 20823: 46494, 20824: 57417, 20825: 75453, 20826: 75379, 20827: 46494, 20828: 184, 20829: 67720, 20831: 57290, 20832: 57639, 20833: 1291, 20834: 728, 20835: 1502, 20836: 1583, 20837: 57070, 20838: 57070, 20840: 2048, 20841: 1412, 20842: 1357, 20843: 226, 20844: 57455, 20845: 65877, 20846: 1300, 20850: 65877, 20852: 90927, 20853: 51797, 20854: 72051, 20856: 46793, 20858: 48266, 20859: 82070, 20860: 63882, 20861: 63882, 20862: 82070, 20863: 82070, 20864: 395, 20872: 953, 20873: 395, 20874: 0, 20875: 91053, 20876: 683, 20877: 83288, 20881: 75379, 20883: 75453, 20884: 57972, 20885: 59008, 20886: 64727, 20887: 1540, 20888: 82070, 20889: 683, 20890: 64727, 20891: 1391, 20892: 82070, 20894: 85669, 20895: 64790, 20897: 1540, 20900: 1457, 20901: 75379, 20902: 72039, 20904: 63099, 20905: 522, 20906: 765, 20907: 1188, 20909: 65877, 20910: 182, 20911: 849, 20913: 72051, 20916: 85669, 20917: 87001, 20918: 73383, 20919: 63882, 20921: 58543, 20922: 82070, 20923: 690, 20925: 1294, 20926: 85700, 20928: 1300, 20929: 51797, 20930: 61726, 20931: 51797, 20932: 1288, 20933: 57290, 20934: 63099, 20935: 82070, 20936: 91053, 20937: 1399, 20938: 1193, 20939: 1502, 20940: 1223, 20941: 72039, 20942: 1399, 20943: 69985, 20944: 1193, 20948: 83288, 20949: 1193, 20950: 87001, 20951: 1300, 20953: 64727, 20954: 68173, 20955: 1457, 20956: 57639, 20958: 57639, 20959: 65877, 20960: 54448, 20961: 1012, 20962: 1300, 20963: 69995, 20964: 72039, 20965: 91053, 20966: 64790, 20967: 1054, 20968: 44206, 20969: 85700, 20970: 57972, 20971: 63756, 20973: 85710, 20974: 59008, 20975: 1154, 20977: 85710, 20978: 63756, 20979: 0, 20980: 63756, 20981: 49332, 20982: 72039, 20983: 1054, 20985: 72039, 20986: 728, 20987: 64790, 20988: 1054, 20990: 85710, 20992: 68650, 20993: 72039, 20995: 1012, 20997: 83288, 20998: 82070, 20999: 87001, 21000: 63882, 21001: 70500, 21002: 57639, 21003: 57972, 21005: 83288, 21006: 72051, 21007: 2048, 21008: 69995, 21009: 65877, 21011: 72039, 21012: 87001, 21013: 57290, 21014: 65877, 21015: 91053, 21016: 72051, 21017: 64790, 21018: 1193, 21019: 184, 21020: 69985, 21021: 1543, 21022: 75379, 21023: 63270, 21028: 86055, 21030: 85700, 21032: 52945, 21033: 35245, 21034: 1154, 21035: 58543, 21036: 35259, 21037: 1223, 21038: 728, 21039: 63270, 21041: 85700, 21043: 67720, 21045: 1188, 21047: 86055, 21050: 83288, 21053: 1294, 21055: 82080, 21056: 1585, 21057: 1107, 21058: 1107, 21059: 395, 21060: 1107, 21061: 46494, 21062: 1502, 21063: 1014, 21064: 57381, 21065: 1543, 21066: 1188, 21067: 683, 21068: 73383, 21069: 46494, 21070: 69990, 21072: 1107, 21073: 1182, 21074: 67720, 21075: 78645, 21077: 1540, 21084: 1617, 21085: 88653, 21086: 90942, 21087: 57649, 21091: 85710, 21092: 58096, 21093: 85646, 21096: 2346, 21097: 74355, 21098: 63756, 21099: 2114, 21100: 2076, 21101: 2346, 21102: 2114, 21103: 1116, 21104: 59008, 21105: 80140, 21106: 2114, 21107: 73235, 21108: 56939, 21109: 56939, 21110: 80140, 21112: 1391, 21113: 89226, 21115: 2114, 21116: 89226, 21117: 80140, 21118: 83288, 21119: 89226, 21120: 2076, 21121: 74355, 21123: 80140, 21124: 88653, 21125: 88653, 21126: 74355, 21127: 56939, 21128: 74355, 21129: 74355, 21130: 53429, 21132: 57649, 21133: 87984, 21134: 53429, 21135: 56939, 21136: 53429, 21138: 57649, 21139: 56939, 21140: 57649, 21141: 86157, 21142: 80140, 21143: 53429, 21144: 2114, 21145: 53429, 21146: 89226, 21147: 88653, 21148: 53429, 21149: 80140, 21150: 80140, 21151: 86213, 21153: 53429, 21154: 1223, 21155: 86157, 21156: 87984, 21157: 1288, 21159: 2346, 21163: 146, 21164: 86157, 21165: 80140, 21166: 90998, 21167: 87984, 21168: 90998, 21170: 90998, 21171: 86213, 21172: 57649, 21173: 2076, 21174: 2114, 21175: 0, 21176: 2076, 21177: 87984, 21178: 88653, 21179: 56939, 21180: 2346, 21181: 57649, 21182: 86157, 21184: 87984, 21185: 0, 21186: 2076, 21187: 0, 21188: 0, 21189: 0, 21190: 63270, 21191: 184, 21192: 1223, 21193: 70500, 21194: 0, 21195: 1167, 21196: 70342, 21197: 74355, 21198: 2114, 21199: 86213, 21203: 2076, 21205: 53429, 21206: 86213, 21208: 87984, 21209: 89226, 21223: 1585, 21226: 1014, 21227: 69985, 21228: 46494, 21229: 395, 21230: 78645, 21231: 395, 21232: 1259, 21233: 683, 21234: 70342, 21235: 1259, 21236: 57381, 21237: 71117, 21238: 1543, 21239: 72051, 21240: 1107, 21241: 1347, 21244: 66626, 21249: 1012, 21262: 57070, 21265: 13699, 21271: 91053, 21279: 59008, 21280: 59008, 21288: 57290, 21290: 51797, 21298: 57639, 21303: 1347, 21304: 35259, 21305: 35259, 21306: 226, 21307: 64790, 21308: 1113, 21311: 1540, 21312: 1294, 21313: 35259, 21314: 88486, 21315: 57417, 21316: 1054, 21317: 1347, 21318: 57455, 21319: 51797, 21322: 690, 21324: 13828, 21325: 13828, 21326: 35259, 21327: 1347, 21328: 519, 21329: 78626, 21331: 72039, 21333: 57455, 21334: 57455, 21335: 226, 21336: 765, 21338: 1502, 21339: 1054, 21340: 1107, 21341: 1294, 21344: 1300, 21345: 72039, 21346: 91053, 21348: 63099, 21349: 0, 21351: 69990, 21354: 519, 21356: 90927, 21357: 75379, 21358: 184, 21363: 57257, 21366: 65941, 21369: 765, 21370: 63756, 21378: 68173, 21384: 44206, 21398: 78626, 21445: 74355, 21446: 58096, 21447: 1357, 21448: 35259, 21450: 69990, 21454: 48922, 21455: 1014, 21460: 1482, 21462: 1585, 21463: 75453, 21465: 0, 21468: 1391, 21470: 226, 21474: 686, 21475: 1012, 21477: 91896, 21478: 61726, 21479: 1107, 21480: 519, 21481: 1161, 21482: 1161, 21483: 70373, 21484: 69995, 21487: 51797, 21488: 65161, 21489: 91053, 21490: 1259, 21491: 1113, 21492: 1161, 21493: 50453, 21494: 342}",0.0,duplicado
649229.0972063332,Cruzamento,1733628507.1237342,89,"{20331: 57309, 20332: 65341, 20333: 82085, 20334: 57070, 20335: 1182, 20336: 1489, 20337: 1291, 20338: 1084, 20339: 46793, 20340: 1412, 20341: 1294, 20342: 1182, 20343: 70342, 20344: 849, 20345: 63099, 20346: 1084, 20347: 1489, 20348: 48266, 20349: 1347, 20350: 69990, 20351: 1347, 20352: 57309, 20353: 57257, 20354: 46793, 20355: 1347, 20356: 849, 20357: 1583, 20358: 2048, 20359: 1291, 20360: 765, 20361: 75421, 20362: 1489, 20363: 1412, 20364: 70342, 20365: 70171, 20366: 70171, 20367: 77145, 20368: 65341, 20369: 75453, 20370: 48266, 20371: 1347, 20372: 46793, 20373: 1617, 20378: 65341, 20379: 75421, 20380: 1489, 20381: 1182, 20383: 57257, 20384: 63099, 20385: 57257, 20386: 13699, 20387: 70342, 20388: 1084, 20389: 75421, 20392: 849, 20393: 69242, 20394: 51797, 20395: 48266, 20396: 449, 20397: 1583, 20398: 765, 20399: 44206, 20400: 46793, 20401: 1412, 20402: 48266, 20403: 184, 20404: 743, 20405: 82080, 20406: 728, 20407: 395, 20408: 449, 20409: 35259, 20410: 690, 20411: 67720, 20412: 75379, 20413: 1482, 20414: 67720, 20415: 71117, 20416: 70342, 20417: 57381, 20418: 82080, 20419: 519, 20421: 1294, 20422: 1489, 20423: 1585, 20427: 44206, 20428: 57381, 20429: 449, 20432: 1543, 20433: 449, 20434: 46494, 20436: 805, 20437: 69242, 20438: 69990, 20439: 1259, 20440: 743, 20441: 46494, 20442: 69985, 20443: 690, 20444: 82080, 20445: 805, 20446: 67720, 20447: 78645, 20449: 1012, 20450: 69995, 20451: 80479, 20452: 57455, 20453: 57455, 20454: 52945, 20455: 913, 20456: 50588, 20457: 51797, 20458: 913, 20459: 1161, 20460: 1585, 20461: 63270, 20462: 69995, 20463: 49332, 20465: 65341, 20466: 1012, 20467: 1291, 20468: 1107, 20469: 1259, 20471: 57381, 20472: 57381, 20473: 743, 20475: 72051, 20476: 1617, 20481: 1107, 20482: 75379, 20484: 52945, 20485: 75379, 20486: 54448, 20487: 449, 20488: 1188, 20489: 69990, 20490: 70342, 20491: 67720, 20492: 805, 20493: 1107, 20494: 46494, 20495: 683, 20496: 75453, 20497: 50588, 20499: 65877, 20501: 44206, 20503: 57639, 20504: 69990, 20505: 62344, 20506: 85710, 20507: 1357, 20508: 1161, 20509: 50588, 20510: 913, 20511: 85646, 20512: 70342, 20513: 1291, 20514: 64790, 20515: 913, 20517: 69995, 20518: 69995, 20519: 63270, 20520: 52945, 20521: 65161, 20522: 1161, 20523: 1259, 20524: 68173, 20525: 519, 20527: 82080, 20528: 1502, 20530: 46494, 20531: 59008, 20532: 805, 20533: 75421, 20534: 65161, 20535: 48922, 20536: 44206, 20537: 69985, 20538: 69990, 20539: 449, 20540: 690, 20541: 1617, 20542: 75958, 20543: 48922, 20544: 728, 20545: 91896, 20546: 71117, 20547: 64790, 20549: 80479, 20550: 51797, 20552: 1288, 20553: 1502, 20554: 57290, 20555: 62344, 20556: 65877, 20557: 75379, 20558: 1107, 20559: 1391, 20560: 65877, 20561: 85710, 20563: 1167, 20564: 57070, 20565: 69990, 20567: 849, 20569: 52945, 20570: 91896, 20571: 1585, 20572: 1288, 20573: 35259, 20574: 48922, 20575: 44206, 20576: 75958, 20577: 69985, 20578: 1347, 20579: 71117, 20580: 68173, 20581: 1014, 20582: 35259, 20583: 1288, 20584: 71117, 20585: 2048, 20587: 1012, 20588: 63270, 20589: 52945, 20590: 82080, 20591: 57455, 20592: 683, 20593: 805, 20594: 72051, 20595: 59008, 20596: 1347, 20597: 1585, 20599: 64727, 20600: 49332, 20601: 75379, 20602: 35245, 20605: 35245, 20606: 50588, 20607: 913, 20608: 57417, 20609: 1585, 20610: 1482, 20611: 1107, 20612: 686, 20613: 57309, 20614: 1167, 20615: 75453, 20616: 953, 20617: 61726, 20618: 85669, 20619: 1182, 20620: 1054, 20621: 1457, 20622: 849, 20624: 226, 20625: 1457, 20626: 69995, 20628: 1540, 20630: 69995, 20631: 449, 20633: 69242, 20634: 73383, 20635: 1583, 20636: 54448, 20637: 1583, 20638: 226, 20639: 1391, 20640: 52945, 20641: 85669, 20642: 62344, 20643: 1391, 20645: 52945, 20646: 85669, 20647: 57639, 20648: 686, 20650: 686, 20651: 1193, 20652: 686, 20653: 1193, 20654: 85669, 20655: 1412, 20656: 184, 20659: 1585, 20661: 69995, 20662: 70373, 20663: 913, 20669: 522, 20670: 78631, 20671: 57639, 20672: 35259, 20673: 57972, 20675: 61726, 20676: 57972, 20677: 73235, 20678: 62344, 20680: 68173, 20681: 449, 20684: 1347, 20688: 1617, 20689: 69995, 20690: 52945, 20692: 57257, 20693: 85669, 20694: 66626, 20695: 1489, 20696: 1173, 20697: 1182, 20698: 58543, 20699: 63756, 20700: 50588, 20701: 913, 20702: 1167, 20703: 54448, 20704: 66626, 20705: 75379, 20706: 1182, 20707: 70342, 20708: 46494, 20709: 1161, 20710: 1161, 20711: 1543, 20712: 0, 20713: 75421, 20714: 52945, 20715: 690, 20716: 70342, 20717: 57639, 20719: 1585, 20720: 75453, 20721: 913, 20722: 805, 20723: 51797, 20724: 80479, 20725: 85669, 20726: 46793, 20727: 78631, 20729: 1617, 20730: 88486, 20731: 48922, 20732: 1054, 20734: 1288, 20735: 57309, 20736: 1014, 20737: 73383, 20739: 35259, 20740: 57455, 20741: 686, 20742: 1167, 20743: 1116, 20744: 68650, 20746: 69990, 20747: 91053, 20748: 58096, 20749: 69990, 20750: 686, 20751: 1399, 20752: 1502, 20754: 44206, 20757: 1161, 20758: 1012, 20759: 62344, 20761: 1482, 20762: 75453, 20763: 63099, 20764: 1084, 20765: 63099, 20766: 63099, 20768: 184, 20769: 395, 20770: 77145, 20773: 70500, 20774: 1154, 20775: 69990, 20777: 1391, 20778: 70500, 20779: 1399, 20781: 1457, 20782: 49332, 20784: 57290, 20785: 2048, 20786: 70500, 20789: 1347, 20790: 58543, 20791: 70342, 20792: 46793, 20793: 146, 20794: 49332, 20795: 59008, 20796: 1188, 20797: 75421, 20798: 13699, 20799: 70373, 20800: 1482, 20802: 69242, 20803: 85710, 20804: 57309, 20805: 69242, 20806: 1391, 20807: 72051, 20808: 82067, 20809: 1291, 20810: 63099, 20811: 57070, 20813: 48266, 20814: 1482, 20815: 85687, 20816: 57455, 20817: 85687, 20818: 1391, 20819: 1502, 20820: 1167, 20821: 1116, 20822: 85687, 20823: 46494, 20824: 57417, 20825: 75453, 20826: 75379, 20827: 46494, 20828: 184, 20829: 67720, 20831: 57290, 20832: 57639, 20833: 1291, 20834: 728, 20835: 1502, 20836: 1583, 20837: 57070, 20838: 57070, 20840: 2048, 20841: 1412, 20842: 1357, 20843: 226, 20844: 57455, 20845: 65877, 20846: 1300, 20850: 65877, 20852: 90927, 20853: 51797, 20854: 72051, 20856: 46793, 20858: 48266, 20859: 82070, 20860: 63882, 20861: 63882, 20862: 82070, 20863: 82070, 20864: 395, 20872: 953, 20873: 395, 20874: 0, 20875: 91053, 20876: 683, 20877: 83288, 20881: 75379, 20883: 75453, 20884: 57972, 20885: 59008, 20886: 64727, 20887: 1540, 20888: 82070, 20889: 683, 20890: 64727, 20891: 1391, 20892: 82070, 20894: 85669, 20895: 64790, 20897: 1540, 20900: 1457, 20901: 75379, 20902: 72039, 20904: 63099, 20905: 522, 20906: 765, 20907: 1188, 20909: 65877, 20910: 182, 20911: 849, 20913: 72051, 20916: 85669, 20917: 87001, 20918: 73383, 20919: 63882, 20921: 58543, 20922: 82070, 20923: 690, 20925: 1294, 20926: 85700, 20928: 1300, 20929: 51797, 20930: 61726, 20931: 51797, 20932: 1288, 20933: 57290, 20934: 63099, 20935: 82070, 20936: 91053, 20937: 1399, 20938: 1193, 20939: 1502, 20940: 1223, 20941: 72039, 20942: 1399, 20943: 69985, 20944: 1193, 20948: 83288, 20949: 1193, 20950: 87001, 20951: 1300, 20953: 64727, 20954: 68173, 20955: 1457, 20956: 57639, 20958: 57639, 20959: 65877, 20960: 54448, 20961: 1012, 20962: 1300, 20963: 69995, 20964: 72039, 20965: 91053, 20966: 64790, 20967: 1054, 20968: 44206, 20969: 85700, 20970: 57972, 20971: 63756, 20973: 85710, 20974: 59008, 20975: 1154, 20977: 85710, 20978: 63756, 20979: 0, 20980: 63756, 20981: 49332, 20982: 72039, 20983: 1054, 20985: 72039, 20986: 728, 20987: 64790, 20988: 1054, 20990: 85710, 20992: 68650, 20993: 72039, 20995: 1012, 20997: 83288, 20998: 82070, 20999: 87001, 21000: 63882, 21001: 70500, 21002: 57639, 21003: 57972, 21005: 83288, 21006: 72051, 21007: 2048, 21008: 69995, 21009: 65877, 21011: 72039, 21012: 87001, 21013: 57290, 21014: 65877, 21015: 91053, 21016: 72051, 21017: 64790, 21018: 1193, 21019: 184, 21020: 69985, 21021: 1543, 21022: 75379, 21023: 63270, 21028: 86055, 21030: 85700, 21032: 52945, 21033: 35245, 21034: 1154, 21035: 58543, 21036: 35259, 21037: 1223, 21038: 728, 21039: 63270, 21041: 85700, 21043: 67720, 21045: 1188, 21047: 86055, 21050: 83288, 21053: 1294, 21055: 82080, 21056: 1585, 21057: 1107, 21058: 1107, 21059: 395, 21060: 1107, 21061: 46494, 21062: 1502, 21063: 1014, 21064: 57381, 21065: 1543, 21066: 1188, 21067: 683, 21068: 73383, 21069: 46494, 21070: 69990, 21072: 1107, 21073: 1182, 21074: 67720, 21075: 78645, 21077: 1540, 21084: 1617, 21085: 2114, 21086: 89226, 21087: 87984, 21091: 1012, 21092: 78631, 21093: 63270, 21096: 2114, 21097: 53429, 21098: 65941, 21099: 2114, 21100: 2076, 21101: 57649, 21102: 80140, 21103: 1457, 21104: 51797, 21105: 88653, 21106: 2346, 21107: 62344, 21108: 2346, 21109: 2114, 21110: 90942, 21112: 75379, 21113: 88653, 21115: 2346, 21116: 80140, 21117: 57649, 21118: 88486, 21119: 2076, 21120: 2076, 21121: 74355, 21123: 57649, 21124: 2076, 21125: 53429, 21126: 57649, 21127: 56939, 21128: 74355, 21129: 74355, 21130: 53429, 21132: 57649, 21133: 87984, 21134: 53429, 21135: 56939, 21136: 53429, 21138: 57649, 21139: 56939, 21140: 57649, 21141: 86157, 21142: 80140, 21143: 53429, 21144: 2114, 21145: 53429, 21146: 89226, 21147: 88653, 21148: 53429, 21149: 80140, 21150: 80140, 21151: 86213, 21153: 53429, 21154: 1223, 21155: 86157, 21156: 87984, 21157: 1288, 21159: 2346, 21163: 146, 21164: 86157, 21165: 80140, 21166: 90998, 21167: 87984, 21168: 90998, 21170: 90998, 21171: 86213, 21172: 57649, 21173: 2076, 21174: 2114, 21175: 0, 21176: 2076, 21177: 87984, 21178: 88653, 21179: 56939, 21180: 2346, 21181: 57649, 21182: 86157, 21184: 87984, 21185: 0, 21186: 2076, 21187: 0, 21188: 0, 21189: 0, 21190: 63270, 21191: 184, 21192: 1223, 21193: 70500, 21194: 0, 21195: 1167, 21196: 70342, 21197: 74355, 21198: 2114, 21199: 86213, 21203: 2076, 21205: 53429, 21206: 86213, 21208: 87984, 21209: 89226, 21223: 1585, 21226: 1014, 21227: 69985, 21228: 46494, 21229: 395, 21230: 78645, 21231: 395, 21232: 1259, 21233: 683, 21234: 70342, 21235: 1259, 21236: 57381, 21237: 71117, 21238: 1543, 21239: 72051, 21240: 1107, 21241: 1347, 21244: 66626, 21249: 1012, 21262: 57070, 21265: 13699, 21271: 91053, 21279: 59008, 21280: 59008, 21288: 57290, 21290: 51797, 21298: 57639, 21303: 1347, 21304: 35259, 21305: 35259, 21306: 226, 21307: 64790, 21308: 1113, 21311: 1540, 21312: 1294, 21313: 35259, 21314: 88486, 21315: 57417, 21316: 1054, 21317: 1347, 21318: 57455, 21319: 51797, 21322: 690, 21324: 13828, 21325: 13828, 21326: 35259, 21327: 1347, 21328: 519, 21329: 78626, 21331: 72039, 21333: 57455, 21334: 57455, 21335: 226, 21336: 765, 21338: 1502, 21339: 1054, 21340: 1107, 21341: 1294, 21344: 1300, 21345: 72039, 21346: 91053, 21348: 63099, 21349: 0, 21351: 69990, 21354: 519, 21356: 90927, 21357: 75379, 21358: 184, 21363: 57257, 21366: 65941, 21369: 765, 21370: 63756, 21378: 68173, 21384: 44206, 21398: 78626, 21445: 74355, 21446: 58096, 21447: 1357, 21448: 35259, 21450: 69990, 21454: 48922, 21455: 1014, 21460: 1482, 21462: 1585, 21463: 75453, 21465: 0, 21468: 1391, 21470: 226, 21474: 686, 21475: 1012, 21477: 91896, 21478: 61726, 21479: 1107, 21480: 519, 21481: 1161, 21482: 1161, 21483: 70373, 21484: 69995, 21487: 51797, 21488: 65161, 21489: 91053, 21490: 1259, 21491: 1113, 21492: 1161, 21493: 50453, 21494: 342}",0.0,filho
649772.2834573336,Cruzamento,1733628509.884674,90,"{20331: 1084, 20332: 46793, 20333: 1489, 20334: 1412, 20335: 1294, 20336: 82085, 20337: 65341, 20338: 48266, 20339: 46793, 20340: 1412, 20341: 1294, 20342: 1182, 20343: 70342, 20344: 849, 20345: 63099, 20346: 1084, 20347: 1489, 20348: 48266, 20349: 1347, 20350: 69990, 20351: 1347, 20352: 57309, 20353: 57257, 20354: 46793, 20355: 1347, 20356: 849, 20357: 1583, 20358: 2048, 20359: 1291, 20360: 765, 20361: 75421, 20362: 1489, 20363: 1412, 20364: 70342, 20365: 70171, 20366: 70171, 20367: 77145, 20368: 65341, 20369: 75453, 20370: 48266, 20371: 1347, 20372: 46793, 20373: 1617, 20378: 65341, 20379: 75421, 20380: 1489, 20381: 1182, 20383: 57257, 20384: 63099, 20385: 57257, 20386: 13699, 20387: 70342, 20388: 1084, 20389: 75421, 20392: 849, 20393: 69242, 20394: 51797, 20395: 48266, 20396: 449, 20397: 1583, 20398: 765, 20399: 44206, 20400: 46793, 20401: 1412, 20402: 48266, 20403: 184, 20404: 743, 20405: 82080, 20406: 728, 20407: 395, 20408: 449, 20409: 35259, 20410: 690, 20411: 67720, 20412: 75379, 20413: 1482, 20414: 67720, 20415: 71117, 20416: 70342, 20417: 57381, 20418: 82080, 20419: 519, 20421: 1294, 20422: 1489, 20423: 1585, 20427: 44206, 20428: 57381, 20429: 449, 20432: 1543, 20433: 449, 20434: 46494, 20436: 805, 20437: 69242, 20438: 69990, 20439: 1259, 20440: 743, 20441: 46494, 20442: 69985, 20443: 690, 20444: 82080, 20445: 805, 20446: 67720, 20447: 78645, 20449: 1012, 20450: 69995, 20451: 80479, 20452: 57455, 20453: 57455, 20454: 52945, 20455: 913, 20456: 50588, 20457: 51797, 20458: 913, 20459: 1161, 20460: 1585, 20461: 63270, 20462: 69995, 20463: 49332, 20465: 65341, 20466: 1012, 20467: 1291, 20468: 1107, 20469: 1259, 20471: 57381, 20472: 57381, 20473: 743, 20475: 72051, 20476: 1617, 20481: 1107, 20482: 75379, 20484: 52945, 20485: 75379, 20486: 54448, 20487: 449, 20488: 1188, 20489: 69990, 20490: 70342, 20491: 67720, 20492: 805, 20493: 1107, 20494: 46494, 20495: 683, 20496: 75453, 20497: 50588, 20499: 65877, 20501: 44206, 20503: 57639, 20504: 69990, 20505: 62344, 20506: 85710, 20507: 1357, 20508: 1161, 20509: 50588, 20510: 913, 20511: 85646, 20512: 70342, 20513: 1291, 20514: 64790, 20515: 913, 20517: 69995, 20518: 69995, 20519: 63270, 20520: 52945, 20521: 65161, 20522: 1161, 20523: 1259, 20524: 68173, 20525: 519, 20527: 82080, 20528: 1502, 20530: 46494, 20531: 59008, 20532: 805, 20533: 75421, 20534: 65161, 20535: 48922, 20536: 44206, 20537: 69985, 20538: 69990, 20539: 449, 20540: 690, 20541: 1617, 20542: 75958, 20543: 48922, 20544: 728, 20545: 91896, 20546: 71117, 20547: 64790, 20549: 80479, 20550: 51797, 20552: 1288, 20553: 1502, 20554: 57290, 20555: 62344, 20556: 65877, 20557: 75379, 20558: 1107, 20559: 1391, 20560: 65877, 20561: 85710, 20563: 1167, 20564: 57070, 20565: 69990, 20567: 849, 20569: 52945, 20570: 91896, 20571: 1585, 20572: 1288, 20573: 35259, 20574: 48922, 20575: 44206, 20576: 75958, 20577: 69985, 20578: 1347, 20579: 71117, 20580: 68173, 20581: 1014, 20582: 35259, 20583: 1288, 20584: 71117, 20585: 2048, 20587: 1012, 20588: 63270, 20589: 52945, 20590: 82080, 20591: 57455, 20592: 683, 20593: 805, 20594: 72051, 20595: 59008, 20596: 1347, 20597: 1585, 20599: 64727, 20600: 49332, 20601: 75379, 20602: 35245, 20605: 35245, 20606: 50588, 20607: 913, 20608: 57417, 20609: 1585, 20610: 1482, 20611: 1107, 20612: 686, 20613: 57309, 20614: 1167, 20615: 75453, 20616: 953, 20617: 61726, 20618: 85669, 20619: 1182, 20620: 1054, 20621: 1457, 20622: 849, 20624: 226, 20625: 1457, 20626: 69995, 20628: 1540, 20630: 69995, 20631: 449, 20633: 69242, 20634: 73383, 20635: 1583, 20636: 54448, 20637: 1583, 20638: 226, 20639: 1391, 20640: 52945, 20641: 85669, 20642: 62344, 20643: 1391, 20645: 52945, 20646: 85669, 20647: 57639, 20648: 686, 20650: 686, 20651: 1193, 20652: 686, 20653: 1193, 20654: 85669, 20655: 1412, 20656: 184, 20659: 1585, 20661: 69995, 20662: 70373, 20663: 913, 20669: 522, 20670: 78631, 20671: 57639, 20672: 35259, 20673: 57972, 20675: 61726, 20676: 57972, 20677: 73235, 20678: 62344, 20680: 68173, 20681: 449, 20684: 1347, 20688: 1617, 20689: 69995, 20690: 52945, 20692: 57257, 20693: 85669, 20694: 66626, 20695: 1489, 20696: 1173, 20697: 1182, 20698: 58543, 20699: 63756, 20700: 50588, 20701: 913, 20702: 1167, 20703: 54448, 20704: 66626, 20705: 75379, 20706: 1182, 20707: 70342, 20708: 46494, 20709: 1161, 20710: 1161, 20711: 1543, 20712: 0, 20713: 75421, 20714: 52945, 20715: 690, 20716: 70342, 20717: 57639, 20719: 1585, 20720: 75453, 20721: 913, 20722: 805, 20723: 51797, 20724: 80479, 20725: 85669, 20726: 46793, 20727: 78631, 20729: 1617, 20730: 88486, 20731: 48922, 20732: 1054, 20734: 1288, 20735: 57309, 20736: 1014, 20737: 73383, 20739: 35259, 20740: 57455, 20741: 686, 20742: 1167, 20743: 1116, 20744: 68650, 20746: 69990, 20747: 91053, 20748: 58096, 20749: 69990, 20750: 686, 20751: 1399, 20752: 1502, 20754: 44206, 20757: 1161, 20758: 1012, 20759: 62344, 20761: 1482, 20762: 75453, 20763: 63099, 20764: 1084, 20765: 63099, 20766: 63099, 20768: 184, 20769: 395, 20770: 77145, 20773: 70500, 20774: 1154, 20775: 69990, 20777: 1391, 20778: 70500, 20779: 1399, 20781: 1457, 20782: 49332, 20784: 57290, 20785: 2048, 20786: 70500, 20789: 1347, 20790: 58543, 20791: 70342, 20792: 46793, 20793: 146, 20794: 49332, 20795: 59008, 20796: 1188, 20797: 75421, 20798: 13699, 20799: 70373, 20800: 1482, 20802: 69242, 20803: 85710, 20804: 57309, 20805: 69242, 20806: 1391, 20807: 72051, 20808: 82067, 20809: 1291, 20810: 63099, 20811: 57070, 20813: 48266, 20814: 1482, 20815: 85687, 20816: 57455, 20817: 85687, 20818: 1391, 20819: 1502, 20820: 1167, 20821: 1116, 20822: 85687, 20823: 46494, 20824: 57417, 20825: 75453, 20826: 75379, 20827: 46494, 20828: 184, 20829: 67720, 20831: 57290, 20832: 57639, 20833: 1291, 20834: 728, 20835: 1502, 20836: 1583, 20837: 57070, 20838: 57070, 20840: 2048, 20841: 1412, 20842: 1357, 20843: 226, 20844: 57455, 20845: 65877, 20846: 1300, 20850: 65877, 20852: 90927, 20853: 51797, 20854: 72051, 20856: 46793, 20858: 48266, 20859: 82070, 20860: 63882, 20861: 63882, 20862: 82070, 20863: 82070, 20864: 395, 20872: 953, 20873: 395, 20874: 0, 20875: 91053, 20876: 683, 20877: 83288, 20881: 75379, 20883: 75453, 20884: 57972, 20885: 59008, 20886: 64727, 20887: 1540, 20888: 82070, 20889: 683, 20890: 64727, 20891: 1391, 20892: 82070, 20894: 85669, 20895: 64790, 20897: 1540, 20900: 1457, 20901: 75379, 20902: 72039, 20904: 63099, 20905: 522, 20906: 765, 20907: 1188, 20909: 65877, 20910: 182, 20911: 849, 20913: 72051, 20916: 85669, 20917: 87001, 20918: 73383, 20919: 63882, 20921: 58543, 20922: 82070, 20923: 690, 20925: 1294, 20926: 85700, 20928: 1300, 20929: 51797, 20930: 61726, 20931: 51797, 20932: 1288, 20933: 57290, 20934: 63099, 20935: 82070, 20936: 91053, 20937: 1399, 20938: 1193, 20939: 1502, 20940: 1223, 20941: 72039, 20942: 1399, 20943: 69985, 20944: 1193, 20948: 83288, 20949: 1193, 20950: 87001, 20951: 1300, 20953: 64727, 20954: 68173, 20955: 1457, 20956: 57639, 20958: 57639, 20959: 65877, 20960: 54448, 20961: 1012, 20962: 1300, 20963: 69995, 20964: 72039, 20965: 91053, 20966: 64790, 20967: 1054, 20968: 44206, 20969: 85700, 20970: 57972, 20971: 63756, 20973: 85710, 20974: 59008, 20975: 1154, 20977: 85710, 20978: 63756, 20979: 0, 20980: 63756, 20981: 49332, 20982: 72039, 20983: 1054, 20985: 72039, 20986: 728, 20987: 64790, 20988: 1054, 20990: 85710, 20992: 68650, 20993: 72039, 20995: 1012, 20997: 83288, 20998: 82070, 20999: 87001, 21000: 63882, 21001: 70500, 21002: 57639, 21003: 57972, 21005: 83288, 21006: 72051, 21007: 2048, 21008: 69995, 21009: 65877, 21011: 72039, 21012: 87001, 21013: 57290, 21014: 65877, 21015: 91053, 21016: 72051, 21017: 64790, 21018: 1193, 21019: 184, 21020: 69985, 21021: 1543, 21022: 75379, 21023: 63270, 21028: 86055, 21030: 85700, 21032: 52945, 21033: 35245, 21034: 1154, 21035: 58543, 21036: 35259, 21037: 1223, 21038: 728, 21039: 63270, 21041: 85700, 21043: 67720, 21045: 1188, 21047: 86055, 21050: 83288, 21053: 1294, 21055: 82080, 21056: 1585, 21057: 1107, 21058: 1107, 21059: 395, 21060: 1107, 21061: 46494, 21062: 1502, 21063: 1014, 21064: 57381, 21065: 1543, 21066: 1188, 21067: 683, 21068: 73383, 21069: 46494, 21070: 69990, 21072: 1107, 21073: 1182, 21074: 67720, 21075: 78645, 21077: 1540, 21084: 1617, 21085: 88653, 21086: 90942, 21087: 57649, 21091: 85710, 21092: 58096, 21093: 85646, 21096: 2346, 21097: 74355, 21098: 63756, 21099: 2114, 21100: 2076, 21101: 2346, 21102: 2114, 21103: 1116, 21104: 59008, 21105: 80140, 21106: 2114, 21107: 73235, 21108: 56939, 21109: 56939, 21110: 80140, 21112: 1391, 21113: 89226, 21115: 2114, 21116: 89226, 21117: 80140, 21118: 83288, 21119: 89226, 21120: 2076, 21121: 74355, 21123: 80140, 21124: 88653, 21125: 88653, 21126: 74355, 21127: 56939, 21128: 74355, 21129: 74355, 21130: 53429, 21132: 57649, 21133: 87984, 21134: 53429, 21135: 56939, 21136: 53429, 21138: 57649, 21139: 56939, 21140: 57649, 21141: 86157, 21142: 80140, 21143: 53429, 21144: 2114, 21145: 53429, 21146: 89226, 21147: 88653, 21148: 53429, 21149: 80140, 21150: 80140, 21151: 86213, 21153: 53429, 21154: 1223, 21155: 86157, 21156: 87984, 21157: 1288, 21159: 2346, 21163: 146, 21164: 86157, 21165: 80140, 21166: 90998, 21167: 87984, 21168: 90998, 21170: 90998, 21171: 86213, 21172: 57649, 21173: 2076, 21174: 2114, 21175: 0, 21176: 2076, 21177: 87984, 21178: 88653, 21179: 56939, 21180: 2346, 21181: 57649, 21182: 86157, 21184: 87984, 21185: 0, 21186: 2076, 21187: 0, 21188: 0, 21189: 0, 21190: 63270, 21191: 184, 21192: 1223, 21193: 70500, 21194: 0, 21195: 1167, 21196: 70342, 21197: 74355, 21198: 2114, 21199: 86213, 21203: 2076, 21205: 53429, 21206: 86213, 21208: 87984, 21209: 89226, 21223: 1585, 21226: 1014, 21227: 69985, 21228: 46494, 21229: 395, 21230: 78645, 21231: 395, 21232: 1259, 21233: 683, 21234: 70342, 21235: 1259, 21236: 57381, 21237: 71117, 21238: 1543, 21239: 72051, 21240: 1107, 21241: 1347, 21244: 66626, 21249: 1012, 21262: 57070, 21265: 13699, 21271: 91053, 21279: 59008, 21280: 59008, 21288: 57290, 21290: 51797, 21298: 57639, 21303: 1347, 21304: 35259, 21305: 35259, 21306: 226, 21307: 64790, 21308: 1113, 21311: 1540, 21312: 1294, 21313: 35259, 21314: 88486, 21315: 57417, 21316: 1054, 21317: 1347, 21318: 57455, 21319: 51797, 21322: 690, 21324: 13828, 21325: 13828, 21326: 35259, 21327: 1347, 21328: 519, 21329: 78626, 21331: 72039, 21333: 57455, 21334: 57455, 21335: 226, 21336: 765, 21338: 1502, 21339: 1054, 21340: 1107, 21341: 1294, 21344: 1300, 21345: 72039, 21346: 91053, 21348: 63099, 21349: 0, 21351: 69990, 21354: 519, 21356: 90927, 21357: 75379, 21358: 184, 21363: 57257, 21366: 65941, 21369: 765, 21370: 63756, 21378: 68173, 21384: 44206, 21398: 78626, 21445: 74355, 21446: 62344, 21447: 1347, 21448: 67720, 21450: 1014, 21454: 68173, 21455: 683, 21460: 0, 21462: 82080, 21463: 75453, 21465: 0, 21468: 1391, 21470: 226, 21474: 686, 21475: 1012, 21477: 91896, 21478: 61726, 21479: 1107, 21480: 519, 21481: 1161, 21482: 1161, 21483: 70373, 21484: 69995, 21487: 51797, 21488: 65161, 21489: 91053, 21490: 1259, 21491: 1113, 21492: 1161, 21493: 50453, 21494: 342}",0.0,duplicado
653956.3345229997,Cruzamento,1733628509.884674,90,"{20331: 1084, 20332: 46793, 20333: 1489, 20334: 1412, 20335: 1294, 20336: 82085, 20337: 65341, 20338: 48266, 20339: 46793, 20340: 1412, 20341: 1294, 20342: 1182, 20343: 70342, 20344: 849, 20345: 63099, 20346: 1084, 20347: 1489, 20348: 48266, 20349: 1347, 20350: 69990, 20351: 1347, 20352: 57309, 20353: 57257, 20354: 46793, 20355: 1347, 20356: 849, 20357: 1583, 20358: 2048, 20359: 1291, 20360: 765, 20361: 75421, 20362: 1489, 20363: 1412, 20364: 70342, 20365: 70171, 20366: 70171, 20367: 77145, 20368: 65341, 20369: 75453, 20370: 48266, 20371: 1347, 20372: 46793, 20373: 1617, 20378: 65341, 20379: 75421, 20380: 1489, 20381: 1182, 20383: 57257, 20384: 63099, 20385: 57257, 20386: 13699, 20387: 70342, 20388: 1084, 20389: 75421, 20392: 849, 20393: 69242, 20394: 51797, 20395: 48266, 20396: 449, 20397: 1583, 20398: 765, 20399: 44206, 20400: 46793, 20401: 1412, 20402: 48266, 20403: 184, 20404: 743, 20405: 82080, 20406: 728, 20407: 395, 20408: 449, 20409: 35259, 20410: 690, 20411: 67720, 20412: 75379, 20413: 1482, 20414: 67720, 20415: 71117, 20416: 70342, 20417: 57381, 20418: 82080, 20419: 519, 20421: 1294, 20422: 1489, 20423: 1585, 20427: 44206, 20428: 57381, 20429: 449, 20432: 1543, 20433: 449, 20434: 46494, 20436: 805, 20437: 69242, 20438: 69990, 20439: 1259, 20440: 743, 20441: 46494, 20442: 69985, 20443: 690, 20444: 82080, 20445: 805, 20446: 67720, 20447: 78645, 20449: 1012, 20450: 69995, 20451: 80479, 20452: 57455, 20453: 57455, 20454: 52945, 20455: 913, 20456: 50588, 20457: 51797, 20458: 913, 20459: 1161, 20460: 1585, 20461: 63270, 20462: 69995, 20463: 49332, 20465: 65341, 20466: 1012, 20467: 1291, 20468: 1107, 20469: 1259, 20471: 57381, 20472: 57381, 20473: 743, 20475: 72051, 20476: 1617, 20481: 1107, 20482: 75379, 20484: 52945, 20485: 75379, 20486: 54448, 20487: 449, 20488: 1188, 20489: 69990, 20490: 70342, 20491: 67720, 20492: 805, 20493: 1107, 20494: 46494, 20495: 683, 20496: 75453, 20497: 50588, 20499: 65877, 20501: 44206, 20503: 57639, 20504: 69990, 20505: 62344, 20506: 85710, 20507: 1357, 20508: 1161, 20509: 50588, 20510: 913, 20511: 85646, 20512: 70342, 20513: 1291, 20514: 64790, 20515: 913, 20517: 69995, 20518: 69995, 20519: 63270, 20520: 52945, 20521: 65161, 20522: 1161, 20523: 1259, 20524: 68173, 20525: 519, 20527: 82080, 20528: 1502, 20530: 46494, 20531: 59008, 20532: 805, 20533: 75421, 20534: 65161, 20535: 48922, 20536: 44206, 20537: 69985, 20538: 69990, 20539: 449, 20540: 690, 20541: 1617, 20542: 75958, 20543: 48922, 20544: 728, 20545: 91896, 20546: 71117, 20547: 64790, 20549: 80479, 20550: 51797, 20552: 1288, 20553: 1502, 20554: 57290, 20555: 62344, 20556: 65877, 20557: 75379, 20558: 1107, 20559: 1391, 20560: 65877, 20561: 85710, 20563: 1167, 20564: 57070, 20565: 69990, 20567: 849, 20569: 52945, 20570: 91896, 20571: 1585, 20572: 1288, 20573: 35259, 20574: 48922, 20575: 44206, 20576: 75958, 20577: 69985, 20578: 1347, 20579: 71117, 20580: 68173, 20581: 1014, 20582: 35259, 20583: 1288, 20584: 71117, 20585: 2048, 20587: 1012, 20588: 63270, 20589: 52945, 20590: 82080, 20591: 57455, 20592: 683, 20593: 805, 20594: 72051, 20595: 59008, 20596: 1347, 20597: 1585, 20599: 64727, 20600: 49332, 20601: 75379, 20602: 35245, 20605: 35245, 20606: 50588, 20607: 913, 20608: 57417, 20609: 1585, 20610: 1482, 20611: 1107, 20612: 686, 20613: 57309, 20614: 1167, 20615: 75453, 20616: 953, 20617: 61726, 20618: 85669, 20619: 1182, 20620: 1054, 20621: 1457, 20622: 849, 20624: 226, 20625: 1457, 20626: 69995, 20628: 1540, 20630: 69995, 20631: 449, 20633: 69242, 20634: 73383, 20635: 1583, 20636: 54448, 20637: 1583, 20638: 226, 20639: 1391, 20640: 52945, 20641: 85669, 20642: 62344, 20643: 1391, 20645: 52945, 20646: 85669, 20647: 57639, 20648: 686, 20650: 686, 20651: 1193, 20652: 58096, 20653: 1391, 20654: 953, 20655: 1482, 20656: 1084, 20659: 70342, 20661: 64727, 20662: 57309, 20663: 1161, 20669: 69242, 20670: 65877, 20671: 1540, 20672: 57972, 20673: 57639, 20675: 78631, 20676: 78631, 20677: 61726, 20678: 75379, 20680: 69990, 20681: 1188, 20684: 1543, 20688: 805, 20689: 50588, 20690: 64727, 20692: 1182, 20693: 58096, 20694: 913, 20695: 75453, 20696: 75379, 20697: 184, 20698: 85669, 20699: 63756, 20700: 50588, 20701: 913, 20702: 1167, 20703: 54448, 20704: 66626, 20705: 75379, 20706: 1182, 20707: 70342, 20708: 46494, 20709: 1161, 20710: 1161, 20711: 1543, 20712: 0, 20713: 75421, 20714: 52945, 20715: 690, 20716: 70342, 20717: 57639, 20719: 1585, 20720: 75453, 20721: 913, 20722: 805, 20723: 51797, 20724: 80479, 20725: 85669, 20726: 46793, 20727: 78631, 20729: 1617, 20730: 88486, 20731: 48922, 20732: 1054, 20734: 1288, 20735: 57309, 20736: 1014, 20737: 73383, 20739: 35259, 20740: 57455, 20741: 686, 20742: 1167, 20743: 1116, 20744: 68650, 20746: 69990, 20747: 91053, 20748: 58096, 20749: 69990, 20750: 686, 20751: 1399, 20752: 1502, 20754: 44206, 20757: 1161, 20758: 1012, 20759: 62344, 20761: 1482, 20762: 75453, 20763: 63099, 20764: 1084, 20765: 63099, 20766: 63099, 20768: 184, 20769: 395, 20770: 77145, 20773: 70500, 20774: 1154, 20775: 69990, 20777: 1391, 20778: 70500, 20779: 1399, 20781: 1457, 20782: 49332, 20784: 57290, 20785: 2048, 20786: 70500, 20789: 1347, 20790: 58543, 20791: 70342, 20792: 46793, 20793: 146, 20794: 49332, 20795: 59008, 20796: 1188, 20797: 75421, 20798: 13699, 20799: 70373, 20800: 1482, 20802: 69242, 20803: 85710, 20804: 57309, 20805: 69242, 20806: 1391, 20807: 72051, 20808: 82067, 20809: 1291, 20810: 63099, 20811: 57070, 20813: 48266, 20814: 1482, 20815: 85687, 20816: 57455, 20817: 85687, 20818: 1391, 20819: 1502, 20820: 1167, 20821: 1116, 20822: 85687, 20823: 46494, 20824: 57417, 20825: 75453, 20826: 75379, 20827: 46494, 20828: 184, 20829: 67720, 20831: 57290, 20832: 57639, 20833: 1291, 20834: 728, 20835: 1502, 20836: 1583, 20837: 57070, 20838: 57070, 20840: 2048, 20841: 1412, 20842: 1357, 20843: 226, 20844: 57455, 20845: 65877, 20846: 1300, 20850: 65877, 20852: 90927, 20853: 51797, 20854: 72051, 20856: 46793, 20858: 48266, 20859: 82070, 20860: 63882, 20861: 63882, 20862: 82070, 20863: 82070, 20864: 395, 20872: 953, 20873: 395, 20874: 0, 20875: 91053, 20876: 683, 20877: 83288, 20881: 75379, 20883: 75453, 20884: 57972, 20885: 59008, 20886: 64727, 20887: 1540, 20888: 82070, 20889: 683, 20890: 64727, 20891: 1391, 20892: 82070, 20894: 85669, 20895: 64790, 20897: 1540, 20900: 1457, 20901: 75379, 20902: 72039, 20904: 63099, 20905: 522, 20906: 765, 20907: 1188, 20909: 65877, 20910: 182, 20911: 849, 20913: 72051, 20916: 85669, 20917: 87001, 20918: 73383, 20919: 63882, 20921: 58543, 20922: 82070, 20923: 690, 20925: 1294, 20926: 85700, 20928: 1300, 20929: 51797, 20930: 61726, 20931: 51797, 20932: 1288, 20933: 57290, 20934: 63099, 20935: 82070, 20936: 91053, 20937: 1399, 20938: 1193, 20939: 1502, 20940: 1223, 20941: 72039, 20942: 1399, 20943: 69985, 20944: 1193, 20948: 83288, 20949: 1193, 20950: 87001, 20951: 1300, 20953: 64727, 20954: 68173, 20955: 1457, 20956: 57639, 20958: 57639, 20959: 65877, 20960: 54448, 20961: 1012, 20962: 1300, 20963: 69995, 20964: 72039, 20965: 91053, 20966: 64790, 20967: 1054, 20968: 44206, 20969: 85700, 20970: 57972, 20971: 63756, 20973: 85710, 20974: 59008, 20975: 1154, 20977: 85710, 20978: 63756, 20979: 0, 20980: 63756, 20981: 49332, 20982: 72039, 20983: 1054, 20985: 72039, 20986: 728, 20987: 64790, 20988: 1054, 20990: 85710, 20992: 68650, 20993: 72039, 20995: 1012, 20997: 83288, 20998: 82070, 20999: 87001, 21000: 63882, 21001: 70500, 21002: 57639, 21003: 57972, 21005: 83288, 21006: 72051, 21007: 2048, 21008: 69995, 21009: 65877, 21011: 72039, 21012: 87001, 21013: 57290, 21014: 65877, 21015: 91053, 21016: 72051, 21017: 64790, 21018: 1193, 21019: 184, 21020: 69985, 21021: 1543, 21022: 75379, 21023: 63270, 21028: 86055, 21030: 85700, 21032: 52945, 21033: 35245, 21034: 1154, 21035: 58543, 21036: 35259, 21037: 1223, 21038: 728, 21039: 63270, 21041: 85700, 21043: 67720, 21045: 1188, 21047: 86055, 21050: 83288, 21053: 1294, 21055: 82080, 21056: 1585, 21057: 1107, 21058: 1107, 21059: 395, 21060: 1107, 21061: 46494, 21062: 1502, 21063: 1014, 21064: 57381, 21065: 1543, 21066: 1188, 21067: 683, 21068: 73383, 21069: 46494, 21070: 69990, 21072: 1107, 21073: 1182, 21074: 67720, 21075: 78645, 21077: 1540, 21084: 1617, 21085: 88653, 21086: 90942, 21087: 57649, 21091: 85710, 21092: 58096, 21093: 85646, 21096: 2346, 21097: 74355, 21098: 63756, 21099: 2114, 21100: 2076, 21101: 2346, 21102: 2114, 21103: 1116, 21104: 59008, 21105: 80140, 21106: 2114, 21107: 73235, 21108: 56939, 21109: 56939, 21110: 80140, 21112: 1391, 21113: 89226, 21115: 2114, 21116: 89226, 21117: 80140, 21118: 83288, 21119: 89226, 21120: 2076, 21121: 74355, 21123: 80140, 21124: 88653, 21125: 88653, 21126: 74355, 21127: 56939, 21128: 74355, 21129: 74355, 21130: 53429, 21132: 57649, 21133: 87984, 21134: 53429, 21135: 56939, 21136: 53429, 21138: 57649, 21139: 56939, 21140: 57649, 21141: 86157, 21142: 80140, 21143: 53429, 21144: 2114, 21145: 53429, 21146: 89226, 21147: 88653, 21148: 53429, 21149: 80140, 21150: 80140, 21151: 86213, 21153: 53429, 21154: 1223, 21155: 86157, 21156: 87984, 21157: 1288, 21159: 2346, 21163: 146, 21164: 86157, 21165: 80140, 21166: 90998, 21167: 87984, 21168: 90998, 21170: 90998, 21171: 86213, 21172: 57649, 21173: 2076, 21174: 2114, 21175: 0, 21176: 2076, 21177: 87984, 21178: 88653, 21179: 56939, 21180: 2346, 21181: 57649, 21182: 86157, 21184: 87984, 21185: 0, 21186: 2076, 21187: 0, 21188: 0, 21189: 0, 21190: 63270, 21191: 184, 21192: 1223, 21193: 70500, 21194: 0, 21195: 1167, 21196: 70342, 21197: 74355, 21198: 2114, 21199: 86213, 21203: 2076, 21205: 53429, 21206: 86213, 21208: 87984, 21209: 89226, 21223: 1585, 21226: 1014, 21227: 69985, 21228: 46494, 21229: 395, 21230: 78645, 21231: 395, 21232: 1259, 21233: 683, 21234: 70342, 21235: 1259, 21236: 57381, 21237: 71117, 21238: 1543, 21239: 72051, 21240: 1107, 21241: 1347, 21244: 66626, 21249: 1012, 21262: 57070, 21265: 13699, 21271: 91053, 21279: 59008, 21280: 59008, 21288: 57290, 21290: 51797, 21298: 57639, 21303: 1347, 21304: 35259, 21305: 35259, 21306: 226, 21307: 64790, 21308: 1113, 21311: 1540, 21312: 1294, 21313: 35259, 21314: 88486, 21315: 57417, 21316: 1054, 21317: 1347, 21318: 57455, 21319: 51797, 21322: 690, 21324: 13828, 21325: 13828, 21326: 35259, 21327: 1347, 21328: 519, 21329: 78626, 21331: 72039, 21333: 57455, 21334: 57455, 21335: 226, 21336: 765, 21338: 1502, 21339: 1054, 21340: 1107, 21341: 1294, 21344: 1300, 21345: 72039, 21346: 91053, 21348: 63099, 21349: 0, 21351: 69990, 21354: 519, 21356: 90927, 21357: 75379, 21358: 184, 21363: 57257, 21366: 65941, 21369: 765, 21370: 63756, 21378: 68173, 21384: 44206, 21398: 78626, 21445: 74355, 21446: 58096, 21447: 1357, 21448: 35259, 21450: 69990, 21454: 48922, 21455: 1014, 21460: 1482, 21462: 1585, 21463: 75453, 21465: 0, 21468: 1391, 21470: 226, 21474: 686, 21475: 1012, 21477: 91896, 21478: 61726, 21479: 1107, 21480: 519, 21481: 1161, 21482: 1161, 21483: 70373, 21484: 69995, 21487: 51797, 21488: 65161, 21489: 91053, 21490: 1259, 21491: 1113, 21492: 1161, 21493: 50453, 21494: 342}",0.0,filho
646940.4468136656,Cruzamento,1733628512.58431,91,"{20331: 57309, 20332: 65341, 20333: 82085, 20334: 57070, 20335: 1182, 20336: 1489, 20337: 1291, 20338: 1084, 20339: 46793, 20340: 1412, 20341: 1294, 20342: 1182, 20343: 70342, 20344: 849, 20345: 63099, 20346: 1084, 20347: 1489, 20348: 48266, 20349: 1347, 20350: 69990, 20351: 1347, 20352: 57309, 20353: 57257, 20354: 46793, 20355: 1347, 20356: 849, 20357: 1583, 20358: 2048, 20359: 1291, 20360: 765, 20361: 75421, 20362: 1489, 20363: 1412, 20364: 70342, 20365: 70171, 20366: 70171, 20367: 77145, 20368: 65341, 20369: 75453, 20370: 48266, 20371: 1347, 20372: 46793, 20373: 1617, 20378: 65341, 20379: 75421, 20380: 1489, 20381: 1182, 20383: 57257, 20384: 63099, 20385: 57257, 20386: 13699, 20387: 70342, 20388: 1084, 20389: 75421, 20392: 849, 20393: 69242, 20394: 51797, 20395: 48266, 20396: 449, 20397: 1583, 20398: 765, 20399: 44206, 20400: 46793, 20401: 1412, 20402: 48266, 20403: 184, 20404: 743, 20405: 82080, 20406: 728, 20407: 395, 20408: 449, 20409: 35259, 20410: 690, 20411: 67720, 20412: 75379, 20413: 1482, 20414: 67720, 20415: 71117, 20416: 70342, 20417: 57381, 20418: 82080, 20419: 519, 20421: 1294, 20422: 1489, 20423: 1585, 20427: 44206, 20428: 57381, 20429: 449, 20432: 1543, 20433: 449, 20434: 46494, 20436: 805, 20437: 69242, 20438: 69990, 20439: 1259, 20440: 743, 20441: 46494, 20442: 69985, 20443: 690, 20444: 82080, 20445: 805, 20446: 67720, 20447: 78645, 20449: 1012, 20450: 69995, 20451: 80479, 20452: 57455, 20453: 57455, 20454: 52945, 20455: 913, 20456: 50588, 20457: 51797, 20458: 913, 20459: 1161, 20460: 1585, 20461: 63270, 20462: 69995, 20463: 49332, 20465: 65341, 20466: 1012, 20467: 1291, 20468: 1107, 20469: 1259, 20471: 57381, 20472: 57381, 20473: 743, 20475: 72051, 20476: 1617, 20481: 1107, 20482: 75379, 20484: 52945, 20485: 75379, 20486: 54448, 20487: 449, 20488: 1188, 20489: 69990, 20490: 70342, 20491: 67720, 20492: 805, 20493: 1107, 20494: 46494, 20495: 683, 20496: 75453, 20497: 50588, 20499: 65877, 20501: 44206, 20503: 57639, 20504: 69990, 20505: 62344, 20506: 85710, 20507: 1357, 20508: 1161, 20509: 50588, 20510: 913, 20511: 85646, 20512: 70342, 20513: 1291, 20514: 64790, 20515: 913, 20517: 69995, 20518: 69995, 20519: 63270, 20520: 52945, 20521: 65161, 20522: 1161, 20523: 1259, 20524: 68173, 20525: 519, 20527: 82080, 20528: 1502, 20530: 46494, 20531: 59008, 20532: 805, 20533: 75421, 20534: 65161, 20535: 48922, 20536: 44206, 20537: 69985, 20538: 69990, 20539: 449, 20540: 690, 20541: 1617, 20542: 75958, 20543: 48922, 20544: 728, 20545: 91896, 20546: 71117, 20547: 64790, 20549: 80479, 20550: 51797, 20552: 1288, 20553: 1502, 20554: 57290, 20555: 62344, 20556: 65877, 20557: 75379, 20558: 1107, 20559: 1391, 20560: 65877, 20561: 85710, 20563: 1167, 20564: 57070, 20565: 69990, 20567: 849, 20569: 52945, 20570: 91896, 20571: 1585, 20572: 1288, 20573: 35259, 20574: 48922, 20575: 44206, 20576: 75958, 20577: 69985, 20578: 1347, 20579: 71117, 20580: 68173, 20581: 1014, 20582: 35259, 20583: 1288, 20584: 71117, 20585: 2048, 20587: 1012, 20588: 63270, 20589: 52945, 20590: 82080, 20591: 57455, 20592: 683, 20593: 805, 20594: 72051, 20595: 59008, 20596: 1347, 20597: 1585, 20599: 64727, 20600: 49332, 20601: 75379, 20602: 35245, 20605: 35245, 20606: 50588, 20607: 913, 20608: 57417, 20609: 1585, 20610: 1482, 20611: 1107, 20612: 686, 20613: 57309, 20614: 1167, 20615: 75453, 20616: 953, 20617: 61726, 20618: 85669, 20619: 1182, 20620: 1054, 20621: 1457, 20622: 849, 20624: 226, 20625: 1457, 20626: 69995, 20628: 1540, 20630: 69995, 20631: 449, 20633: 69242, 20634: 73383, 20635: 1583, 20636: 54448, 20637: 1583, 20638: 226, 20639: 1391, 20640: 52945, 20641: 85669, 20642: 62344, 20643: 1391, 20645: 52945, 20646: 85669, 20647: 57639, 20648: 686, 20650: 686, 20651: 1193, 20652: 686, 20653: 1193, 20654: 85669, 20655: 1412, 20656: 184, 20659: 1585, 20661: 69995, 20662: 70373, 20663: 913, 20669: 522, 20670: 78631, 20671: 57639, 20672: 35259, 20673: 57972, 20675: 61726, 20676: 57972, 20677: 73235, 20678: 62344, 20680: 68173, 20681: 449, 20684: 1347, 20688: 1617, 20689: 69995, 20690: 52945, 20692: 57257, 20693: 85669, 20694: 66626, 20695: 1489, 20696: 1173, 20697: 1182, 20698: 58543, 20699: 63756, 20700: 50588, 20701: 913, 20702: 1167, 20703: 54448, 20704: 66626, 20705: 75379, 20706: 1182, 20707: 70342, 20708: 46494, 20709: 1161, 20710: 1161, 20711: 1543, 20712: 0, 20713: 75421, 20714: 52945, 20715: 690, 20716: 70342, 20717: 57639, 20719: 1585, 20720: 75453, 20721: 913, 20722: 805, 20723: 51797, 20724: 80479, 20725: 85669, 20726: 46793, 20727: 78631, 20729: 1617, 20730: 88486, 20731: 48922, 20732: 1054, 20734: 1288, 20735: 57309, 20736: 1014, 20737: 73383, 20739: 35259, 20740: 57455, 20741: 686, 20742: 1167, 20743: 1116, 20744: 68650, 20746: 69990, 20747: 91053, 20748: 58096, 20749: 69990, 20750: 686, 20751: 1012, 20752: 190, 20754: 743, 20757: 1585, 20758: 54448, 20759: 57639, 20761: 70373, 20762: 1084, 20763: 63099, 20764: 1617, 20765: 1347, 20766: 70373, 20768: 0, 20769: 519, 20770: 77145, 20773: 1347, 20774: 57290, 20775: 58096, 20777: 1182, 20778: 2048, 20779: 70500, 20781: 57290, 20782: 67720, 20784: 57070, 20785: 57070, 20786: 1167, 20789: 728, 20790: 58543, 20791: 184, 20792: 82085, 20793: 70500, 20794: 49332, 20795: 69242, 20796: 68650, 20797: 2048, 20798: 70373, 20799: 69242, 20800: 1482, 20802: 57381, 20803: 68650, 20804: 68650, 20805: 13699, 20806: 58543, 20807: 57381, 20808: 85687, 20809: 58096, 20810: 46793, 20811: 48266, 20813: 49332, 20814: 49332, 20815: 82067, 20816: 57309, 20817: 82067, 20818: 58096, 20819: 1502, 20820: 85669, 20821: 78631, 20822: 1399, 20823: 1014, 20824: 226, 20825: 849, 20826: 85710, 20827: 62344, 20828: 63270, 20829: 1259, 20831: 1391, 20832: 1399, 20833: 1617, 20834: 86055, 20835: 62344, 20836: 849, 20837: 0, 20838: 1347, 20840: 1583, 20841: 57455, 20842: 83288, 20843: 57290, 20844: 1482, 20845: 57639, 20846: 1223, 20850: 87001, 20852: 57309, 20853: 1457, 20854: 1585, 20856: 686, 20858: 70373, 20859: 82070, 20860: 63882, 20861: 63882, 20862: 82070, 20863: 82070, 20864: 395, 20872: 953, 20873: 226, 20874: 0, 20875: 64727, 20876: 805, 20877: 63882, 20881: 64727, 20883: 70500, 20884: 82070, 20885: 1391, 20886: 67720, 20887: 1457, 20888: 82070, 20889: 1502, 20890: 91053, 20891: 1391, 20892: 72039, 20894: 765, 20895: 44206, 20897: 85669, 20900: 1167, 20901: 68650, 20902: 83288, 20904: 1188, 20905: 73383, 20906: 849, 20907: 1188, 20909: 65877, 20910: 72051, 20911: 1107, 20913: 73383, 20916: 1116, 20917: 84328, 20918: 69990, 20919: 84328, 20921: 63099, 20922: 82070, 20923: 57381, 20925: 1294, 20926: 65941, 20928: 1300, 20929: 51797, 20930: 0, 20931: 1223, 20932: 64790, 20933: 743, 20934: 1193, 20935: 63882, 20936: 65941, 20937: 67720, 20938: 1193, 20939: 395, 20940: 65161, 20941: 87001, 20942: 75379, 20943: 57290, 20944: 59008, 20948: 65877, 20949: 1193, 20950: 63882, 20951: 64790, 20953: 64727, 20954: 48922, 20955: 1116, 20956: 58096, 20958: 63756, 20959: 87001, 20960: 1399, 20961: 1502, 20962: 184, 20963: 146, 20964: 72039, 20965: 65941, 20966: 59008, 20967: 85710, 20968: 75453, 20969: 1300, 20970: 72039, 20971: 59008, 20973: 1054, 20974: 63756, 20975: 58096, 20977: 1399, 20978: 1502, 20979: 1193, 20980: 63756, 20981: 57070, 20982: 83288, 20983: 57972, 20985: 83288, 20986: 1167, 20987: 0, 20988: 63756, 20990: 57972, 20992: 57417, 20993: 83288, 20995: 85710, 20997: 72039, 20998: 63882, 20999: 57972, 21000: 82070, 21001: 78631, 21002: 1167, 21003: 57972, 21005: 83288, 21006: 57070, 21007: 1300, 21008: 69995, 21009: 57972, 21011: 87001, 21012: 84328, 21013: 57639, 21014: 65877, 21015: 91053, 21016: 146, 21017: 85700, 21018: 35245, 21019: 63756, 21020: 68173, 21021: 1188, 21022: 63270, 21023: 1457, 21028: 86055, 21030: 85700, 21032: 54448, 21033: 728, 21034: 57417, 21035: 1399, 21036: 91896, 21037: 2048, 21038: 1457, 21039: 1300, 21041: 72051, 21043: 146, 21045: 75453, 21047: 57290, 21050: 57639, 21053: 1294, 21055: 82080, 21056: 57381, 21057: 449, 21058: 63756, 21059: 1107, 21060: 1107, 21061: 78645, 21062: 1014, 21063: 46494, 21064: 1014, 21065: 1188, 21066: 1259, 21067: 683, 21068: 72051, 21069: 72051, 21070: 57290, 21072: 71117, 21073: 69995, 21074: 1617, 21075: 78645, 21077: 1540, 21084: 67720, 21085: 88653, 21086: 90942, 21087: 57649, 21091: 85710, 21092: 58096, 21093: 85646, 21096: 2346, 21097: 74355, 21098: 63756, 21099: 2114, 21100: 2076, 21101: 2346, 21102: 2114, 21103: 1116, 21104: 59008, 21105: 80140, 21106: 2114, 21107: 73235, 21108: 56939, 21109: 56939, 21110: 80140, 21112: 1391, 21113: 89226, 21115: 2114, 21116: 89226, 21117: 80140, 21118: 83288, 21119: 89226, 21120: 2076, 21121: 74355, 21123: 80140, 21124: 88653, 21125: 88653, 21126: 74355, 21127: 56939, 21128: 74355, 21129: 74355, 21130: 53429, 21132: 57649, 21133: 87984, 21134: 53429, 21135: 56939, 21136: 53429, 21138: 57649, 21139: 56939, 21140: 57649, 21141: 86157, 21142: 80140, 21143: 53429, 21144: 2114, 21145: 53429, 21146: 89226, 21147: 88653, 21148: 53429, 21149: 80140, 21150: 80140, 21151: 86213, 21153: 53429, 21154: 1223, 21155: 86157, 21156: 87984, 21157: 1288, 21159: 2346, 21163: 146, 21164: 86157, 21165: 80140, 21166: 90998, 21167: 87984, 21168: 90998, 21170: 90998, 21171: 86213, 21172: 57649, 21173: 2076, 21174: 2114, 21175: 0, 21176: 2076, 21177: 87984, 21178: 88653, 21179: 56939, 21180: 2346, 21181: 57649, 21182: 86157, 21184: 87984, 21185: 0, 21186: 2076, 21187: 0, 21188: 0, 21189: 0, 21190: 63270, 21191: 184, 21192: 1223, 21193: 70500, 21194: 0, 21195: 1167, 21196: 70342, 21197: 74355, 21198: 2114, 21199: 86213, 21203: 2076, 21205: 53429, 21206: 86213, 21208: 87984, 21209: 89226, 21223: 1585, 21226: 1014, 21227: 69985, 21228: 46494, 21229: 395, 21230: 78645, 21231: 395, 21232: 1259, 21233: 683, 21234: 70342, 21235: 1259, 21236: 57381, 21237: 71117, 21238: 1543, 21239: 72051, 21240: 1107, 21241: 1347, 21244: 66626, 21249: 1012, 21262: 57070, 21265: 13699, 21271: 91053, 21279: 59008, 21280: 59008, 21288: 57290, 21290: 51797, 21298: 57639, 21303: 1347, 21304: 35259, 21305: 35259, 21306: 226, 21307: 64790, 21308: 1113, 21311: 1540, 21312: 1294, 21313: 35259, 21314: 88486, 21315: 57417, 21316: 1054, 21317: 1347, 21318: 57455, 21319: 51797, 21322: 690, 21324: 13828, 21325: 13828, 21326: 35259, 21327: 1347, 21328: 519, 21329: 78626, 21331: 57972, 21333: 51797, 21334: 57455, 21335: 1357, 21336: 765, 21338: 1054, 21339: 1457, 21340: 1294, 21341: 765, 21344: 1288, 21345: 0, 21346: 57309, 21348: 63099, 21349: 0, 21351: 1259, 21354: 78626, 21356: 77145, 21357: 85646, 21358: 35245, 21363: 1347, 21366: 65941, 21369: 88486, 21370: 1054, 21378: 70342, 21384: 1188, 21398: 805, 21445: 2114, 21446: 58096, 21447: 1357, 21448: 35259, 21450: 69990, 21454: 48922, 21455: 1014, 21460: 1482, 21462: 1585, 21463: 75453, 21465: 0, 21468: 1391, 21470: 226, 21474: 686, 21475: 1012, 21477: 91896, 21478: 61726, 21479: 1107, 21480: 519, 21481: 1161, 21482: 1161, 21483: 70373, 21484: 69995, 21487: 51797, 21488: 65161, 21489: 91053, 21490: 1259, 21491: 1113, 21492: 1161, 21493: 50453, 21494: 342}",0.0,invalido
651560.756606333,Cruzamento,1733628512.58431,91,"{20331: 1084, 20332: 46793, 20333: 1489, 20334: 1412, 20335: 1294, 20336: 82085, 20337: 65341, 20338: 48266, 20339: 46793, 20340: 1412, 20341: 1294, 20342: 1182, 20343: 70342, 20344: 849, 20345: 63099, 20346: 1084, 20347: 1489, 20348: 48266, 20349: 1347, 20350: 69990, 20351: 1347, 20352: 57309, 20353: 57257, 20354: 46793, 20355: 1347, 20356: 849, 20357: 1583, 20358: 2048, 20359: 1291, 20360: 765, 20361: 75421, 20362: 1489, 20363: 1412, 20364: 70342, 20365: 70171, 20366: 70171, 20367: 77145, 20368: 65341, 20369: 75453, 20370: 48266, 20371: 1347, 20372: 46793, 20373: 1617, 20378: 65341, 20379: 75421, 20380: 1489, 20381: 1182, 20383: 57257, 20384: 63099, 20385: 57257, 20386: 13699, 20387: 70342, 20388: 1084, 20389: 75421, 20392: 849, 20393: 69242, 20394: 51797, 20395: 48266, 20396: 449, 20397: 1583, 20398: 765, 20399: 44206, 20400: 46793, 20401: 1412, 20402: 48266, 20403: 184, 20404: 743, 20405: 82080, 20406: 728, 20407: 395, 20408: 449, 20409: 35259, 20410: 690, 20411: 67720, 20412: 75379, 20413: 1482, 20414: 67720, 20415: 71117, 20416: 70342, 20417: 57381, 20418: 82080, 20419: 519, 20421: 1294, 20422: 1489, 20423: 1585, 20427: 44206, 20428: 57381, 20429: 449, 20432: 1543, 20433: 449, 20434: 46494, 20436: 805, 20437: 69242, 20438: 69990, 20439: 1259, 20440: 743, 20441: 46494, 20442: 69985, 20443: 690, 20444: 82080, 20445: 805, 20446: 67720, 20447: 78645, 20449: 1012, 20450: 69995, 20451: 80479, 20452: 57455, 20453: 57455, 20454: 52945, 20455: 913, 20456: 50588, 20457: 51797, 20458: 913, 20459: 1161, 20460: 1585, 20461: 63270, 20462: 69995, 20463: 49332, 20465: 65341, 20466: 1012, 20467: 1291, 20468: 1107, 20469: 1259, 20471: 57381, 20472: 57381, 20473: 743, 20475: 72051, 20476: 1617, 20481: 1107, 20482: 75379, 20484: 52945, 20485: 75379, 20486: 54448, 20487: 449, 20488: 1188, 20489: 69990, 20490: 70342, 20491: 67720, 20492: 805, 20493: 1107, 20494: 46494, 20495: 683, 20496: 75453, 20497: 50588, 20499: 65877, 20501: 44206, 20503: 57639, 20504: 69990, 20505: 62344, 20506: 85710, 20507: 1357, 20508: 1161, 20509: 50588, 20510: 913, 20511: 85646, 20512: 70342, 20513: 1291, 20514: 64790, 20515: 913, 20517: 69995, 20518: 69995, 20519: 63270, 20520: 52945, 20521: 65161, 20522: 1161, 20523: 1259, 20524: 68173, 20525: 519, 20527: 82080, 20528: 1502, 20530: 46494, 20531: 59008, 20532: 805, 20533: 75421, 20534: 65161, 20535: 48922, 20536: 44206, 20537: 69985, 20538: 69990, 20539: 449, 20540: 690, 20541: 1617, 20542: 75958, 20543: 48922, 20544: 728, 20545: 91896, 20546: 71117, 20547: 64790, 20549: 80479, 20550: 51797, 20552: 1288, 20553: 1502, 20554: 57290, 20555: 62344, 20556: 65877, 20557: 75379, 20558: 1107, 20559: 1391, 20560: 65877, 20561: 85710, 20563: 1167, 20564: 57070, 20565: 69990, 20567: 849, 20569: 52945, 20570: 91896, 20571: 1585, 20572: 1288, 20573: 35259, 20574: 48922, 20575: 44206, 20576: 75958, 20577: 69985, 20578: 1347, 20579: 71117, 20580: 68173, 20581: 1014, 20582: 35259, 20583: 1288, 20584: 71117, 20585: 2048, 20587: 1012, 20588: 63270, 20589: 52945, 20590: 82080, 20591: 57455, 20592: 683, 20593: 805, 20594: 72051, 20595: 59008, 20596: 1347, 20597: 1585, 20599: 64727, 20600: 49332, 20601: 75379, 20602: 35245, 20605: 35245, 20606: 50588, 20607: 913, 20608: 57417, 20609: 1585, 20610: 1482, 20611: 1107, 20612: 686, 20613: 57309, 20614: 1167, 20615: 75453, 20616: 953, 20617: 61726, 20618: 85669, 20619: 1182, 20620: 1054, 20621: 1457, 20622: 849, 20624: 226, 20625: 1457, 20626: 69995, 20628: 1540, 20630: 69995, 20631: 449, 20633: 69242, 20634: 73383, 20635: 1583, 20636: 54448, 20637: 1583, 20638: 226, 20639: 1391, 20640: 52945, 20641: 85669, 20642: 62344, 20643: 1391, 20645: 52945, 20646: 85669, 20647: 57639, 20648: 686, 20650: 686, 20651: 1193, 20652: 58096, 20653: 1391, 20654: 953, 20655: 1482, 20656: 1084, 20659: 70342, 20661: 64727, 20662: 57309, 20663: 1161, 20669: 69242, 20670: 65877, 20671: 1540, 20672: 57972, 20673: 57639, 20675: 78631, 20676: 78631, 20677: 61726, 20678: 75379, 20680: 69990, 20681: 1188, 20684: 1543, 20688: 805, 20689: 50588, 20690: 64727, 20692: 1182, 20693: 58096, 20694: 913, 20695: 75453, 20696: 75379, 20697: 184, 20698: 85669, 20699: 70342, 20700: 54448, 20701: 54448, 20702: 1288, 20703: 66626, 20704: 1173, 20705: 50588, 20706: 57309, 20707: 54448, 20708: 1399, 20709: 1161, 20710: 1161, 20711: 1014, 20712: 0, 20713: 57257, 20714: 52945, 20715: 57290, 20716: 913, 20717: 58543, 20719: 54448, 20720: 75453, 20721: 1012, 20722: 46494, 20723: 1489, 20724: 80479, 20725: 78631, 20726: 46793, 20727: 62344, 20729: 48266, 20730: 1113, 20731: 743, 20732: 765, 20734: 690, 20735: 65877, 20736: 522, 20737: 44206, 20739: 65877, 20740: 1188, 20741: 1357, 20742: 1116, 20743: 78631, 20744: 69995, 20746: 69990, 20747: 57309, 20748: 1107, 20749: 57639, 20750: 849, 20751: 1399, 20752: 1502, 20754: 44206, 20757: 1161, 20758: 1012, 20759: 62344, 20761: 1482, 20762: 75453, 20763: 63099, 20764: 1084, 20765: 63099, 20766: 63099, 20768: 184, 20769: 395, 20770: 77145, 20773: 70500, 20774: 1154, 20775: 69990, 20777: 1391, 20778: 70500, 20779: 1399, 20781: 1457, 20782: 49332, 20784: 57290, 20785: 2048, 20786: 70500, 20789: 1347, 20790: 58543, 20791: 70342, 20792: 46793, 20793: 146, 20794: 49332, 20795: 59008, 20796: 1188, 20797: 75421, 20798: 13699, 20799: 70373, 20800: 1482, 20802: 69242, 20803: 85710, 20804: 57309, 20805: 69242, 20806: 1391, 20807: 72051, 20808: 82067, 20809: 1291, 20810: 63099, 20811: 57070, 20813: 48266, 20814: 1482, 20815: 85687, 20816: 57455, 20817: 85687, 20818: 1391, 20819: 1502, 20820: 1167, 20821: 1116, 20822: 85687, 20823: 46494, 20824: 57417, 20825: 75453, 20826: 75379, 20827: 46494, 20828: 184, 20829: 67720, 20831: 57290, 20832: 57639, 20833: 1291, 20834: 728, 20835: 1502, 20836: 1583, 20837: 57070, 20838: 57070, 20840: 2048, 20841: 1412, 20842: 1357, 20843: 226, 20844: 57455, 20845: 65877, 20846: 1300, 20850: 65877, 20852: 90927, 20853: 51797, 20854: 72051, 20856: 46793, 20858: 48266, 20859: 82070, 20860: 63882, 20861: 63882, 20862: 82070, 20863: 82070, 20864: 395, 20872: 953, 20873: 395, 20874: 0, 20875: 91053, 20876: 683, 20877: 83288, 20881: 75379, 20883: 75453, 20884: 57972, 20885: 59008, 20886: 64727, 20887: 1540, 20888: 82070, 20889: 683, 20890: 64727, 20891: 1391, 20892: 82070, 20894: 85669, 20895: 64790, 20897: 1540, 20900: 1457, 20901: 75379, 20902: 72039, 20904: 63099, 20905: 522, 20906: 765, 20907: 1188, 20909: 65877, 20910: 182, 20911: 849, 20913: 72051, 20916: 85669, 20917: 87001, 20918: 73383, 20919: 63882, 20921: 58543, 20922: 82070, 20923: 690, 20925: 1294, 20926: 85700, 20928: 1300, 20929: 51797, 20930: 61726, 20931: 51797, 20932: 1288, 20933: 57290, 20934: 63099, 20935: 82070, 20936: 91053, 20937: 1399, 20938: 1193, 20939: 1502, 20940: 1223, 20941: 72039, 20942: 1399, 20943: 69985, 20944: 1193, 20948: 83288, 20949: 1193, 20950: 87001, 20951: 1300, 20953: 64727, 20954: 68173, 20955: 1457, 20956: 57639, 20958: 57639, 20959: 65877, 20960: 54448, 20961: 1012, 20962: 1300, 20963: 69995, 20964: 72039, 20965: 91053, 20966: 64790, 20967: 1054, 20968: 44206, 20969: 85700, 20970: 57972, 20971: 63756, 20973: 85710, 20974: 59008, 20975: 1154, 20977: 85710, 20978: 63756, 20979: 0, 20980: 63756, 20981: 49332, 20982: 72039, 20983: 1054, 20985: 72039, 20986: 728, 20987: 64790, 20988: 1054, 20990: 85710, 20992: 68650, 20993: 72039, 20995: 1012, 20997: 83288, 20998: 82070, 20999: 87001, 21000: 63882, 21001: 70500, 21002: 57639, 21003: 57972, 21005: 83288, 21006: 72051, 21007: 2048, 21008: 69995, 21009: 65877, 21011: 72039, 21012: 87001, 21013: 57290, 21014: 65877, 21015: 91053, 21016: 72051, 21017: 64790, 21018: 1193, 21019: 184, 21020: 69985, 21021: 1543, 21022: 75379, 21023: 63270, 21028: 86055, 21030: 85700, 21032: 52945, 21033: 35245, 21034: 1154, 21035: 58543, 21036: 35259, 21037: 1223, 21038: 728, 21039: 63270, 21041: 85700, 21043: 67720, 21045: 1188, 21047: 86055, 21050: 83288, 21053: 1294, 21055: 82080, 21056: 1585, 21057: 1107, 21058: 1107, 21059: 395, 21060: 1107, 21061: 46494, 21062: 1502, 21063: 1014, 21064: 57381, 21065: 1543, 21066: 1188, 21067: 683, 21068: 73383, 21069: 46494, 21070: 69990, 21072: 1107, 21073: 1182, 21074: 67720, 21075: 78645, 21077: 1540, 21084: 1617, 21085: 2114, 21086: 89226, 21087: 87984, 21091: 1012, 21092: 78631, 21093: 63270, 21096: 2114, 21097: 53429, 21098: 65941, 21099: 2114, 21100: 2076, 21101: 57649, 21102: 80140, 21103: 1457, 21104: 51797, 21105: 88653, 21106: 2346, 21107: 62344, 21108: 2346, 21109: 2114, 21110: 90942, 21112: 75379, 21113: 88653, 21115: 2346, 21116: 80140, 21117: 57649, 21118: 88486, 21119: 2076, 21120: 2076, 21121: 74355, 21123: 57649, 21124: 2076, 21125: 53429, 21126: 57649, 21127: 56939, 21128: 74355, 21129: 74355, 21130: 53429, 21132: 57649, 21133: 87984, 21134: 53429, 21135: 56939, 21136: 53429, 21138: 57649, 21139: 56939, 21140: 57649, 21141: 86157, 21142: 80140, 21143: 53429, 21144: 2114, 21145: 53429, 21146: 89226, 21147: 88653, 21148: 53429, 21149: 80140, 21150: 80140, 21151: 86213, 21153: 53429, 21154: 1223, 21155: 86157, 21156: 87984, 21157: 1288, 21159: 2346, 21163: 146, 21164: 86157, 21165: 80140, 21166: 90998, 21167: 87984, 21168: 90998, 21170: 90998, 21171: 86213, 21172: 57649, 21173: 2076, 21174: 2114, 21175: 0, 21176: 2076, 21177: 87984, 21178: 88653, 21179: 56939, 21180: 2346, 21181: 57649, 21182: 86157, 21184: 87984, 21185: 0, 21186: 2076, 21187: 0, 21188: 0, 21189: 0, 21190: 63270, 21191: 184, 21192: 1223, 21193: 70500, 21194: 0, 21195: 1167, 21196: 70342, 21197: 74355, 21198: 2114, 21199: 86213, 21203: 2076, 21205: 53429, 21206: 86213, 21208: 87984, 21209: 89226, 21223: 1585, 21226: 1014, 21227: 69985, 21228: 46494, 21229: 395, 21230: 78645, 21231: 395, 21232: 1259, 21233: 683, 21234: 70342, 21235: 1259, 21236: 57381, 21237: 71117, 21238: 1543, 21239: 72051, 21240: 1107, 21241: 1347, 21244: 66626, 21249: 1012, 21262: 57070, 21265: 13699, 21271: 91053, 21279: 59008, 21280: 59008, 21288: 57290, 21290: 51797, 21298: 57639, 21303: 1347, 21304: 35259, 21305: 35259, 21306: 226, 21307: 64790, 21308: 1113, 21311: 1540, 21312: 1294, 21313: 35259, 21314: 88486, 21315: 57417, 21316: 1054, 21317: 1347, 21318: 57455, 21319: 51797, 21322: 690, 21324: 13828, 21325: 13828, 21326: 35259, 21327: 1347, 21328: 519, 21329: 78626, 21331: 72039, 21333: 57455, 21334: 57455, 21335: 226, 21336: 765, 21338: 1502, 21339: 1054, 21340: 1107, 21341: 1294, 21344: 1300, 21345: 72039, 21346: 91053, 21348: 63099, 21349: 0, 21351: 69990, 21354: 519, 21356: 90927, 21357: 75379, 21358: 184, 21363: 57257, 21366: 65941, 21369: 765, 21370: 63756, 21378: 68173, 21384: 44206, 21398: 78626, 21445: 74355, 21446: 58096, 21447: 1357, 21448: 35259, 21450: 69990, 21454: 48922, 21455: 1014, 21460: 1482, 21462: 1585, 21463: 75453, 21465: 0, 21468: 1391, 21470: 226, 21474: 686, 21475: 1012, 21477: 91896, 21478: 61726, 21479: 1107, 21480: 519, 21481: 1161, 21482: 1161, 21483: 70373, 21484: 69995, 21487: 51797, 21488: 65161, 21489: 91053, 21490: 1259, 21491: 1113, 21492: 1161, 21493: 50453, 21494: 342}",0.0,filho
655014.7582003331,Cruzamento,1733628515.7106102,92,"{20331: 1084, 20332: 46793, 20333: 1489, 20334: 1412, 20335: 1294, 20336: 82085, 20337: 65341, 20338: 48266, 20339: 46793, 20340: 1412, 20341: 1294, 20342: 1182, 20343: 70342, 20344: 849, 20345: 63099, 20346: 1084, 20347: 1489, 20348: 48266, 20349: 1347, 20350: 69990, 20351: 1347, 20352: 57309, 20353: 57257, 20354: 46793, 20355: 1347, 20356: 849, 20357: 1583, 20358: 2048, 20359: 1291, 20360: 765, 20361: 75421, 20362: 1489, 20363: 1412, 20364: 70342, 20365: 70171, 20366: 70171, 20367: 77145, 20368: 65341, 20369: 75453, 20370: 48266, 20371: 1347, 20372: 46793, 20373: 1617, 20378: 65341, 20379: 75421, 20380: 1489, 20381: 1182, 20383: 57257, 20384: 63099, 20385: 57257, 20386: 13699, 20387: 70342, 20388: 1084, 20389: 75421, 20392: 849, 20393: 69242, 20394: 51797, 20395: 48266, 20396: 449, 20397: 1583, 20398: 765, 20399: 44206, 20400: 46793, 20401: 1412, 20402: 48266, 20403: 184, 20404: 743, 20405: 82080, 20406: 728, 20407: 395, 20408: 449, 20409: 35259, 20410: 690, 20411: 67720, 20412: 75379, 20413: 1482, 20414: 67720, 20415: 71117, 20416: 70342, 20417: 57381, 20418: 82080, 20419: 519, 20421: 1294, 20422: 1489, 20423: 1585, 20427: 44206, 20428: 57381, 20429: 449, 20432: 1543, 20433: 449, 20434: 46494, 20436: 805, 20437: 69242, 20438: 69990, 20439: 1259, 20440: 743, 20441: 46494, 20442: 69985, 20443: 690, 20444: 82080, 20445: 805, 20446: 67720, 20447: 78645, 20449: 1012, 20450: 69995, 20451: 80479, 20452: 57455, 20453: 57455, 20454: 52945, 20455: 913, 20456: 50588, 20457: 51797, 20458: 913, 20459: 1161, 20460: 1585, 20461: 63270, 20462: 69995, 20463: 49332, 20465: 65341, 20466: 1012, 20467: 1291, 20468: 1107, 20469: 1259, 20471: 57381, 20472: 57381, 20473: 743, 20475: 72051, 20476: 1617, 20481: 1107, 20482: 75379, 20484: 52945, 20485: 75379, 20486: 54448, 20487: 449, 20488: 1188, 20489: 69990, 20490: 70342, 20491: 67720, 20492: 805, 20493: 1107, 20494: 46494, 20495: 683, 20496: 75453, 20497: 50588, 20499: 65877, 20501: 44206, 20503: 57639, 20504: 69990, 20505: 62344, 20506: 85710, 20507: 1357, 20508: 1161, 20509: 50588, 20510: 913, 20511: 85646, 20512: 70342, 20513: 1291, 20514: 64790, 20515: 913, 20517: 69995, 20518: 69995, 20519: 63270, 20520: 52945, 20521: 65161, 20522: 1161, 20523: 1259, 20524: 68173, 20525: 519, 20527: 82080, 20528: 1502, 20530: 46494, 20531: 59008, 20532: 805, 20533: 75421, 20534: 65161, 20535: 48922, 20536: 44206, 20537: 69985, 20538: 69990, 20539: 449, 20540: 690, 20541: 1617, 20542: 75958, 20543: 48922, 20544: 728, 20545: 91896, 20546: 71117, 20547: 64790, 20549: 80479, 20550: 51797, 20552: 1288, 20553: 1502, 20554: 57290, 20555: 62344, 20556: 65877, 20557: 75379, 20558: 1107, 20559: 1391, 20560: 65877, 20561: 85710, 20563: 1167, 20564: 57070, 20565: 69990, 20567: 849, 20569: 52945, 20570: 91896, 20571: 1585, 20572: 1288, 20573: 35259, 20574: 48922, 20575: 44206, 20576: 75958, 20577: 69985, 20578: 1347, 20579: 71117, 20580: 68173, 20581: 1014, 20582: 35259, 20583: 1288, 20584: 71117, 20585: 2048, 20587: 1012, 20588: 63270, 20589: 52945, 20590: 82080, 20591: 57455, 20592: 683, 20593: 805, 20594: 72051, 20595: 59008, 20596: 1347, 20597: 1585, 20599: 64727, 20600: 49332, 20601: 75379, 20602: 35245, 20605: 35245, 20606: 50588, 20607: 913, 20608: 57417, 20609: 1585, 20610: 1482, 20611: 1107, 20612: 686, 20613: 57309, 20614: 1167, 20615: 75453, 20616: 953, 20617: 61726, 20618: 85669, 20619: 1182, 20620: 1054, 20621: 1457, 20622: 849, 20624: 226, 20625: 1457, 20626: 69995, 20628: 1540, 20630: 69995, 20631: 449, 20633: 69242, 20634: 73383, 20635: 1583, 20636: 54448, 20637: 1583, 20638: 226, 20639: 1391, 20640: 52945, 20641: 85669, 20642: 62344, 20643: 1391, 20645: 52945, 20646: 85669, 20647: 57639, 20648: 686, 20650: 686, 20651: 1193, 20652: 58096, 20653: 1391, 20654: 953, 20655: 1482, 20656: 1084, 20659: 70342, 20661: 64727, 20662: 57309, 20663: 1161, 20669: 69242, 20670: 65877, 20671: 1540, 20672: 57972, 20673: 57639, 20675: 78631, 20676: 78631, 20677: 61726, 20678: 75379, 20680: 69990, 20681: 1188, 20684: 1543, 20688: 805, 20689: 50588, 20690: 64727, 20692: 1182, 20693: 58096, 20694: 913, 20695: 75453, 20696: 75379, 20697: 184, 20698: 85669, 20699: 63756, 20700: 50588, 20701: 913, 20702: 1167, 20703: 54448, 20704: 66626, 20705: 75379, 20706: 1182, 20707: 70342, 20708: 46494, 20709: 1161, 20710: 1161, 20711: 1543, 20712: 0, 20713: 75421, 20714: 52945, 20715: 690, 20716: 70342, 20717: 57639, 20719: 1585, 20720: 75453, 20721: 913, 20722: 805, 20723: 51797, 20724: 80479, 20725: 85669, 20726: 46793, 20727: 78631, 20729: 1617, 20730: 88486, 20731: 48922, 20732: 1054, 20734: 1288, 20735: 57309, 20736: 1014, 20737: 73383, 20739: 35259, 20740: 57455, 20741: 686, 20742: 1167, 20743: 1116, 20744: 68650, 20746: 69990, 20747: 91053, 20748: 58096, 20749: 69990, 20750: 686, 20751: 1399, 20752: 1502, 20754: 44206, 20757: 1161, 20758: 1012, 20759: 62344, 20761: 1482, 20762: 75453, 20763: 63099, 20764: 1084, 20765: 63099, 20766: 63099, 20768: 184, 20769: 395, 20770: 77145, 20773: 70500, 20774: 1154, 20775: 69990, 20777: 1391, 20778: 70500, 20779: 1399, 20781: 1457, 20782: 49332, 20784: 57290, 20785: 2048, 20786: 70500, 20789: 1347, 20790: 58543, 20791: 70342, 20792: 46793, 20793: 146, 20794: 49332, 20795: 59008, 20796: 1188, 20797: 75421, 20798: 13699, 20799: 70373, 20800: 1482, 20802: 69242, 20803: 85710, 20804: 57309, 20805: 69242, 20806: 1391, 20807: 72051, 20808: 82067, 20809: 1291, 20810: 63099, 20811: 57070, 20813: 48266, 20814: 1482, 20815: 85687, 20816: 57455, 20817: 85687, 20818: 1391, 20819: 1502, 20820: 1167, 20821: 1116, 20822: 85687, 20823: 46494, 20824: 57417, 20825: 75453, 20826: 75379, 20827: 46494, 20828: 184, 20829: 67720, 20831: 57290, 20832: 57639, 20833: 1291, 20834: 728, 20835: 1502, 20836: 1583, 20837: 57070, 20838: 57070, 20840: 2048, 20841: 1412, 20842: 1357, 20843: 226, 20844: 57455, 20845: 65877, 20846: 1300, 20850: 65877, 20852: 90927, 20853: 51797, 20854: 72051, 20856: 46793, 20858: 48266, 20859: 82070, 20860: 63882, 20861: 63882, 20862: 82070, 20863: 82070, 20864: 395, 20872: 953, 20873: 395, 20874: 0, 20875: 91053, 20876: 683, 20877: 83288, 20881: 75379, 20883: 75453, 20884: 57972, 20885: 59008, 20886: 64727, 20887: 1540, 20888: 82070, 20889: 683, 20890: 64727, 20891: 1391, 20892: 82070, 20894: 85669, 20895: 64790, 20897: 1540, 20900: 1457, 20901: 75379, 20902: 72039, 20904: 63099, 20905: 522, 20906: 765, 20907: 1188, 20909: 65877, 20910: 182, 20911: 849, 20913: 72051, 20916: 85669, 20917: 87001, 20918: 73383, 20919: 63882, 20921: 58543, 20922: 82070, 20923: 690, 20925: 1294, 20926: 85700, 20928: 1300, 20929: 51797, 20930: 61726, 20931: 51797, 20932: 1288, 20933: 57290, 20934: 63099, 20935: 82070, 20936: 91053, 20937: 1399, 20938: 1193, 20939: 1502, 20940: 1223, 20941: 72039, 20942: 1399, 20943: 69985, 20944: 1193, 20948: 83288, 20949: 1193, 20950: 87001, 20951: 1300, 20953: 64727, 20954: 68173, 20955: 1457, 20956: 57639, 20958: 57639, 20959: 65877, 20960: 54448, 20961: 1012, 20962: 1300, 20963: 69995, 20964: 72039, 20965: 91053, 20966: 64790, 20967: 1054, 20968: 44206, 20969: 85700, 20970: 57972, 20971: 63756, 20973: 85710, 20974: 59008, 20975: 1154, 20977: 85710, 20978: 63756, 20979: 0, 20980: 63756, 20981: 49332, 20982: 72039, 20983: 1054, 20985: 72039, 20986: 728, 20987: 64790, 20988: 1054, 20990: 85710, 20992: 68650, 20993: 72039, 20995: 1012, 20997: 83288, 20998: 82070, 20999: 87001, 21000: 63882, 21001: 70500, 21002: 57639, 21003: 57972, 21005: 83288, 21006: 72051, 21007: 2048, 21008: 69995, 21009: 65877, 21011: 72039, 21012: 87001, 21013: 57290, 21014: 65877, 21015: 91053, 21016: 72051, 21017: 64790, 21018: 1193, 21019: 184, 21020: 69985, 21021: 1543, 21022: 75379, 21023: 63270, 21028: 86055, 21030: 85700, 21032: 52945, 21033: 35245, 21034: 1154, 21035: 58543, 21036: 35259, 21037: 1223, 21038: 728, 21039: 63270, 21041: 85700, 21043: 67720, 21045: 1188, 21047: 86055, 21050: 83288, 21053: 1294, 21055: 82080, 21056: 1585, 21057: 1107, 21058: 1107, 21059: 395, 21060: 1107, 21061: 46494, 21062: 1502, 21063: 1014, 21064: 57381, 21065: 1543, 21066: 1188, 21067: 683, 21068: 73383, 21069: 46494, 21070: 69990, 21072: 1107, 21073: 1182, 21074: 67720, 21075: 78645, 21077: 1540, 21084: 1617, 21085: 2114, 21086: 89226, 21087: 87984, 21091: 1012, 21092: 78631, 21093: 63270, 21096: 2114, 21097: 53429, 21098: 65941, 21099: 2114, 21100: 2076, 21101: 57649, 21102: 80140, 21103: 1457, 21104: 51797, 21105: 88653, 21106: 2346, 21107: 62344, 21108: 2346, 21109: 2114, 21110: 90942, 21112: 75379, 21113: 88653, 21115: 2346, 21116: 80140, 21117: 57649, 21118: 88486, 21119: 2076, 21120: 2076, 21121: 74355, 21123: 57649, 21124: 2076, 21125: 53429, 21126: 57649, 21127: 74355, 21128: 57649, 21129: 2114, 21130: 74355, 21132: 53429, 21133: 87984, 21134: 57649, 21135: 88653, 21136: 74355, 21138: 53429, 21139: 88653, 21140: 53429, 21141: 80140, 21142: 2346, 21143: 57649, 21144: 2114, 21145: 88653, 21146: 89226, 21147: 53429, 21148: 2114, 21149: 2076, 21150: 86213, 21151: 87984, 21153: 2114, 21154: 44206, 21155: 86157, 21156: 80140, 21157: 1188, 21159: 89226, 21163: 146, 21164: 86157, 21165: 88653, 21166: 88653, 21167: 80140, 21168: 2114, 21170: 88653, 21171: 53429, 21172: 57649, 21173: 56939, 21174: 90998, 21175: 1223, 21176: 56939, 21177: 56939, 21178: 57649, 21179: 86213, 21180: 90998, 21181: 86213, 21182: 86157, 21184: 56939, 21185: 86213, 21186: 86213, 21187: 0, 21188: 0, 21189: 0, 21190: 78631, 21191: 184, 21192: 59008, 21193: 57639, 21194: 0, 21195: 395, 21196: 1489, 21197: 57649, 21198: 74355, 21199: 2076, 21203: 90998, 21205: 74355, 21206: 86213, 21208: 87984, 21209: 89226, 21223: 683, 21226: 683, 21227: 1585, 21228: 68173, 21229: 0, 21230: 69990, 21231: 519, 21232: 57381, 21233: 1259, 21234: 805, 21235: 690, 21236: 71117, 21237: 71117, 21238: 1288, 21239: 72051, 21240: 1107, 21241: 1347, 21244: 66626, 21249: 1012, 21262: 57070, 21265: 13699, 21271: 91053, 21279: 59008, 21280: 59008, 21288: 57290, 21290: 51797, 21298: 57639, 21303: 1347, 21304: 35259, 21305: 35259, 21306: 226, 21307: 64790, 21308: 1113, 21311: 1540, 21312: 1294, 21313: 35259, 21314: 88486, 21315: 57417, 21316: 1054, 21317: 1347, 21318: 57455, 21319: 51797, 21322: 690, 21324: 13828, 21325: 13828, 21326: 35259, 21327: 1347, 21328: 519, 21329: 78626, 21331: 72039, 21333: 57455, 21334: 57455, 21335: 226, 21336: 765, 21338: 1502, 21339: 1054, 21340: 1107, 21341: 1294, 21344: 1300, 21345: 72039, 21346: 91053, 21348: 63099, 21349: 0, 21351: 69990, 21354: 519, 21356: 90927, 21357: 75379, 21358: 184, 21363: 57257, 21366: 65941, 21369: 765, 21370: 63756, 21378: 68173, 21384: 44206, 21398: 78626, 21445: 74355, 21446: 62344, 21447: 1347, 21448: 67720, 21450: 1014, 21454: 68173, 21455: 683, 21460: 0, 21462: 82080, 21463: 75453, 21465: 0, 21468: 1391, 21470: 226, 21474: 686, 21475: 1012, 21477: 91896, 21478: 61726, 21479: 1107, 21480: 519, 21481: 1161, 21482: 1161, 21483: 70373, 21484: 69995, 21487: 51797, 21488: 65161, 21489: 91053, 21490: 1259, 21491: 1113, 21492: 1161, 21493: 50453, 21494: 342}",0.0,duplicado
653455.5848823335,Cruzamento,1733628515.7106102,92,"{20331: 1084, 20332: 46793, 20333: 1489, 20334: 1412, 20335: 1294, 20336: 82085, 20337: 65341, 20338: 48266, 20339: 46793, 20340: 1412, 20341: 1294, 20342: 1182, 20343: 70342, 20344: 849, 20345: 63099, 20346: 1084, 20347: 1489, 20348: 48266, 20349: 1347, 20350: 69990, 20351: 1347, 20352: 57309, 20353: 57257, 20354: 46793, 20355: 1347, 20356: 849, 20357: 1583, 20358: 2048, 20359: 1291, 20360: 765, 20361: 75421, 20362: 1489, 20363: 1412, 20364: 70342, 20365: 70171, 20366: 70171, 20367: 77145, 20368: 65341, 20369: 75453, 20370: 48266, 20371: 1347, 20372: 46793, 20373: 1617, 20378: 65341, 20379: 75421, 20380: 1489, 20381: 1182, 20383: 57257, 20384: 63099, 20385: 57257, 20386: 13699, 20387: 70342, 20388: 1084, 20389: 75421, 20392: 849, 20393: 69242, 20394: 51797, 20395: 48266, 20396: 449, 20397: 1583, 20398: 765, 20399: 44206, 20400: 46793, 20401: 1412, 20402: 48266, 20403: 184, 20404: 743, 20405: 82080, 20406: 728, 20407: 395, 20408: 449, 20409: 35259, 20410: 690, 20411: 67720, 20412: 75379, 20413: 1482, 20414: 67720, 20415: 71117, 20416: 70342, 20417: 57381, 20418: 82080, 20419: 519, 20421: 1294, 20422: 1489, 20423: 1585, 20427: 44206, 20428: 57381, 20429: 449, 20432: 1543, 20433: 449, 20434: 46494, 20436: 805, 20437: 69242, 20438: 69990, 20439: 1259, 20440: 743, 20441: 46494, 20442: 69985, 20443: 690, 20444: 82080, 20445: 805, 20446: 67720, 20447: 78645, 20449: 1012, 20450: 69995, 20451: 80479, 20452: 57455, 20453: 57455, 20454: 52945, 20455: 913, 20456: 50588, 20457: 51797, 20458: 913, 20459: 1161, 20460: 1585, 20461: 63270, 20462: 69995, 20463: 49332, 20465: 65341, 20466: 1012, 20467: 1291, 20468: 1107, 20469: 1259, 20471: 57381, 20472: 57381, 20473: 743, 20475: 72051, 20476: 1617, 20481: 1107, 20482: 75379, 20484: 52945, 20485: 75379, 20486: 54448, 20487: 449, 20488: 1188, 20489: 69990, 20490: 70342, 20491: 67720, 20492: 805, 20493: 1107, 20494: 46494, 20495: 683, 20496: 75453, 20497: 50588, 20499: 65877, 20501: 44206, 20503: 57639, 20504: 69990, 20505: 62344, 20506: 85710, 20507: 1357, 20508: 1161, 20509: 50588, 20510: 913, 20511: 85646, 20512: 70342, 20513: 1291, 20514: 64790, 20515: 913, 20517: 69995, 20518: 69995, 20519: 63270, 20520: 52945, 20521: 65161, 20522: 1161, 20523: 1259, 20524: 68173, 20525: 519, 20527: 82080, 20528: 1502, 20530: 46494, 20531: 59008, 20532: 805, 20533: 75421, 20534: 65161, 20535: 48922, 20536: 44206, 20537: 69985, 20538: 69990, 20539: 449, 20540: 690, 20541: 1617, 20542: 75958, 20543: 48922, 20544: 728, 20545: 91896, 20546: 71117, 20547: 64790, 20549: 80479, 20550: 51797, 20552: 1288, 20553: 1502, 20554: 57290, 20555: 62344, 20556: 65877, 20557: 75379, 20558: 1107, 20559: 1391, 20560: 65877, 20561: 85710, 20563: 1167, 20564: 57070, 20565: 69990, 20567: 849, 20569: 52945, 20570: 91896, 20571: 1585, 20572: 1288, 20573: 35259, 20574: 48922, 20575: 44206, 20576: 75958, 20577: 69985, 20578: 1347, 20579: 71117, 20580: 68173, 20581: 1014, 20582: 35259, 20583: 1288, 20584: 71117, 20585: 2048, 20587: 1012, 20588: 63270, 20589: 52945, 20590: 82080, 20591: 57455, 20592: 683, 20593: 805, 20594: 72051, 20595: 59008, 20596: 1347, 20597: 1585, 20599: 64727, 20600: 49332, 20601: 75379, 20602: 35245, 20605: 35245, 20606: 50588, 20607: 913, 20608: 57417, 20609: 1585, 20610: 1482, 20611: 1107, 20612: 686, 20613: 57309, 20614: 1167, 20615: 75453, 20616: 953, 20617: 61726, 20618: 85669, 20619: 1182, 20620: 1054, 20621: 1457, 20622: 849, 20624: 226, 20625: 1457, 20626: 69995, 20628: 1540, 20630: 69995, 20631: 449, 20633: 69242, 20634: 73383, 20635: 1583, 20636: 54448, 20637: 1583, 20638: 226, 20639: 1391, 20640: 52945, 20641: 85669, 20642: 62344, 20643: 1391, 20645: 52945, 20646: 85669, 20647: 57639, 20648: 686, 20650: 686, 20651: 1193, 20652: 58096, 20653: 1391, 20654: 953, 20655: 1482, 20656: 1084, 20659: 70342, 20661: 64727, 20662: 57309, 20663: 1161, 20669: 69242, 20670: 65877, 20671: 1540, 20672: 57972, 20673: 57639, 20675: 78631, 20676: 78631, 20677: 61726, 20678: 75379, 20680: 69990, 20681: 1188, 20684: 1543, 20688: 805, 20689: 50588, 20690: 64727, 20692: 1182, 20693: 58096, 20694: 913, 20695: 75453, 20696: 75379, 20697: 184, 20698: 85669, 20699: 63756, 20700: 50588, 20701: 913, 20702: 1167, 20703: 54448, 20704: 66626, 20705: 75379, 20706: 1182, 20707: 70342, 20708: 46494, 20709: 1161, 20710: 1161, 20711: 1543, 20712: 0, 20713: 75421, 20714: 52945, 20715: 690, 20716: 70342, 20717: 57639, 20719: 1585, 20720: 75453, 20721: 913, 20722: 805, 20723: 51797, 20724: 80479, 20725: 85669, 20726: 46793, 20727: 78631, 20729: 1617, 20730: 88486, 20731: 48922, 20732: 1054, 20734: 1288, 20735: 57309, 20736: 1014, 20737: 73383, 20739: 35259, 20740: 57455, 20741: 686, 20742: 1167, 20743: 1116, 20744: 68650, 20746: 69990, 20747: 91053, 20748: 58096, 20749: 69990, 20750: 686, 20751: 1399, 20752: 1502, 20754: 44206, 20757: 1161, 20758: 1012, 20759: 62344, 20761: 1482, 20762: 75453, 20763: 63099, 20764: 1084, 20765: 63099, 20766: 63099, 20768: 184, 20769: 395, 20770: 77145, 20773: 70500, 20774: 1154, 20775: 69990, 20777: 1391, 20778: 70500, 20779: 1399, 20781: 1457, 20782: 49332, 20784: 57290, 20785: 2048, 20786: 70500, 20789: 1347, 20790: 58543, 20791: 70342, 20792: 46793, 20793: 146, 20794: 49332, 20795: 59008, 20796: 1188, 20797: 75421, 20798: 13699, 20799: 70373, 20800: 1482, 20802: 69242, 20803: 85710, 20804: 57309, 20805: 69242, 20806: 1391, 20807: 72051, 20808: 82067, 20809: 1291, 20810: 63099, 20811: 57070, 20813: 48266, 20814: 1482, 20815: 85687, 20816: 57455, 20817: 85687, 20818: 1391, 20819: 1502, 20820: 1167, 20821: 1116, 20822: 85687, 20823: 46494, 20824: 57417, 20825: 75453, 20826: 75379, 20827: 46494, 20828: 184, 20829: 67720, 20831: 57290, 20832: 57639, 20833: 1291, 20834: 728, 20835: 1502, 20836: 1583, 20837: 57070, 20838: 57070, 20840: 2048, 20841: 1412, 20842: 1357, 20843: 226, 20844: 57455, 20845: 65877, 20846: 1300, 20850: 65877, 20852: 90927, 20853: 51797, 20854: 72051, 20856: 46793, 20858: 48266, 20859: 82070, 20860: 63882, 20861: 63882, 20862: 82070, 20863: 82070, 20864: 395, 20872: 953, 20873: 395, 20874: 0, 20875: 91053, 20876: 683, 20877: 83288, 20881: 75379, 20883: 75453, 20884: 57972, 20885: 59008, 20886: 64727, 20887: 1540, 20888: 82070, 20889: 683, 20890: 64727, 20891: 1391, 20892: 82070, 20894: 85669, 20895: 64790, 20897: 1540, 20900: 1457, 20901: 75379, 20902: 72039, 20904: 63099, 20905: 522, 20906: 765, 20907: 1188, 20909: 65877, 20910: 182, 20911: 849, 20913: 72051, 20916: 85669, 20917: 87001, 20918: 73383, 20919: 63882, 20921: 58543, 20922: 82070, 20923: 690, 20925: 1294, 20926: 85700, 20928: 1300, 20929: 51797, 20930: 61726, 20931: 51797, 20932: 1288, 20933: 57290, 20934: 63099, 20935: 82070, 20936: 91053, 20937: 1399, 20938: 1193, 20939: 1502, 20940: 1223, 20941: 72039, 20942: 1399, 20943: 69985, 20944: 1193, 20948: 83288, 20949: 1193, 20950: 87001, 20951: 1300, 20953: 64727, 20954: 68173, 20955: 1457, 20956: 57639, 20958: 57639, 20959: 65877, 20960: 54448, 20961: 1012, 20962: 1300, 20963: 69995, 20964: 72039, 20965: 91053, 20966: 64790, 20967: 1054, 20968: 44206, 20969: 85700, 20970: 57972, 20971: 63756, 20973: 85710, 20974: 59008, 20975: 1154, 20977: 85710, 20978: 63756, 20979: 0, 20980: 63756, 20981: 49332, 20982: 72039, 20983: 1054, 20985: 72039, 20986: 728, 20987: 64790, 20988: 1054, 20990: 85710, 20992: 68650, 20993: 72039, 20995: 1012, 20997: 83288, 20998: 82070, 20999: 87001, 21000: 63882, 21001: 70500, 21002: 57639, 21003: 57972, 21005: 83288, 21006: 72051, 21007: 2048, 21008: 69995, 21009: 65877, 21011: 72039, 21012: 87001, 21013: 57290, 21014: 65877, 21015: 91053, 21016: 72051, 21017: 64790, 21018: 1193, 21019: 184, 21020: 69985, 21021: 1543, 21022: 75379, 21023: 63270, 21028: 86055, 21030: 85700, 21032: 52945, 21033: 35245, 21034: 1154, 21035: 58543, 21036: 35259, 21037: 1223, 21038: 728, 21039: 63270, 21041: 85700, 21043: 67720, 21045: 1188, 21047: 86055, 21050: 83288, 21053: 1294, 21055: 82080, 21056: 1585, 21057: 1107, 21058: 1107, 21059: 395, 21060: 1107, 21061: 46494, 21062: 1502, 21063: 1014, 21064: 57381, 21065: 1543, 21066: 1188, 21067: 683, 21068: 73383, 21069: 46494, 21070: 69990, 21072: 1107, 21073: 1182, 21074: 67720, 21075: 78645, 21077: 1540, 21084: 1617, 21085: 88653, 21086: 90942, 21087: 57649, 21091: 85710, 21092: 58096, 21093: 85646, 21096: 2346, 21097: 74355, 21098: 63756, 21099: 2114, 21100: 2076, 21101: 2346, 21102: 2114, 21103: 1116, 21104: 59008, 21105: 80140, 21106: 2114, 21107: 73235, 21108: 56939, 21109: 56939, 21110: 80140, 21112: 1391, 21113: 89226, 21115: 2114, 21116: 89226, 21117: 80140, 21118: 83288, 21119: 89226, 21120: 2076, 21121: 74355, 21123: 80140, 21124: 88653, 21125: 88653, 21126: 74355, 21127: 56939, 21128: 74355, 21129: 74355, 21130: 53429, 21132: 57649, 21133: 87984, 21134: 53429, 21135: 56939, 21136: 53429, 21138: 57649, 21139: 56939, 21140: 57649, 21141: 86157, 21142: 80140, 21143: 53429, 21144: 2114, 21145: 53429, 21146: 89226, 21147: 88653, 21148: 53429, 21149: 80140, 21150: 80140, 21151: 86213, 21153: 53429, 21154: 1223, 21155: 86157, 21156: 87984, 21157: 1288, 21159: 2346, 21163: 146, 21164: 86157, 21165: 80140, 21166: 90998, 21167: 87984, 21168: 90998, 21170: 90998, 21171: 86213, 21172: 57649, 21173: 2076, 21174: 2114, 21175: 0, 21176: 2076, 21177: 87984, 21178: 88653, 21179: 56939, 21180: 2346, 21181: 57649, 21182: 86157, 21184: 87984, 21185: 0, 21186: 2076, 21187: 0, 21188: 0, 21189: 0, 21190: 63270, 21191: 184, 21192: 1223, 21193: 70500, 21194: 0, 21195: 1167, 21196: 70342, 21197: 74355, 21198: 2114, 21199: 86213, 21203: 2076, 21205: 53429, 21206: 86213, 21208: 87984, 21209: 89226, 21223: 1585, 21226: 1014, 21227: 69985, 21228: 46494, 21229: 395, 21230: 78645, 21231: 395, 21232: 1259, 21233: 683, 21234: 70342, 21235: 1259, 21236: 57381, 21237: 71117, 21238: 1543, 21239: 72051, 21240: 1107, 21241: 1347, 21244: 66626, 21249: 1012, 21262: 57070, 21265: 13699, 21271: 91053, 21279: 59008, 21280: 59008, 21288: 57290, 21290: 51797, 21298: 57639, 21303: 1347, 21304: 35259, 21305: 35259, 21306: 226, 21307: 64790, 21308: 1113, 21311: 1540, 21312: 1294, 21313: 35259, 21314: 88486, 21315: 57417, 21316: 1054, 21317: 1347, 21318: 57455, 21319: 51797, 21322: 690, 21324: 13828, 21325: 13828, 21326: 35259, 21327: 1347, 21328: 519, 21329: 78626, 21331: 72039, 21333: 57455, 21334: 57455, 21335: 226, 21336: 765, 21338: 1502, 21339: 1054, 21340: 1107, 21341: 1294, 21344: 1300, 21345: 72039, 21346: 91053, 21348: 63099, 21349: 0, 21351: 69990, 21354: 519, 21356: 90927, 21357: 75379, 21358: 184, 21363: 57257, 21366: 65941, 21369: 765, 21370: 63756, 21378: 68173, 21384: 44206, 21398: 78626, 21445: 74355, 21446: 62344, 21447: 1347, 21448: 67720, 21450: 1014, 21454: 68173, 21455: 683, 21460: 0, 21462: 82080, 21463: 75453, 21465: 0, 21468: 1391, 21470: 226, 21474: 686, 21475: 1012, 21477: 91896, 21478: 61726, 21479: 1107, 21480: 519, 21481: 1161, 21482: 1161, 21483: 70373, 21484: 69995, 21487: 51797, 21488: 65161, 21489: 91053, 21490: 1259, 21491: 1113, 21492: 1161, 21493: 50453, 21494: 342}",0.0,duplicado
650611.8421479999,Cruzamento,1733628522.4043503,94,"{20331: 1084, 20332: 46793, 20333: 1489, 20334: 1412, 20335: 1294, 20336: 82085, 20337: 65341, 20338: 48266, 20339: 46793, 20340: 1412, 20341: 1294, 20342: 1182, 20343: 70342, 20344: 849, 20345: 63099, 20346: 1084, 20347: 1489, 20348: 48266, 20349: 1347, 20350: 69990, 20351: 1347, 20352: 57309, 20353: 57257, 20354: 46793, 20355: 1347, 20356: 849, 20357: 1583, 20358: 2048, 20359: 1291, 20360: 765, 20361: 75421, 20362: 1489, 20363: 1412, 20364: 70342, 20365: 70171, 20366: 70171, 20367: 77145, 20368: 65341, 20369: 75453, 20370: 48266, 20371: 1347, 20372: 46793, 20373: 1617, 20378: 65341, 20379: 75421, 20380: 1489, 20381: 1182, 20383: 57257, 20384: 63099, 20385: 57257, 20386: 13699, 20387: 70342, 20388: 1084, 20389: 75421, 20392: 849, 20393: 69242, 20394: 51797, 20395: 48266, 20396: 449, 20397: 1583, 20398: 765, 20399: 44206, 20400: 46793, 20401: 1412, 20402: 48266, 20403: 184, 20404: 743, 20405: 82080, 20406: 728, 20407: 395, 20408: 449, 20409: 35259, 20410: 690, 20411: 67720, 20412: 75379, 20413: 1482, 20414: 67720, 20415: 71117, 20416: 70342, 20417: 57381, 20418: 82080, 20419: 519, 20421: 1294, 20422: 1489, 20423: 1585, 20427: 44206, 20428: 57381, 20429: 449, 20432: 1543, 20433: 449, 20434: 46494, 20436: 805, 20437: 69242, 20438: 69990, 20439: 1259, 20440: 743, 20441: 46494, 20442: 69985, 20443: 690, 20444: 82080, 20445: 805, 20446: 67720, 20447: 78645, 20449: 1012, 20450: 69995, 20451: 80479, 20452: 57455, 20453: 57455, 20454: 52945, 20455: 913, 20456: 50588, 20457: 51797, 20458: 913, 20459: 1161, 20460: 1585, 20461: 63270, 20462: 69995, 20463: 49332, 20465: 65341, 20466: 1012, 20467: 1291, 20468: 1107, 20469: 1259, 20471: 57381, 20472: 57381, 20473: 743, 20475: 72051, 20476: 1617, 20481: 1107, 20482: 75379, 20484: 52945, 20485: 75379, 20486: 54448, 20487: 449, 20488: 1188, 20489: 69990, 20490: 70342, 20491: 67720, 20492: 805, 20493: 1107, 20494: 46494, 20495: 683, 20496: 75453, 20497: 50588, 20499: 65877, 20501: 44206, 20503: 57639, 20504: 69990, 20505: 62344, 20506: 85710, 20507: 1357, 20508: 1161, 20509: 50588, 20510: 913, 20511: 85646, 20512: 70342, 20513: 1291, 20514: 64790, 20515: 913, 20517: 69995, 20518: 69995, 20519: 63270, 20520: 52945, 20521: 65161, 20522: 1161, 20523: 1259, 20524: 68173, 20525: 519, 20527: 82080, 20528: 1502, 20530: 46494, 20531: 59008, 20532: 805, 20533: 75421, 20534: 65161, 20535: 48922, 20536: 44206, 20537: 69985, 20538: 69990, 20539: 449, 20540: 690, 20541: 1617, 20542: 75958, 20543: 48922, 20544: 728, 20545: 91896, 20546: 71117, 20547: 64790, 20549: 80479, 20550: 51797, 20552: 1288, 20553: 1502, 20554: 57290, 20555: 62344, 20556: 65877, 20557: 75379, 20558: 1107, 20559: 1391, 20560: 65877, 20561: 85710, 20563: 1167, 20564: 57070, 20565: 69990, 20567: 849, 20569: 52945, 20570: 91896, 20571: 1585, 20572: 1288, 20573: 35259, 20574: 48922, 20575: 44206, 20576: 75958, 20577: 69985, 20578: 1347, 20579: 71117, 20580: 68173, 20581: 1014, 20582: 35259, 20583: 1288, 20584: 71117, 20585: 2048, 20587: 1012, 20588: 63270, 20589: 52945, 20590: 82080, 20591: 57455, 20592: 683, 20593: 805, 20594: 72051, 20595: 59008, 20596: 1347, 20597: 1585, 20599: 64727, 20600: 49332, 20601: 75379, 20602: 35245, 20605: 35245, 20606: 50588, 20607: 913, 20608: 57417, 20609: 1585, 20610: 1482, 20611: 1107, 20612: 686, 20613: 57309, 20614: 1167, 20615: 75453, 20616: 953, 20617: 61726, 20618: 85669, 20619: 1182, 20620: 1054, 20621: 1457, 20622: 849, 20624: 226, 20625: 1457, 20626: 69995, 20628: 1540, 20630: 69995, 20631: 449, 20633: 69242, 20634: 73383, 20635: 1583, 20636: 54448, 20637: 1583, 20638: 226, 20639: 1391, 20640: 52945, 20641: 85669, 20642: 62344, 20643: 1391, 20645: 52945, 20646: 85669, 20647: 57639, 20648: 686, 20650: 686, 20651: 1193, 20652: 686, 20653: 1193, 20654: 85669, 20655: 1412, 20656: 184, 20659: 1585, 20661: 69995, 20662: 70373, 20663: 913, 20669: 522, 20670: 78631, 20671: 57639, 20672: 35259, 20673: 57972, 20675: 61726, 20676: 57972, 20677: 73235, 20678: 62344, 20680: 68173, 20681: 449, 20684: 1347, 20688: 1617, 20689: 69995, 20690: 52945, 20692: 57257, 20693: 85669, 20694: 66626, 20695: 1489, 20696: 1173, 20697: 1182, 20698: 58543, 20699: 63756, 20700: 50588, 20701: 913, 20702: 1167, 20703: 54448, 20704: 66626, 20705: 75379, 20706: 1182, 20707: 70342, 20708: 46494, 20709: 1161, 20710: 1161, 20711: 1543, 20712: 0, 20713: 75421, 20714: 52945, 20715: 690, 20716: 70342, 20717: 57639, 20719: 1585, 20720: 75453, 20721: 913, 20722: 805, 20723: 51797, 20724: 80479, 20725: 85669, 20726: 46793, 20727: 78631, 20729: 1617, 20730: 88486, 20731: 48922, 20732: 1054, 20734: 1288, 20735: 57309, 20736: 1014, 20737: 73383, 20739: 35259, 20740: 57455, 20741: 686, 20742: 1167, 20743: 1116, 20744: 68650, 20746: 69990, 20747: 91053, 20748: 58096, 20749: 69990, 20750: 686, 20751: 1399, 20752: 1502, 20754: 44206, 20757: 1161, 20758: 1012, 20759: 62344, 20761: 1482, 20762: 75453, 20763: 63099, 20764: 1084, 20765: 63099, 20766: 63099, 20768: 184, 20769: 395, 20770: 77145, 20773: 70500, 20774: 1154, 20775: 69990, 20777: 1391, 20778: 70500, 20779: 1399, 20781: 1457, 20782: 49332, 20784: 57290, 20785: 2048, 20786: 70500, 20789: 1347, 20790: 58543, 20791: 70342, 20792: 46793, 20793: 146, 20794: 49332, 20795: 59008, 20796: 1188, 20797: 75421, 20798: 13699, 20799: 70373, 20800: 1482, 20802: 69242, 20803: 85710, 20804: 57309, 20805: 69242, 20806: 1391, 20807: 72051, 20808: 82067, 20809: 1291, 20810: 63099, 20811: 57070, 20813: 48266, 20814: 1482, 20815: 85687, 20816: 57455, 20817: 85687, 20818: 1391, 20819: 1502, 20820: 1167, 20821: 1116, 20822: 85687, 20823: 46494, 20824: 57417, 20825: 75453, 20826: 75379, 20827: 46494, 20828: 184, 20829: 67720, 20831: 57290, 20832: 57639, 20833: 1291, 20834: 728, 20835: 1502, 20836: 1583, 20837: 57070, 20838: 57070, 20840: 2048, 20841: 1412, 20842: 1357, 20843: 226, 20844: 57455, 20845: 65877, 20846: 1300, 20850: 65877, 20852: 90927, 20853: 51797, 20854: 72051, 20856: 46793, 20858: 48266, 20859: 82070, 20860: 63882, 20861: 63882, 20862: 82070, 20863: 82070, 20864: 395, 20872: 953, 20873: 395, 20874: 0, 20875: 91053, 20876: 683, 20877: 83288, 20881: 75379, 20883: 75453, 20884: 57972, 20885: 59008, 20886: 64727, 20887: 1540, 20888: 82070, 20889: 683, 20890: 64727, 20891: 1391, 20892: 82070, 20894: 85669, 20895: 64790, 20897: 1540, 20900: 1457, 20901: 75379, 20902: 72039, 20904: 63099, 20905: 522, 20906: 765, 20907: 1188, 20909: 65877, 20910: 182, 20911: 849, 20913: 72051, 20916: 85669, 20917: 87001, 20918: 73383, 20919: 63882, 20921: 58543, 20922: 82070, 20923: 690, 20925: 1294, 20926: 85700, 20928: 1300, 20929: 51797, 20930: 61726, 20931: 51797, 20932: 1288, 20933: 57290, 20934: 63099, 20935: 82070, 20936: 91053, 20937: 1399, 20938: 1193, 20939: 1502, 20940: 1223, 20941: 72039, 20942: 1399, 20943: 69985, 20944: 1193, 20948: 83288, 20949: 1193, 20950: 87001, 20951: 1300, 20953: 64727, 20954: 68173, 20955: 1457, 20956: 57639, 20958: 57639, 20959: 65877, 20960: 54448, 20961: 1012, 20962: 1300, 20963: 69995, 20964: 72039, 20965: 91053, 20966: 64790, 20967: 1054, 20968: 44206, 20969: 85700, 20970: 57972, 20971: 63756, 20973: 85710, 20974: 59008, 20975: 1154, 20977: 85710, 20978: 63756, 20979: 0, 20980: 63756, 20981: 49332, 20982: 72039, 20983: 1054, 20985: 72039, 20986: 728, 20987: 64790, 20988: 1054, 20990: 85710, 20992: 68650, 20993: 72039, 20995: 1012, 20997: 83288, 20998: 82070, 20999: 87001, 21000: 63882, 21001: 70500, 21002: 57639, 21003: 57972, 21005: 83288, 21006: 72051, 21007: 2048, 21008: 69995, 21009: 65877, 21011: 72039, 21012: 87001, 21013: 57290, 21014: 65877, 21015: 91053, 21016: 72051, 21017: 64790, 21018: 1193, 21019: 184, 21020: 69985, 21021: 1543, 21022: 75379, 21023: 63270, 21028: 86055, 21030: 85700, 21032: 52945, 21033: 35245, 21034: 1154, 21035: 58543, 21036: 35259, 21037: 1223, 21038: 728, 21039: 63270, 21041: 85700, 21043: 67720, 21045: 1188, 21047: 86055, 21050: 83288, 21053: 1294, 21055: 82080, 21056: 1585, 21057: 1107, 21058: 1107, 21059: 395, 21060: 1107, 21061: 46494, 21062: 1502, 21063: 1014, 21064: 57381, 21065: 1543, 21066: 1188, 21067: 683, 21068: 73383, 21069: 46494, 21070: 69990, 21072: 1107, 21073: 1182, 21074: 67720, 21075: 78645, 21077: 1540, 21084: 1617, 21085: 88653, 21086: 90942, 21087: 57649, 21091: 85710, 21092: 58096, 21093: 85646, 21096: 2346, 21097: 74355, 21098: 63756, 21099: 2114, 21100: 2076, 21101: 2346, 21102: 2114, 21103: 1116, 21104: 59008, 21105: 80140, 21106: 2114, 21107: 73235, 21108: 56939, 21109: 56939, 21110: 80140, 21112: 1391, 21113: 89226, 21115: 2114, 21116: 89226, 21117: 80140, 21118: 83288, 21119: 89226, 21120: 2076, 21121: 74355, 21123: 80140, 21124: 88653, 21125: 88653, 21126: 74355, 21127: 56939, 21128: 74355, 21129: 74355, 21130: 53429, 21132: 57649, 21133: 87984, 21134: 53429, 21135: 56939, 21136: 53429, 21138: 57649, 21139: 56939, 21140: 57649, 21141: 86157, 21142: 80140, 21143: 53429, 21144: 2114, 21145: 53429, 21146: 89226, 21147: 88653, 21148: 53429, 21149: 80140, 21150: 80140, 21151: 86213, 21153: 53429, 21154: 1223, 21155: 86157, 21156: 87984, 21157: 1288, 21159: 2346, 21163: 146, 21164: 86157, 21165: 80140, 21166: 90998, 21167: 87984, 21168: 90998, 21170: 90998, 21171: 86213, 21172: 57649, 21173: 2076, 21174: 2114, 21175: 0, 21176: 2076, 21177: 87984, 21178: 88653, 21179: 56939, 21180: 2346, 21181: 57649, 21182: 86157, 21184: 87984, 21185: 0, 21186: 2076, 21187: 0, 21188: 0, 21189: 0, 21190: 63270, 21191: 184, 21192: 1223, 21193: 70500, 21194: 0, 21195: 1167, 21196: 70342, 21197: 74355, 21198: 2114, 21199: 86213, 21203: 2076, 21205: 53429, 21206: 86213, 21208: 87984, 21209: 89226, 21223: 1585, 21226: 1014, 21227: 69985, 21228: 46494, 21229: 395, 21230: 78645, 21231: 395, 21232: 1259, 21233: 683, 21234: 70342, 21235: 1259, 21236: 57381, 21237: 71117, 21238: 1543, 21239: 72051, 21240: 1107, 21241: 1347, 21244: 66626, 21249: 1012, 21262: 57070, 21265: 13699, 21271: 91053, 21279: 59008, 21280: 59008, 21288: 57290, 21290: 51797, 21298: 57639, 21303: 1347, 21304: 35259, 21305: 35259, 21306: 226, 21307: 64790, 21308: 1113, 21311: 1540, 21312: 1294, 21313: 35259, 21314: 88486, 21315: 57417, 21316: 1054, 21317: 1347, 21318: 57455, 21319: 51797, 21322: 690, 21324: 13828, 21325: 13828, 21326: 35259, 21327: 1347, 21328: 519, 21329: 78626, 21331: 72039, 21333: 57455, 21334: 57455, 21335: 226, 21336: 765, 21338: 1502, 21339: 1054, 21340: 1107, 21341: 1294, 21344: 1300, 21345: 72039, 21346: 91053, 21348: 63099, 21349: 0, 21351: 69990, 21354: 519, 21356: 90927, 21357: 75379, 21358: 184, 21363: 57257, 21366: 65941, 21369: 765, 21370: 63756, 21378: 68173, 21384: 44206, 21398: 78626, 21445: 74355, 21446: 58096, 21447: 1357, 21448: 35259, 21450: 69990, 21454: 48922, 21455: 1014, 21460: 1482, 21462: 1585, 21463: 75453, 21465: 0, 21468: 1391, 21470: 226, 21474: 686, 21475: 1012, 21477: 91896, 21478: 61726, 21479: 1107, 21480: 519, 21481: 1161, 21482: 1161, 21483: 70373, 21484: 69995, 21487: 51797, 21488: 65161, 21489: 91053, 21490: 1259, 21491: 1113, 21492: 1161, 21493: 50453, 21494: 342}",0.0,duplicado
648389.5385156667,Cruzamento,1733628522.4043503,94,"{20331: 57309, 20332: 65341, 20333: 82085, 20334: 57070, 20335: 1182, 20336: 1489, 20337: 1291, 20338: 1084, 20339: 46793, 20340: 1412, 20341: 1294, 20342: 1182, 20343: 70342, 20344: 849, 20345: 63099, 20346: 1084, 20347: 1489, 20348: 48266, 20349: 1347, 20350: 69990, 20351: 1347, 20352: 57309, 20353: 57257, 20354: 46793, 20355: 1347, 20356: 849, 20357: 1583, 20358: 2048, 20359: 1291, 20360: 765, 20361: 75421, 20362: 1489, 20363: 1412, 20364: 70342, 20365: 70171, 20366: 70171, 20367: 77145, 20368: 65341, 20369: 75453, 20370: 48266, 20371: 1347, 20372: 46793, 20373: 1617, 20378: 65341, 20379: 75421, 20380: 1489, 20381: 1182, 20383: 57257, 20384: 63099, 20385: 57257, 20386: 13699, 20387: 70342, 20388: 1084, 20389: 75421, 20392: 849, 20393: 69242, 20394: 51797, 20395: 48266, 20396: 449, 20397: 1583, 20398: 765, 20399: 44206, 20400: 46793, 20401: 1412, 20402: 48266, 20403: 184, 20404: 743, 20405: 82080, 20406: 728, 20407: 395, 20408: 449, 20409: 35259, 20410: 690, 20411: 67720, 20412: 75379, 20413: 1482, 20414: 67720, 20415: 71117, 20416: 70342, 20417: 57381, 20418: 82080, 20419: 519, 20421: 1294, 20422: 1489, 20423: 1585, 20427: 44206, 20428: 57381, 20429: 449, 20432: 1543, 20433: 449, 20434: 46494, 20436: 805, 20437: 69242, 20438: 69990, 20439: 1259, 20440: 743, 20441: 46494, 20442: 69985, 20443: 690, 20444: 82080, 20445: 805, 20446: 67720, 20447: 78645, 20449: 1012, 20450: 69995, 20451: 80479, 20452: 57455, 20453: 57455, 20454: 52945, 20455: 913, 20456: 50588, 20457: 51797, 20458: 913, 20459: 1161, 20460: 1585, 20461: 63270, 20462: 69995, 20463: 49332, 20465: 65341, 20466: 1012, 20467: 1291, 20468: 1107, 20469: 1259, 20471: 57381, 20472: 57381, 20473: 743, 20475: 72051, 20476: 1617, 20481: 1107, 20482: 75379, 20484: 52945, 20485: 75379, 20486: 54448, 20487: 449, 20488: 1188, 20489: 69990, 20490: 70342, 20491: 67720, 20492: 805, 20493: 1107, 20494: 46494, 20495: 683, 20496: 75453, 20497: 50588, 20499: 65877, 20501: 44206, 20503: 57639, 20504: 69990, 20505: 62344, 20506: 85710, 20507: 1357, 20508: 1161, 20509: 50588, 20510: 913, 20511: 85646, 20512: 70342, 20513: 1291, 20514: 64790, 20515: 913, 20517: 69995, 20518: 69995, 20519: 63270, 20520: 52945, 20521: 65161, 20522: 1161, 20523: 1259, 20524: 68173, 20525: 519, 20527: 82080, 20528: 1502, 20530: 46494, 20531: 59008, 20532: 805, 20533: 75421, 20534: 65161, 20535: 48922, 20536: 44206, 20537: 69985, 20538: 69990, 20539: 449, 20540: 690, 20541: 1617, 20542: 75958, 20543: 48922, 20544: 728, 20545: 91896, 20546: 71117, 20547: 64790, 20549: 80479, 20550: 51797, 20552: 1288, 20553: 1502, 20554: 57290, 20555: 62344, 20556: 65877, 20557: 75379, 20558: 1107, 20559: 1391, 20560: 65877, 20561: 85710, 20563: 1167, 20564: 57070, 20565: 69990, 20567: 849, 20569: 52945, 20570: 91896, 20571: 1585, 20572: 1288, 20573: 35259, 20574: 48922, 20575: 44206, 20576: 75958, 20577: 69985, 20578: 1347, 20579: 71117, 20580: 68173, 20581: 1014, 20582: 35259, 20583: 1288, 20584: 71117, 20585: 2048, 20587: 1012, 20588: 63270, 20589: 52945, 20590: 82080, 20591: 57455, 20592: 683, 20593: 805, 20594: 72051, 20595: 59008, 20596: 1347, 20597: 1585, 20599: 64727, 20600: 49332, 20601: 75379, 20602: 35245, 20605: 35245, 20606: 50588, 20607: 913, 20608: 57417, 20609: 1585, 20610: 1482, 20611: 1107, 20612: 686, 20613: 57309, 20614: 1167, 20615: 75453, 20616: 953, 20617: 61726, 20618: 85669, 20619: 1182, 20620: 1054, 20621: 1457, 20622: 849, 20624: 226, 20625: 1457, 20626: 69995, 20628: 1540, 20630: 69995, 20631: 449, 20633: 69242, 20634: 73383, 20635: 1583, 20636: 54448, 20637: 1583, 20638: 226, 20639: 1391, 20640: 52945, 20641: 85669, 20642: 62344, 20643: 1391, 20645: 52945, 20646: 85669, 20647: 57639, 20648: 686, 20650: 686, 20651: 1193, 20652: 686, 20653: 1193, 20654: 85669, 20655: 1412, 20656: 184, 20659: 1585, 20661: 69995, 20662: 70373, 20663: 913, 20669: 522, 20670: 78631, 20671: 57639, 20672: 35259, 20673: 57972, 20675: 61726, 20676: 57972, 20677: 73235, 20678: 62344, 20680: 68173, 20681: 449, 20684: 1347, 20688: 1617, 20689: 69995, 20690: 52945, 20692: 57257, 20693: 85669, 20694: 66626, 20695: 1489, 20696: 1173, 20697: 1182, 20698: 58543, 20699: 63756, 20700: 50588, 20701: 913, 20702: 1167, 20703: 54448, 20704: 66626, 20705: 75379, 20706: 1182, 20707: 70342, 20708: 46494, 20709: 1161, 20710: 1161, 20711: 1543, 20712: 0, 20713: 75421, 20714: 52945, 20715: 690, 20716: 70342, 20717: 57639, 20719: 1585, 20720: 75453, 20721: 913, 20722: 805, 20723: 51797, 20724: 80479, 20725: 85669, 20726: 46793, 20727: 78631, 20729: 1617, 20730: 88486, 20731: 48922, 20732: 1054, 20734: 1288, 20735: 57309, 20736: 1014, 20737: 73383, 20739: 35259, 20740: 57455, 20741: 686, 20742: 1167, 20743: 1116, 20744: 68650, 20746: 69990, 20747: 91053, 20748: 58096, 20749: 69990, 20750: 686, 20751: 1399, 20752: 1502, 20754: 44206, 20757: 1161, 20758: 1012, 20759: 62344, 20761: 1482, 20762: 75453, 20763: 63099, 20764: 1084, 20765: 63099, 20766: 63099, 20768: 184, 20769: 395, 20770: 77145, 20773: 70500, 20774: 1154, 20775: 69990, 20777: 1391, 20778: 70500, 20779: 1399, 20781: 1457, 20782: 49332, 20784: 57290, 20785: 2048, 20786: 70500, 20789: 1347, 20790: 58543, 20791: 70342, 20792: 46793, 20793: 146, 20794: 49332, 20795: 59008, 20796: 1188, 20797: 75421, 20798: 13699, 20799: 70373, 20800: 1482, 20802: 69242, 20803: 85710, 20804: 57309, 20805: 69242, 20806: 1391, 20807: 72051, 20808: 82067, 20809: 1291, 20810: 63099, 20811: 57070, 20813: 48266, 20814: 1482, 20815: 85687, 20816: 57455, 20817: 85687, 20818: 1391, 20819: 1502, 20820: 1167, 20821: 1116, 20822: 85687, 20823: 46494, 20824: 57417, 20825: 75453, 20826: 75379, 20827: 46494, 20828: 184, 20829: 67720, 20831: 57290, 20832: 57639, 20833: 1291, 20834: 728, 20835: 1502, 20836: 1583, 20837: 57070, 20838: 57070, 20840: 2048, 20841: 1412, 20842: 1357, 20843: 226, 20844: 57455, 20845: 65877, 20846: 1300, 20850: 65877, 20852: 90927, 20853: 51797, 20854: 72051, 20856: 46793, 20858: 48266, 20859: 82070, 20860: 63882, 20861: 63882, 20862: 82070, 20863: 82070, 20864: 395, 20872: 953, 20873: 395, 20874: 0, 20875: 91053, 20876: 683, 20877: 83288, 20881: 75379, 20883: 75453, 20884: 57972, 20885: 59008, 20886: 64727, 20887: 1540, 20888: 82070, 20889: 683, 20890: 64727, 20891: 1391, 20892: 82070, 20894: 85669, 20895: 64790, 20897: 1540, 20900: 1457, 20901: 75379, 20902: 72039, 20904: 63099, 20905: 522, 20906: 765, 20907: 1188, 20909: 65877, 20910: 182, 20911: 849, 20913: 72051, 20916: 85669, 20917: 87001, 20918: 73383, 20919: 63882, 20921: 58543, 20922: 82070, 20923: 690, 20925: 1294, 20926: 85700, 20928: 1300, 20929: 51797, 20930: 61726, 20931: 51797, 20932: 1288, 20933: 57290, 20934: 63099, 20935: 82070, 20936: 91053, 20937: 1399, 20938: 1193, 20939: 1502, 20940: 1223, 20941: 72039, 20942: 1399, 20943: 69985, 20944: 1193, 20948: 83288, 20949: 1193, 20950: 87001, 20951: 1300, 20953: 64727, 20954: 68173, 20955: 1457, 20956: 57639, 20958: 57639, 20959: 65877, 20960: 54448, 20961: 1012, 20962: 1300, 20963: 69995, 20964: 72039, 20965: 91053, 20966: 64790, 20967: 1054, 20968: 44206, 20969: 85700, 20970: 57972, 20971: 63756, 20973: 85710, 20974: 59008, 20975: 1154, 20977: 85710, 20978: 63756, 20979: 0, 20980: 63756, 20981: 49332, 20982: 72039, 20983: 1054, 20985: 72039, 20986: 728, 20987: 64790, 20988: 1054, 20990: 85710, 20992: 68650, 20993: 72039, 20995: 1012, 20997: 83288, 20998: 82070, 20999: 87001, 21000: 63882, 21001: 70500, 21002: 57639, 21003: 57972, 21005: 83288, 21006: 72051, 21007: 2048, 21008: 69995, 21009: 65877, 21011: 72039, 21012: 87001, 21013: 57290, 21014: 65877, 21015: 91053, 21016: 72051, 21017: 64790, 21018: 1193, 21019: 184, 21020: 69985, 21021: 1543, 21022: 75379, 21023: 63270, 21028: 86055, 21030: 85700, 21032: 52945, 21033: 35245, 21034: 1154, 21035: 58543, 21036: 35259, 21037: 1223, 21038: 728, 21039: 63270, 21041: 85700, 21043: 67720, 21045: 1188, 21047: 86055, 21050: 83288, 21053: 1294, 21055: 82080, 21056: 1585, 21057: 1107, 21058: 1107, 21059: 395, 21060: 1107, 21061: 46494, 21062: 1502, 21063: 1014, 21064: 57381, 21065: 1543, 21066: 1188, 21067: 683, 21068: 73383, 21069: 46494, 21070: 69990, 21072: 1107, 21073: 1182, 21074: 67720, 21075: 78645, 21077: 1540, 21084: 1617, 21085: 2114, 21086: 89226, 21087: 87984, 21091: 1012, 21092: 78631, 21093: 63270, 21096: 2114, 21097: 53429, 21098: 65941, 21099: 2114, 21100: 2076, 21101: 57649, 21102: 80140, 21103: 1457, 21104: 51797, 21105: 88653, 21106: 2346, 21107: 62344, 21108: 2346, 21109: 2114, 21110: 90942, 21112: 75379, 21113: 88653, 21115: 2346, 21116: 80140, 21117: 57649, 21118: 88486, 21119: 2076, 21120: 2076, 21121: 74355, 21123: 57649, 21124: 2076, 21125: 53429, 21126: 57649, 21127: 56939, 21128: 74355, 21129: 74355, 21130: 53429, 21132: 57649, 21133: 87984, 21134: 53429, 21135: 56939, 21136: 53429, 21138: 57649, 21139: 56939, 21140: 57649, 21141: 86157, 21142: 80140, 21143: 53429, 21144: 2114, 21145: 53429, 21146: 89226, 21147: 88653, 21148: 53429, 21149: 80140, 21150: 80140, 21151: 86213, 21153: 53429, 21154: 1223, 21155: 86157, 21156: 87984, 21157: 1288, 21159: 2346, 21163: 146, 21164: 86157, 21165: 80140, 21166: 90998, 21167: 87984, 21168: 90998, 21170: 90998, 21171: 86213, 21172: 57649, 21173: 2076, 21174: 2114, 21175: 0, 21176: 2076, 21177: 87984, 21178: 88653, 21179: 56939, 21180: 2346, 21181: 57649, 21182: 86157, 21184: 87984, 21185: 0, 21186: 2076, 21187: 0, 21188: 0, 21189: 0, 21190: 63270, 21191: 184, 21192: 1223, 21193: 70500, 21194: 0, 21195: 1167, 21196: 70342, 21197: 74355, 21198: 2114, 21199: 86213, 21203: 2076, 21205: 53429, 21206: 86213, 21208: 87984, 21209: 89226, 21223: 1585, 21226: 1014, 21227: 69985, 21228: 46494, 21229: 395, 21230: 78645, 21231: 395, 21232: 1259, 21233: 683, 21234: 70342, 21235: 1259, 21236: 57381, 21237: 71117, 21238: 1543, 21239: 72051, 21240: 1107, 21241: 1347, 21244: 66626, 21249: 1012, 21262: 57070, 21265: 13699, 21271: 91053, 21279: 59008, 21280: 59008, 21288: 57290, 21290: 51797, 21298: 57639, 21303: 1347, 21304: 35259, 21305: 35259, 21306: 226, 21307: 64790, 21308: 1113, 21311: 1540, 21312: 1294, 21313: 35259, 21314: 88486, 21315: 57417, 21316: 1054, 21317: 1347, 21318: 57455, 21319: 51797, 21322: 690, 21324: 13828, 21325: 13828, 21326: 35259, 21327: 1347, 21328: 519, 21329: 78626, 21331: 72039, 21333: 57455, 21334: 57455, 21335: 226, 21336: 765, 21338: 1502, 21339: 1054, 21340: 1107, 21341: 1294, 21344: 1300, 21345: 72039, 21346: 91053, 21348: 63099, 21349: 0, 21351: 69990, 21354: 519, 21356: 90927, 21357: 75379, 21358: 184, 21363: 57257, 21366: 65941, 21369: 765, 21370: 63756, 21378: 68173, 21384: 44206, 21398: 78626, 21445: 74355, 21446: 62344, 21447: 1347, 21448: 67720, 21450: 1014, 21454: 68173, 21455: 683, 21460: 0, 21462: 82080, 21463: 75453, 21465: 0, 21468: 1391, 21470: 226, 21474: 686, 21475: 1012, 21477: 91896, 21478: 61726, 21479: 1107, 21480: 519, 21481: 1161, 21482: 1161, 21483: 70373, 21484: 69995, 21487: 51797, 21488: 65161, 21489: 91053, 21490: 1259, 21491: 1113, 21492: 1161, 21493: 50453, 21494: 342}",0.0,duplicado
649988.8416573335,Cruzamento,1733628524.6284902,95,"{20331: 57309, 20332: 65341, 20333: 82085, 20334: 57070, 20335: 1182, 20336: 1489, 20337: 1291, 20338: 1084, 20339: 46793, 20340: 1412, 20341: 1294, 20342: 1182, 20343: 70342, 20344: 849, 20345: 63099, 20346: 1084, 20347: 1489, 20348: 48266, 20349: 1347, 20350: 69990, 20351: 1347, 20352: 57309, 20353: 57257, 20354: 46793, 20355: 1347, 20356: 849, 20357: 1583, 20358: 2048, 20359: 1291, 20360: 765, 20361: 75421, 20362: 1489, 20363: 1412, 20364: 70342, 20365: 70171, 20366: 70171, 20367: 77145, 20368: 65341, 20369: 75453, 20370: 48266, 20371: 1347, 20372: 46793, 20373: 1617, 20378: 65341, 20379: 75421, 20380: 1489, 20381: 1182, 20383: 57257, 20384: 63099, 20385: 57257, 20386: 13699, 20387: 70342, 20388: 1084, 20389: 75421, 20392: 849, 20393: 69242, 20394: 51797, 20395: 48266, 20396: 449, 20397: 1583, 20398: 765, 20399: 44206, 20400: 46793, 20401: 1412, 20402: 48266, 20403: 184, 20404: 743, 20405: 82080, 20406: 728, 20407: 395, 20408: 449, 20409: 35259, 20410: 690, 20411: 67720, 20412: 75379, 20413: 1482, 20414: 67720, 20415: 71117, 20416: 70342, 20417: 57381, 20418: 82080, 20419: 519, 20421: 1294, 20422: 1489, 20423: 1585, 20427: 44206, 20428: 57381, 20429: 449, 20432: 1543, 20433: 449, 20434: 46494, 20436: 805, 20437: 69242, 20438: 69990, 20439: 1259, 20440: 743, 20441: 46494, 20442: 69985, 20443: 690, 20444: 82080, 20445: 805, 20446: 67720, 20447: 78645, 20449: 1012, 20450: 69995, 20451: 80479, 20452: 57455, 20453: 57455, 20454: 52945, 20455: 913, 20456: 50588, 20457: 51797, 20458: 913, 20459: 1161, 20460: 1585, 20461: 63270, 20462: 69995, 20463: 49332, 20465: 65341, 20466: 1012, 20467: 1291, 20468: 1107, 20469: 1259, 20471: 57381, 20472: 57381, 20473: 743, 20475: 72051, 20476: 1617, 20481: 1107, 20482: 75379, 20484: 52945, 20485: 75379, 20486: 54448, 20487: 449, 20488: 1188, 20489: 69990, 20490: 70342, 20491: 67720, 20492: 805, 20493: 1107, 20494: 46494, 20495: 683, 20496: 75453, 20497: 50588, 20499: 65877, 20501: 44206, 20503: 57639, 20504: 69990, 20505: 62344, 20506: 85710, 20507: 1357, 20508: 1161, 20509: 50588, 20510: 913, 20511: 85646, 20512: 70342, 20513: 1291, 20514: 64790, 20515: 913, 20517: 69995, 20518: 69995, 20519: 63270, 20520: 52945, 20521: 65161, 20522: 1161, 20523: 1259, 20524: 68173, 20525: 519, 20527: 82080, 20528: 1502, 20530: 46494, 20531: 59008, 20532: 805, 20533: 75421, 20534: 65161, 20535: 48922, 20536: 44206, 20537: 69985, 20538: 69990, 20539: 449, 20540: 690, 20541: 1617, 20542: 75958, 20543: 48922, 20544: 728, 20545: 91896, 20546: 71117, 20547: 64790, 20549: 80479, 20550: 51797, 20552: 1288, 20553: 1502, 20554: 57290, 20555: 62344, 20556: 65877, 20557: 75379, 20558: 1107, 20559: 1391, 20560: 65877, 20561: 85710, 20563: 1167, 20564: 57070, 20565: 69990, 20567: 849, 20569: 52945, 20570: 91896, 20571: 1585, 20572: 1288, 20573: 35259, 20574: 48922, 20575: 44206, 20576: 75958, 20577: 69985, 20578: 1347, 20579: 71117, 20580: 68173, 20581: 1014, 20582: 35259, 20583: 1288, 20584: 71117, 20585: 2048, 20587: 1012, 20588: 63270, 20589: 52945, 20590: 82080, 20591: 57455, 20592: 683, 20593: 805, 20594: 72051, 20595: 59008, 20596: 1347, 20597: 1585, 20599: 64727, 20600: 49332, 20601: 75379, 20602: 35245, 20605: 35245, 20606: 50588, 20607: 913, 20608: 57417, 20609: 1585, 20610: 1482, 20611: 1107, 20612: 686, 20613: 57309, 20614: 1167, 20615: 75453, 20616: 953, 20617: 61726, 20618: 85669, 20619: 1182, 20620: 1054, 20621: 1457, 20622: 849, 20624: 226, 20625: 1457, 20626: 69995, 20628: 1540, 20630: 69995, 20631: 449, 20633: 69242, 20634: 73383, 20635: 1583, 20636: 54448, 20637: 1583, 20638: 226, 20639: 1391, 20640: 52945, 20641: 85669, 20642: 62344, 20643: 1391, 20645: 52945, 20646: 85669, 20647: 57639, 20648: 686, 20650: 686, 20651: 1193, 20652: 686, 20653: 1193, 20654: 85669, 20655: 1412, 20656: 184, 20659: 1585, 20661: 69995, 20662: 70373, 20663: 913, 20669: 522, 20670: 78631, 20671: 57639, 20672: 35259, 20673: 57972, 20675: 61726, 20676: 57972, 20677: 73235, 20678: 62344, 20680: 68173, 20681: 449, 20684: 1347, 20688: 1617, 20689: 69995, 20690: 52945, 20692: 57257, 20693: 85669, 20694: 66626, 20695: 1489, 20696: 1173, 20697: 1182, 20698: 58543, 20699: 63756, 20700: 50588, 20701: 913, 20702: 1167, 20703: 54448, 20704: 66626, 20705: 75379, 20706: 1182, 20707: 70342, 20708: 46494, 20709: 1161, 20710: 1161, 20711: 1543, 20712: 0, 20713: 75421, 20714: 52945, 20715: 690, 20716: 70342, 20717: 57639, 20719: 1585, 20720: 75453, 20721: 913, 20722: 805, 20723: 51797, 20724: 80479, 20725: 85669, 20726: 46793, 20727: 78631, 20729: 1617, 20730: 88486, 20731: 48922, 20732: 1054, 20734: 1288, 20735: 57309, 20736: 1014, 20737: 73383, 20739: 35259, 20740: 57455, 20741: 686, 20742: 1167, 20743: 1116, 20744: 68650, 20746: 69990, 20747: 91053, 20748: 58096, 20749: 69990, 20750: 686, 20751: 1399, 20752: 1502, 20754: 44206, 20757: 1161, 20758: 1012, 20759: 62344, 20761: 1482, 20762: 75453, 20763: 63099, 20764: 1084, 20765: 63099, 20766: 63099, 20768: 184, 20769: 395, 20770: 77145, 20773: 70500, 20774: 1154, 20775: 69990, 20777: 1391, 20778: 70500, 20779: 1399, 20781: 1457, 20782: 49332, 20784: 57290, 20785: 2048, 20786: 70500, 20789: 1347, 20790: 58543, 20791: 70342, 20792: 46793, 20793: 146, 20794: 49332, 20795: 59008, 20796: 1188, 20797: 75421, 20798: 13699, 20799: 70373, 20800: 1482, 20802: 69242, 20803: 85710, 20804: 57309, 20805: 69242, 20806: 1391, 20807: 72051, 20808: 82067, 20809: 1291, 20810: 63099, 20811: 57070, 20813: 48266, 20814: 1482, 20815: 85687, 20816: 57455, 20817: 85687, 20818: 1391, 20819: 1502, 20820: 1167, 20821: 1116, 20822: 85687, 20823: 46494, 20824: 57417, 20825: 75453, 20826: 75379, 20827: 46494, 20828: 184, 20829: 67720, 20831: 57290, 20832: 57639, 20833: 1291, 20834: 728, 20835: 1502, 20836: 1583, 20837: 57070, 20838: 57070, 20840: 2048, 20841: 1412, 20842: 1357, 20843: 226, 20844: 57455, 20845: 65877, 20846: 1300, 20850: 65877, 20852: 90927, 20853: 51797, 20854: 72051, 20856: 46793, 20858: 48266, 20859: 82070, 20860: 63882, 20861: 63882, 20862: 82070, 20863: 82070, 20864: 395, 20872: 953, 20873: 395, 20874: 0, 20875: 91053, 20876: 683, 20877: 83288, 20881: 75379, 20883: 75453, 20884: 57972, 20885: 59008, 20886: 64727, 20887: 1540, 20888: 82070, 20889: 683, 20890: 64727, 20891: 1391, 20892: 82070, 20894: 85669, 20895: 64790, 20897: 1540, 20900: 1457, 20901: 75379, 20902: 72039, 20904: 63099, 20905: 522, 20906: 765, 20907: 1188, 20909: 65877, 20910: 182, 20911: 849, 20913: 72051, 20916: 85669, 20917: 87001, 20918: 73383, 20919: 63882, 20921: 58543, 20922: 82070, 20923: 690, 20925: 1294, 20926: 85700, 20928: 1300, 20929: 51797, 20930: 61726, 20931: 51797, 20932: 1288, 20933: 57290, 20934: 63099, 20935: 82070, 20936: 91053, 20937: 1399, 20938: 1193, 20939: 1502, 20940: 1223, 20941: 72039, 20942: 1399, 20943: 69985, 20944: 1193, 20948: 83288, 20949: 1193, 20950: 87001, 20951: 1300, 20953: 64727, 20954: 68173, 20955: 1457, 20956: 57639, 20958: 57639, 20959: 65877, 20960: 54448, 20961: 1012, 20962: 1300, 20963: 69995, 20964: 72039, 20965: 91053, 20966: 64790, 20967: 1054, 20968: 44206, 20969: 85700, 20970: 57972, 20971: 63756, 20973: 85710, 20974: 59008, 20975: 1154, 20977: 85710, 20978: 63756, 20979: 0, 20980: 63756, 20981: 49332, 20982: 72039, 20983: 1054, 20985: 72039, 20986: 728, 20987: 64790, 20988: 1054, 20990: 85710, 20992: 68650, 20993: 72039, 20995: 1012, 20997: 83288, 20998: 82070, 20999: 87001, 21000: 63882, 21001: 70500, 21002: 57639, 21003: 57972, 21005: 83288, 21006: 72051, 21007: 2048, 21008: 69995, 21009: 65877, 21011: 72039, 21012: 87001, 21013: 57290, 21014: 65877, 21015: 91053, 21016: 72051, 21017: 64790, 21018: 1193, 21019: 184, 21020: 69985, 21021: 1543, 21022: 75379, 21023: 63270, 21028: 86055, 21030: 85700, 21032: 52945, 21033: 35245, 21034: 1154, 21035: 58543, 21036: 35259, 21037: 1223, 21038: 728, 21039: 63270, 21041: 85700, 21043: 67720, 21045: 1188, 21047: 86055, 21050: 83288, 21053: 1294, 21055: 82080, 21056: 1585, 21057: 1107, 21058: 1107, 21059: 395, 21060: 1107, 21061: 46494, 21062: 1502, 21063: 1014, 21064: 57381, 21065: 1543, 21066: 1188, 21067: 683, 21068: 73383, 21069: 46494, 21070: 69990, 21072: 1107, 21073: 1182, 21074: 67720, 21075: 78645, 21077: 1540, 21084: 1617, 21085: 88653, 21086: 90942, 21087: 57649, 21091: 85710, 21092: 58096, 21093: 85646, 21096: 2346, 21097: 74355, 21098: 63756, 21099: 2114, 21100: 2076, 21101: 2346, 21102: 2114, 21103: 1116, 21104: 59008, 21105: 80140, 21106: 2114, 21107: 73235, 21108: 56939, 21109: 56939, 21110: 80140, 21112: 1391, 21113: 89226, 21115: 2114, 21116: 89226, 21117: 80140, 21118: 83288, 21119: 89226, 21120: 2076, 21121: 74355, 21123: 80140, 21124: 88653, 21125: 88653, 21126: 74355, 21127: 56939, 21128: 74355, 21129: 74355, 21130: 53429, 21132: 57649, 21133: 87984, 21134: 53429, 21135: 56939, 21136: 53429, 21138: 57649, 21139: 56939, 21140: 57649, 21141: 86157, 21142: 80140, 21143: 53429, 21144: 2114, 21145: 53429, 21146: 89226, 21147: 88653, 21148: 53429, 21149: 80140, 21150: 80140, 21151: 86213, 21153: 53429, 21154: 1223, 21155: 86157, 21156: 87984, 21157: 1288, 21159: 2346, 21163: 146, 21164: 86157, 21165: 80140, 21166: 90998, 21167: 87984, 21168: 90998, 21170: 90998, 21171: 86213, 21172: 57649, 21173: 2076, 21174: 2114, 21175: 0, 21176: 2076, 21177: 87984, 21178: 88653, 21179: 56939, 21180: 2346, 21181: 57649, 21182: 86157, 21184: 87984, 21185: 0, 21186: 2076, 21187: 0, 21188: 0, 21189: 0, 21190: 63270, 21191: 184, 21192: 1223, 21193: 70500, 21194: 0, 21195: 1167, 21196: 70342, 21197: 74355, 21198: 2114, 21199: 86213, 21203: 2076, 21205: 53429, 21206: 86213, 21208: 87984, 21209: 89226, 21223: 1585, 21226: 1014, 21227: 69985, 21228: 46494, 21229: 395, 21230: 78645, 21231: 395, 21232: 1259, 21233: 683, 21234: 70342, 21235: 1259, 21236: 57381, 21237: 71117, 21238: 1543, 21239: 72051, 21240: 1107, 21241: 1347, 21244: 66626, 21249: 1012, 21262: 57070, 21265: 13699, 21271: 91053, 21279: 59008, 21280: 59008, 21288: 57290, 21290: 51797, 21298: 57639, 21303: 1347, 21304: 35259, 21305: 35259, 21306: 226, 21307: 64790, 21308: 1113, 21311: 1540, 21312: 1294, 21313: 35259, 21314: 88486, 21315: 57417, 21316: 1054, 21317: 1347, 21318: 57455, 21319: 51797, 21322: 690, 21324: 13828, 21325: 13828, 21326: 35259, 21327: 1347, 21328: 519, 21329: 78626, 21331: 72039, 21333: 57455, 21334: 57455, 21335: 226, 21336: 765, 21338: 1502, 21339: 1054, 21340: 1107, 21341: 1294, 21344: 1300, 21345: 72039, 21346: 91053, 21348: 63099, 21349: 0, 21351: 69990, 21354: 519, 21356: 90927, 21357: 75379, 21358: 184, 21363: 57257, 21366: 65941, 21369: 765, 21370: 63756, 21378: 68173, 21384: 44206, 21398: 78626, 21445: 74355, 21446: 62344, 21447: 1347, 21448: 67720, 21450: 1014, 21454: 68173, 21455: 683, 21460: 0, 21462: 82080, 21463: 75453, 21465: 0, 21468: 1391, 21470: 226, 21474: 686, 21475: 1012, 21477: 91896, 21478: 61726, 21479: 1107, 21480: 519, 21481: 1161, 21482: 1161, 21483: 70373, 21484: 69995, 21487: 51797, 21488: 65161, 21489: 91053, 21490: 1259, 21491: 1113, 21492: 1161, 21493: 50453, 21494: 342}",0.0,duplicado
653166.9197406666,Cruzamento,1733628524.6284902,95,"{20331: 1084, 20332: 46793, 20333: 1489, 20334: 1412, 20335: 1294, 20336: 82085, 20337: 65341, 20338: 48266, 20339: 46793, 20340: 1412, 20341: 1294, 20342: 1182, 20343: 70342, 20344: 849, 20345: 63099, 20346: 1084, 20347: 1489, 20348: 48266, 20349: 1347, 20350: 69990, 20351: 1347, 20352: 57309, 20353: 57257, 20354: 46793, 20355: 1347, 20356: 849, 20357: 1583, 20358: 2048, 20359: 1291, 20360: 765, 20361: 75421, 20362: 1489, 20363: 1412, 20364: 70342, 20365: 70171, 20366: 70171, 20367: 77145, 20368: 65341, 20369: 75453, 20370: 48266, 20371: 1347, 20372: 46793, 20373: 1617, 20378: 65341, 20379: 75421, 20380: 1489, 20381: 1182, 20383: 57257, 20384: 63099, 20385: 57257, 20386: 13699, 20387: 70342, 20388: 1084, 20389: 75421, 20392: 849, 20393: 69242, 20394: 51797, 20395: 48266, 20396: 449, 20397: 1583, 20398: 765, 20399: 44206, 20400: 46793, 20401: 1412, 20402: 48266, 20403: 184, 20404: 743, 20405: 82080, 20406: 728, 20407: 395, 20408: 449, 20409: 35259, 20410: 690, 20411: 67720, 20412: 75379, 20413: 1482, 20414: 67720, 20415: 71117, 20416: 70342, 20417: 57381, 20418: 82080, 20419: 519, 20421: 1294, 20422: 1489, 20423: 1585, 20427: 44206, 20428: 57381, 20429: 449, 20432: 1543, 20433: 449, 20434: 46494, 20436: 805, 20437: 69242, 20438: 69990, 20439: 1259, 20440: 743, 20441: 46494, 20442: 69985, 20443: 690, 20444: 82080, 20445: 805, 20446: 67720, 20447: 78645, 20449: 1012, 20450: 69995, 20451: 80479, 20452: 57455, 20453: 57455, 20454: 52945, 20455: 913, 20456: 50588, 20457: 51797, 20458: 913, 20459: 1161, 20460: 1585, 20461: 63270, 20462: 69995, 20463: 49332, 20465: 65341, 20466: 1012, 20467: 1291, 20468: 1107, 20469: 1259, 20471: 57381, 20472: 57381, 20473: 743, 20475: 72051, 20476: 1617, 20481: 1107, 20482: 75379, 20484: 52945, 20485: 75379, 20486: 54448, 20487: 449, 20488: 1188, 20489: 69990, 20490: 70342, 20491: 67720, 20492: 805, 20493: 1107, 20494: 46494, 20495: 683, 20496: 75453, 20497: 50588, 20499: 65877, 20501: 44206, 20503: 57639, 20504: 69990, 20505: 62344, 20506: 85710, 20507: 1357, 20508: 1161, 20509: 50588, 20510: 913, 20511: 85646, 20512: 70342, 20513: 1291, 20514: 64790, 20515: 913, 20517: 69995, 20518: 69995, 20519: 63270, 20520: 52945, 20521: 65161, 20522: 1161, 20523: 1259, 20524: 68173, 20525: 519, 20527: 82080, 20528: 1502, 20530: 46494, 20531: 59008, 20532: 805, 20533: 75421, 20534: 65161, 20535: 48922, 20536: 44206, 20537: 69985, 20538: 69990, 20539: 449, 20540: 690, 20541: 1617, 20542: 75958, 20543: 48922, 20544: 728, 20545: 91896, 20546: 71117, 20547: 64790, 20549: 80479, 20550: 51797, 20552: 1288, 20553: 1502, 20554: 57290, 20555: 62344, 20556: 65877, 20557: 75379, 20558: 1107, 20559: 1391, 20560: 65877, 20561: 85710, 20563: 1167, 20564: 57070, 20565: 69990, 20567: 849, 20569: 52945, 20570: 91896, 20571: 1585, 20572: 1288, 20573: 35259, 20574: 48922, 20575: 44206, 20576: 75958, 20577: 69985, 20578: 1347, 20579: 71117, 20580: 68173, 20581: 1014, 20582: 35259, 20583: 1288, 20584: 71117, 20585: 2048, 20587: 1012, 20588: 63270, 20589: 52945, 20590: 82080, 20591: 57455, 20592: 683, 20593: 805, 20594: 72051, 20595: 59008, 20596: 1347, 20597: 1585, 20599: 64727, 20600: 49332, 20601: 75379, 20602: 35245, 20605: 35245, 20606: 50588, 20607: 913, 20608: 57417, 20609: 1585, 20610: 1482, 20611: 1107, 20612: 686, 20613: 57309, 20614: 1167, 20615: 75453, 20616: 953, 20617: 61726, 20618: 85669, 20619: 1182, 20620: 1054, 20621: 1457, 20622: 849, 20624: 226, 20625: 1457, 20626: 69995, 20628: 1540, 20630: 69995, 20631: 449, 20633: 69242, 20634: 73383, 20635: 1583, 20636: 54448, 20637: 1583, 20638: 226, 20639: 1391, 20640: 52945, 20641: 85669, 20642: 62344, 20643: 1391, 20645: 52945, 20646: 85669, 20647: 57639, 20648: 686, 20650: 686, 20651: 1193, 20652: 58096, 20653: 1391, 20654: 953, 20655: 1482, 20656: 1084, 20659: 70342, 20661: 64727, 20662: 57309, 20663: 1161, 20669: 69242, 20670: 65877, 20671: 1540, 20672: 57972, 20673: 57639, 20675: 78631, 20676: 78631, 20677: 61726, 20678: 75379, 20680: 69990, 20681: 1188, 20684: 1543, 20688: 805, 20689: 50588, 20690: 64727, 20692: 1182, 20693: 58096, 20694: 913, 20695: 75453, 20696: 75379, 20697: 184, 20698: 85669, 20699: 63756, 20700: 50588, 20701: 913, 20702: 1167, 20703: 54448, 20704: 66626, 20705: 75379, 20706: 1182, 20707: 70342, 20708: 46494, 20709: 1161, 20710: 1161, 20711: 1543, 20712: 0, 20713: 75421, 20714: 52945, 20715: 690, 20716: 70342, 20717: 57639, 20719: 1585, 20720: 75453, 20721: 913, 20722: 805, 20723: 51797, 20724: 80479, 20725: 85669, 20726: 46793, 20727: 78631, 20729: 1617, 20730: 88486, 20731: 48922, 20732: 1054, 20734: 1288, 20735: 57309, 20736: 1014, 20737: 73383, 20739: 35259, 20740: 57455, 20741: 686, 20742: 1167, 20743: 1116, 20744: 68650, 20746: 69990, 20747: 91053, 20748: 58096, 20749: 69990, 20750: 686, 20751: 1399, 20752: 1502, 20754: 44206, 20757: 1161, 20758: 1012, 20759: 62344, 20761: 1482, 20762: 75453, 20763: 63099, 20764: 1084, 20765: 63099, 20766: 63099, 20768: 184, 20769: 395, 20770: 77145, 20773: 70500, 20774: 1154, 20775: 69990, 20777: 1391, 20778: 70500, 20779: 1399, 20781: 1457, 20782: 49332, 20784: 57290, 20785: 2048, 20786: 70500, 20789: 1347, 20790: 58543, 20791: 70342, 20792: 46793, 20793: 146, 20794: 49332, 20795: 59008, 20796: 1188, 20797: 75421, 20798: 13699, 20799: 70373, 20800: 1482, 20802: 69242, 20803: 85710, 20804: 57309, 20805: 69242, 20806: 1391, 20807: 72051, 20808: 82067, 20809: 1291, 20810: 63099, 20811: 57070, 20813: 48266, 20814: 1482, 20815: 85687, 20816: 57455, 20817: 85687, 20818: 1391, 20819: 1502, 20820: 1167, 20821: 1116, 20822: 85687, 20823: 46494, 20824: 57417, 20825: 75453, 20826: 75379, 20827: 46494, 20828: 184, 20829: 67720, 20831: 57290, 20832: 57639, 20833: 1291, 20834: 728, 20835: 1502, 20836: 1583, 20837: 57070, 20838: 57070, 20840: 2048, 20841: 1412, 20842: 1357, 20843: 226, 20844: 57455, 20845: 65877, 20846: 1300, 20850: 65877, 20852: 90927, 20853: 51797, 20854: 72051, 20856: 46793, 20858: 48266, 20859: 82070, 20860: 63882, 20861: 63882, 20862: 82070, 20863: 82070, 20864: 395, 20872: 953, 20873: 395, 20874: 0, 20875: 91053, 20876: 683, 20877: 83288, 20881: 75379, 20883: 75453, 20884: 57972, 20885: 59008, 20886: 64727, 20887: 1540, 20888: 82070, 20889: 683, 20890: 64727, 20891: 1391, 20892: 82070, 20894: 85669, 20895: 64790, 20897: 1540, 20900: 1457, 20901: 75379, 20902: 72039, 20904: 63099, 20905: 522, 20906: 765, 20907: 1188, 20909: 65877, 20910: 182, 20911: 849, 20913: 72051, 20916: 85669, 20917: 87001, 20918: 73383, 20919: 63882, 20921: 58543, 20922: 82070, 20923: 690, 20925: 1294, 20926: 85700, 20928: 1300, 20929: 51797, 20930: 61726, 20931: 51797, 20932: 1288, 20933: 57290, 20934: 63099, 20935: 82070, 20936: 91053, 20937: 1399, 20938: 1193, 20939: 1502, 20940: 1223, 20941: 72039, 20942: 1399, 20943: 69985, 20944: 1193, 20948: 83288, 20949: 1193, 20950: 87001, 20951: 1300, 20953: 64727, 20954: 68173, 20955: 1457, 20956: 57639, 20958: 57639, 20959: 65877, 20960: 54448, 20961: 1012, 20962: 1300, 20963: 69995, 20964: 72039, 20965: 91053, 20966: 64790, 20967: 1054, 20968: 44206, 20969: 85700, 20970: 57972, 20971: 63756, 20973: 85710, 20974: 59008, 20975: 1154, 20977: 85710, 20978: 63756, 20979: 0, 20980: 63756, 20981: 49332, 20982: 72039, 20983: 1054, 20985: 72039, 20986: 728, 20987: 64790, 20988: 1054, 20990: 85710, 20992: 68650, 20993: 72039, 20995: 1012, 20997: 83288, 20998: 82070, 20999: 87001, 21000: 63882, 21001: 70500, 21002: 57639, 21003: 57972, 21005: 83288, 21006: 72051, 21007: 2048, 21008: 69995, 21009: 65877, 21011: 72039, 21012: 87001, 21013: 57290, 21014: 65877, 21015: 91053, 21016: 72051, 21017: 64790, 21018: 1193, 21019: 184, 21020: 69985, 21021: 1543, 21022: 75379, 21023: 63270, 21028: 86055, 21030: 85700, 21032: 52945, 21033: 35245, 21034: 1154, 21035: 58543, 21036: 35259, 21037: 1223, 21038: 728, 21039: 63270, 21041: 85700, 21043: 67720, 21045: 1188, 21047: 86055, 21050: 83288, 21053: 1294, 21055: 82080, 21056: 1585, 21057: 1107, 21058: 1107, 21059: 395, 21060: 1107, 21061: 46494, 21062: 1502, 21063: 1014, 21064: 57381, 21065: 1543, 21066: 1188, 21067: 683, 21068: 73383, 21069: 46494, 21070: 69990, 21072: 1107, 21073: 1182, 21074: 67720, 21075: 78645, 21077: 1540, 21084: 1617, 21085: 2114, 21086: 89226, 21087: 87984, 21091: 1012, 21092: 78631, 21093: 63270, 21096: 2114, 21097: 53429, 21098: 65941, 21099: 2114, 21100: 2076, 21101: 57649, 21102: 80140, 21103: 1457, 21104: 51797, 21105: 88653, 21106: 2346, 21107: 62344, 21108: 2346, 21109: 2114, 21110: 90942, 21112: 75379, 21113: 88653, 21115: 2346, 21116: 80140, 21117: 57649, 21118: 88486, 21119: 2076, 21120: 2076, 21121: 74355, 21123: 57649, 21124: 2076, 21125: 53429, 21126: 57649, 21127: 56939, 21128: 74355, 21129: 74355, 21130: 53429, 21132: 57649, 21133: 87984, 21134: 53429, 21135: 56939, 21136: 53429, 21138: 57649, 21139: 56939, 21140: 57649, 21141: 86157, 21142: 80140, 21143: 53429, 21144: 2114, 21145: 53429, 21146: 89226, 21147: 88653, 21148: 53429, 21149: 80140, 21150: 80140, 21151: 86213, 21153: 53429, 21154: 1223, 21155: 86157, 21156: 87984, 21157: 1288, 21159: 2346, 21163: 146, 21164: 86157, 21165: 80140, 21166: 90998, 21167: 87984, 21168: 90998, 21170: 90998, 21171: 86213, 21172: 57649, 21173: 2076, 21174: 2114, 21175: 0, 21176: 2076, 21177: 87984, 21178: 88653, 21179: 56939, 21180: 2346, 21181: 57649, 21182: 86157, 21184: 87984, 21185: 0, 21186: 2076, 21187: 0, 21188: 0, 21189: 0, 21190: 63270, 21191: 184, 21192: 1223, 21193: 70500, 21194: 0, 21195: 1167, 21196: 70342, 21197: 74355, 21198: 2114, 21199: 86213, 21203: 2076, 21205: 53429, 21206: 86213, 21208: 87984, 21209: 89226, 21223: 1585, 21226: 1014, 21227: 69985, 21228: 46494, 21229: 395, 21230: 78645, 21231: 395, 21232: 1259, 21233: 683, 21234: 70342, 21235: 1259, 21236: 57381, 21237: 71117, 21238: 1543, 21239: 72051, 21240: 1107, 21241: 1347, 21244: 66626, 21249: 1012, 21262: 57070, 21265: 13699, 21271: 91053, 21279: 59008, 21280: 59008, 21288: 57290, 21290: 51797, 21298: 57639, 21303: 1347, 21304: 35259, 21305: 35259, 21306: 226, 21307: 64790, 21308: 1113, 21311: 1540, 21312: 1294, 21313: 35259, 21314: 88486, 21315: 57417, 21316: 1054, 21317: 1347, 21318: 57455, 21319: 51797, 21322: 690, 21324: 13828, 21325: 13828, 21326: 35259, 21327: 1347, 21328: 519, 21329: 78626, 21331: 72039, 21333: 57455, 21334: 57455, 21335: 226, 21336: 765, 21338: 1502, 21339: 1054, 21340: 1107, 21341: 1294, 21344: 1300, 21345: 72039, 21346: 91053, 21348: 63099, 21349: 0, 21351: 69990, 21354: 519, 21356: 90927, 21357: 75379, 21358: 184, 21363: 57257, 21366: 65941, 21369: 765, 21370: 63756, 21378: 68173, 21384: 44206, 21398: 78626, 21445: 74355, 21446: 62344, 21447: 1347, 21448: 67720, 21450: 1014, 21454: 68173, 21455: 683, 21460: 0, 21462: 82080, 21463: 75453, 21465: 0, 21468: 1391, 21470: 226, 21474: 686, 21475: 1012, 21477: 91896, 21478: 61726, 21479: 1107, 21480: 519, 21481: 1161, 21482: 1161, 21483: 70373, 21484: 69995, 21487: 51797, 21488: 65161, 21489: 91053, 21490: 1259, 21491: 1113, 21492: 1161, 21493: 50453, 21494: 342}",0.0,filho
650144.5829213328,Cruzamento,1733628527.2952437,96,"{20331: 1084, 20332: 46793, 20333: 1489, 20334: 1412, 20335: 1294, 20336: 82085, 20337: 65341, 20338: 48266, 20339: 46793, 20340: 1412, 20341: 1294, 20342: 1182, 20343: 70342, 20344: 849, 20345: 63099, 20346: 1084, 20347: 1489, 20348: 48266, 20349: 1347, 20350: 69990, 20351: 1347, 20352: 57309, 20353: 57257, 20354: 46793, 20355: 1347, 20356: 849, 20357: 1583, 20358: 2048, 20359: 1291, 20360: 765, 20361: 75421, 20362: 1489, 20363: 1412, 20364: 70342, 20365: 70171, 20366: 70171, 20367: 77145, 20368: 65341, 20369: 75453, 20370: 48266, 20371: 1347, 20372: 46793, 20373: 1617, 20378: 65341, 20379: 75421, 20380: 1489, 20381: 1182, 20383: 57257, 20384: 63099, 20385: 57257, 20386: 13699, 20387: 70342, 20388: 1084, 20389: 75421, 20392: 849, 20393: 69242, 20394: 51797, 20395: 48266, 20396: 449, 20397: 1583, 20398: 765, 20399: 44206, 20400: 46793, 20401: 1412, 20402: 48266, 20403: 184, 20404: 743, 20405: 82080, 20406: 728, 20407: 395, 20408: 449, 20409: 35259, 20410: 690, 20411: 67720, 20412: 75379, 20413: 1482, 20414: 67720, 20415: 71117, 20416: 70342, 20417: 57381, 20418: 82080, 20419: 519, 20421: 1294, 20422: 1489, 20423: 1585, 20427: 44206, 20428: 57381, 20429: 449, 20432: 1543, 20433: 449, 20434: 46494, 20436: 805, 20437: 69242, 20438: 69990, 20439: 1259, 20440: 743, 20441: 46494, 20442: 69985, 20443: 690, 20444: 82080, 20445: 805, 20446: 67720, 20447: 78645, 20449: 1012, 20450: 69995, 20451: 80479, 20452: 57455, 20453: 57455, 20454: 52945, 20455: 913, 20456: 50588, 20457: 51797, 20458: 913, 20459: 1161, 20460: 1585, 20461: 63270, 20462: 69995, 20463: 49332, 20465: 65341, 20466: 1012, 20467: 1291, 20468: 1107, 20469: 1259, 20471: 57381, 20472: 57381, 20473: 743, 20475: 72051, 20476: 1617, 20481: 1107, 20482: 75379, 20484: 52945, 20485: 75379, 20486: 54448, 20487: 449, 20488: 1188, 20489: 69990, 20490: 70342, 20491: 67720, 20492: 805, 20493: 1107, 20494: 46494, 20495: 683, 20496: 75453, 20497: 50588, 20499: 65877, 20501: 44206, 20503: 57639, 20504: 69990, 20505: 62344, 20506: 85710, 20507: 1357, 20508: 1161, 20509: 50588, 20510: 913, 20511: 85646, 20512: 70342, 20513: 1291, 20514: 64790, 20515: 913, 20517: 69995, 20518: 69995, 20519: 63270, 20520: 52945, 20521: 65161, 20522: 1161, 20523: 1259, 20524: 68173, 20525: 519, 20527: 82080, 20528: 1502, 20530: 46494, 20531: 59008, 20532: 805, 20533: 75421, 20534: 65161, 20535: 48922, 20536: 44206, 20537: 69985, 20538: 69990, 20539: 449, 20540: 690, 20541: 1617, 20542: 75958, 20543: 48922, 20544: 728, 20545: 91896, 20546: 71117, 20547: 64790, 20549: 80479, 20550: 51797, 20552: 1288, 20553: 1502, 20554: 57290, 20555: 62344, 20556: 65877, 20557: 75379, 20558: 1107, 20559: 1391, 20560: 65877, 20561: 85710, 20563: 1167, 20564: 57070, 20565: 69990, 20567: 849, 20569: 52945, 20570: 91896, 20571: 1585, 20572: 1288, 20573: 35259, 20574: 48922, 20575: 44206, 20576: 75958, 20577: 69985, 20578: 1347, 20579: 71117, 20580: 68173, 20581: 1014, 20582: 35259, 20583: 1288, 20584: 71117, 20585: 2048, 20587: 1012, 20588: 63270, 20589: 52945, 20590: 82080, 20591: 57455, 20592: 683, 20593: 805, 20594: 72051, 20595: 59008, 20596: 1347, 20597: 1585, 20599: 64727, 20600: 49332, 20601: 75379, 20602: 35245, 20605: 35245, 20606: 50588, 20607: 913, 20608: 57417, 20609: 1585, 20610: 1482, 20611: 1107, 20612: 686, 20613: 57309, 20614: 1167, 20615: 75453, 20616: 953, 20617: 61726, 20618: 85669, 20619: 1182, 20620: 1054, 20621: 1457, 20622: 849, 20624: 226, 20625: 1457, 20626: 69995, 20628: 1540, 20630: 69995, 20631: 449, 20633: 69242, 20634: 73383, 20635: 1583, 20636: 54448, 20637: 1583, 20638: 226, 20639: 1391, 20640: 52945, 20641: 85669, 20642: 62344, 20643: 1391, 20645: 52945, 20646: 85669, 20647: 57639, 20648: 686, 20650: 686, 20651: 1193, 20652: 58096, 20653: 1391, 20654: 953, 20655: 1482, 20656: 1084, 20659: 70342, 20661: 64727, 20662: 57309, 20663: 1161, 20669: 69242, 20670: 65877, 20671: 1540, 20672: 57972, 20673: 57639, 20675: 78631, 20676: 78631, 20677: 61726, 20678: 75379, 20680: 69990, 20681: 1188, 20684: 1543, 20688: 805, 20689: 50588, 20690: 64727, 20692: 1182, 20693: 58096, 20694: 913, 20695: 75453, 20696: 75379, 20697: 184, 20698: 85669, 20699: 70342, 20700: 54448, 20701: 54448, 20702: 1288, 20703: 66626, 20704: 1173, 20705: 50588, 20706: 57309, 20707: 54448, 20708: 1399, 20709: 1161, 20710: 1161, 20711: 1014, 20712: 0, 20713: 57257, 20714: 52945, 20715: 57290, 20716: 913, 20717: 58543, 20719: 54448, 20720: 75453, 20721: 1012, 20722: 46494, 20723: 1489, 20724: 80479, 20725: 78631, 20726: 46793, 20727: 62344, 20729: 48266, 20730: 1113, 20731: 743, 20732: 765, 20734: 690, 20735: 65877, 20736: 522, 20737: 44206, 20739: 65877, 20740: 1188, 20741: 1357, 20742: 1116, 20743: 78631, 20744: 69995, 20746: 69990, 20747: 57309, 20748: 1107, 20749: 57639, 20750: 849, 20751: 1012, 20752: 190, 20754: 743, 20757: 1585, 20758: 54448, 20759: 57639, 20761: 70373, 20762: 1084, 20763: 63099, 20764: 1617, 20765: 1347, 20766: 70373, 20768: 0, 20769: 519, 20770: 77145, 20773: 1347, 20774: 57290, 20775: 58096, 20777: 1182, 20778: 2048, 20779: 70500, 20781: 57290, 20782: 67720, 20784: 57070, 20785: 57070, 20786: 1167, 20789: 728, 20790: 58543, 20791: 184, 20792: 82085, 20793: 70500, 20794: 49332, 20795: 69242, 20796: 68650, 20797: 2048, 20798: 70373, 20799: 69242, 20800: 1482, 20802: 57381, 20803: 68650, 20804: 68650, 20805: 13699, 20806: 58543, 20807: 57381, 20808: 85687, 20809: 58096, 20810: 46793, 20811: 48266, 20813: 49332, 20814: 49332, 20815: 82067, 20816: 57309, 20817: 82067, 20818: 58096, 20819: 1502, 20820: 85669, 20821: 78631, 20822: 1399, 20823: 1014, 20824: 226, 20825: 849, 20826: 85710, 20827: 62344, 20828: 63270, 20829: 1259, 20831: 1391, 20832: 1399, 20833: 1617, 20834: 86055, 20835: 62344, 20836: 849, 20837: 0, 20838: 1347, 20840: 1583, 20841: 57455, 20842: 83288, 20843: 57290, 20844: 1482, 20845: 57639, 20846: 1223, 20850: 87001, 20852: 57309, 20853: 1457, 20854: 1585, 20856: 686, 20858: 70373, 20859: 82070, 20860: 63882, 20861: 63882, 20862: 82070, 20863: 82070, 20864: 395, 20872: 953, 20873: 226, 20874: 0, 20875: 64727, 20876: 805, 20877: 63882, 20881: 64727, 20883: 70500, 20884: 82070, 20885: 1391, 20886: 67720, 20887: 1457, 20888: 82070, 20889: 1502, 20890: 91053, 20891: 1391, 20892: 72039, 20894: 765, 20895: 44206, 20897: 85669, 20900: 1167, 20901: 68650, 20902: 83288, 20904: 1188, 20905: 73383, 20906: 849, 20907: 1188, 20909: 65877, 20910: 72051, 20911: 1107, 20913: 73383, 20916: 1116, 20917: 84328, 20918: 69990, 20919: 84328, 20921: 63099, 20922: 82070, 20923: 57381, 20925: 1294, 20926: 65941, 20928: 1300, 20929: 51797, 20930: 0, 20931: 1223, 20932: 64790, 20933: 743, 20934: 1193, 20935: 63882, 20936: 65941, 20937: 67720, 20938: 1193, 20939: 395, 20940: 65161, 20941: 87001, 20942: 75379, 20943: 57290, 20944: 59008, 20948: 65877, 20949: 1193, 20950: 63882, 20951: 64790, 20953: 64727, 20954: 48922, 20955: 1116, 20956: 58096, 20958: 63756, 20959: 87001, 20960: 1399, 20961: 1502, 20962: 184, 20963: 146, 20964: 72039, 20965: 65941, 20966: 59008, 20967: 85710, 20968: 75453, 20969: 1300, 20970: 72039, 20971: 59008, 20973: 1054, 20974: 63756, 20975: 58096, 20977: 1399, 20978: 1502, 20979: 1193, 20980: 63756, 20981: 57070, 20982: 83288, 20983: 57972, 20985: 83288, 20986: 1167, 20987: 0, 20988: 63756, 20990: 57972, 20992: 57417, 20993: 83288, 20995: 85710, 20997: 72039, 20998: 63882, 20999: 57972, 21000: 82070, 21001: 78631, 21002: 1167, 21003: 57972, 21005: 83288, 21006: 57070, 21007: 1300, 21008: 69995, 21009: 57972, 21011: 87001, 21012: 84328, 21013: 57639, 21014: 65877, 21015: 91053, 21016: 146, 21017: 85700, 21018: 35245, 21019: 63756, 21020: 68173, 21021: 1188, 21022: 63270, 21023: 1457, 21028: 86055, 21030: 85700, 21032: 54448, 21033: 728, 21034: 57417, 21035: 1399, 21036: 91896, 21037: 2048, 21038: 1457, 21039: 1300, 21041: 72051, 21043: 146, 21045: 75453, 21047: 57290, 21050: 57639, 21053: 1294, 21055: 82080, 21056: 57381, 21057: 449, 21058: 63756, 21059: 1107, 21060: 1107, 21061: 78645, 21062: 1014, 21063: 46494, 21064: 1014, 21065: 1188, 21066: 1259, 21067: 683, 21068: 72051, 21069: 72051, 21070: 57290, 21072: 71117, 21073: 69995, 21074: 1617, 21075: 78645, 21077: 1540, 21084: 67720, 21085: 88653, 21086: 90942, 21087: 57649, 21091: 85710, 21092: 58096, 21093: 85646, 21096: 2346, 21097: 74355, 21098: 63756, 21099: 2114, 21100: 2076, 21101: 2346, 21102: 2114, 21103: 1116, 21104: 59008, 21105: 80140, 21106: 2114, 21107: 73235, 21108: 56939, 21109: 56939, 21110: 80140, 21112: 1391, 21113: 89226, 21115: 2114, 21116: 89226, 21117: 80140, 21118: 83288, 21119: 89226, 21120: 2076, 21121: 74355, 21123: 80140, 21124: 88653, 21125: 88653, 21126: 74355, 21127: 56939, 21128: 74355, 21129: 74355, 21130: 53429, 21132: 57649, 21133: 87984, 21134: 53429, 21135: 56939, 21136: 53429, 21138: 57649, 21139: 56939, 21140: 57649, 21141: 86157, 21142: 80140, 21143: 53429, 21144: 2114, 21145: 53429, 21146: 89226, 21147: 88653, 21148: 53429, 21149: 80140, 21150: 80140, 21151: 86213, 21153: 53429, 21154: 1223, 21155: 86157, 21156: 87984, 21157: 1288, 21159: 2346, 21163: 146, 21164: 86157, 21165: 80140, 21166: 90998, 21167: 87984, 21168: 90998, 21170: 90998, 21171: 86213, 21172: 57649, 21173: 2076, 21174: 2114, 21175: 0, 21176: 2076, 21177: 87984, 21178: 88653, 21179: 56939, 21180: 2346, 21181: 57649, 21182: 86157, 21184: 87984, 21185: 0, 21186: 2076, 21187: 0, 21188: 0, 21189: 0, 21190: 63270, 21191: 184, 21192: 1223, 21193: 70500, 21194: 0, 21195: 1167, 21196: 70342, 21197: 74355, 21198: 2114, 21199: 86213, 21203: 2076, 21205: 53429, 21206: 86213, 21208: 87984, 21209: 89226, 21223: 1585, 21226: 1014, 21227: 69985, 21228: 46494, 21229: 395, 21230: 78645, 21231: 395, 21232: 1259, 21233: 683, 21234: 70342, 21235: 1259, 21236: 57381, 21237: 71117, 21238: 1543, 21239: 72051, 21240: 1107, 21241: 1347, 21244: 66626, 21249: 1012, 21262: 57070, 21265: 13699, 21271: 91053, 21279: 59008, 21280: 59008, 21288: 57290, 21290: 51797, 21298: 57639, 21303: 1347, 21304: 35259, 21305: 35259, 21306: 226, 21307: 64790, 21308: 1113, 21311: 1540, 21312: 1294, 21313: 35259, 21314: 88486, 21315: 57417, 21316: 1054, 21317: 1347, 21318: 57455, 21319: 51797, 21322: 690, 21324: 13828, 21325: 13828, 21326: 35259, 21327: 1347, 21328: 519, 21329: 78626, 21331: 72039, 21333: 57455, 21334: 57455, 21335: 226, 21336: 765, 21338: 1502, 21339: 1054, 21340: 1107, 21341: 1294, 21344: 1300, 21345: 72039, 21346: 91053, 21348: 63099, 21349: 0, 21351: 69990, 21354: 519, 21356: 90927, 21357: 75379, 21358: 184, 21363: 57257, 21366: 65941, 21369: 765, 21370: 63756, 21378: 68173, 21384: 44206, 21398: 78626, 21445: 74355, 21446: 62344, 21447: 1347, 21448: 67720, 21450: 1014, 21454: 68173, 21455: 683, 21460: 0, 21462: 82080, 21463: 75453, 21465: 0, 21468: 1391, 21470: 226, 21474: 686, 21475: 1012, 21477: 91896, 21478: 61726, 21479: 1107, 21480: 519, 21481: 1161, 21482: 1161, 21483: 70373, 21484: 69995, 21487: 51797, 21488: 65161, 21489: 91053, 21490: 1259, 21491: 1113, 21492: 1161, 21493: 50453, 21494: 342}",0.0,duplicado
653956.3345229997,Cruzamento,1733628527.2952437,96,"{20331: 1084, 20332: 46793, 20333: 1489, 20334: 1412, 20335: 1294, 20336: 82085, 20337: 65341, 20338: 48266, 20339: 46793, 20340: 1412, 20341: 1294, 20342: 1182, 20343: 70342, 20344: 849, 20345: 63099, 20346: 1084, 20347: 1489, 20348: 48266, 20349: 1347, 20350: 69990, 20351: 1347, 20352: 57309, 20353: 57257, 20354: 46793, 20355: 1347, 20356: 849, 20357: 1583, 20358: 2048, 20359: 1291, 20360: 765, 20361: 75421, 20362: 1489, 20363: 1412, 20364: 70342, 20365: 70171, 20366: 70171, 20367: 77145, 20368: 65341, 20369: 75453, 20370: 48266, 20371: 1347, 20372: 46793, 20373: 1617, 20378: 65341, 20379: 75421, 20380: 1489, 20381: 1182, 20383: 57257, 20384: 63099, 20385: 57257, 20386: 13699, 20387: 70342, 20388: 1084, 20389: 75421, 20392: 849, 20393: 69242, 20394: 51797, 20395: 48266, 20396: 449, 20397: 1583, 20398: 765, 20399: 44206, 20400: 46793, 20401: 1412, 20402: 48266, 20403: 184, 20404: 743, 20405: 82080, 20406: 728, 20407: 395, 20408: 449, 20409: 35259, 20410: 690, 20411: 67720, 20412: 75379, 20413: 1482, 20414: 67720, 20415: 71117, 20416: 70342, 20417: 57381, 20418: 82080, 20419: 519, 20421: 1294, 20422: 1489, 20423: 1585, 20427: 44206, 20428: 57381, 20429: 449, 20432: 1543, 20433: 449, 20434: 46494, 20436: 805, 20437: 69242, 20438: 69990, 20439: 1259, 20440: 743, 20441: 46494, 20442: 69985, 20443: 690, 20444: 82080, 20445: 805, 20446: 67720, 20447: 78645, 20449: 1012, 20450: 69995, 20451: 80479, 20452: 57455, 20453: 57455, 20454: 52945, 20455: 913, 20456: 50588, 20457: 51797, 20458: 913, 20459: 1161, 20460: 1585, 20461: 63270, 20462: 69995, 20463: 49332, 20465: 65341, 20466: 1012, 20467: 1291, 20468: 1107, 20469: 1259, 20471: 57381, 20472: 57381, 20473: 743, 20475: 72051, 20476: 1617, 20481: 1107, 20482: 75379, 20484: 52945, 20485: 75379, 20486: 54448, 20487: 449, 20488: 1188, 20489: 69990, 20490: 70342, 20491: 67720, 20492: 805, 20493: 1107, 20494: 46494, 20495: 683, 20496: 75453, 20497: 50588, 20499: 65877, 20501: 44206, 20503: 57639, 20504: 69990, 20505: 62344, 20506: 85710, 20507: 1357, 20508: 1161, 20509: 50588, 20510: 913, 20511: 85646, 20512: 70342, 20513: 1291, 20514: 64790, 20515: 913, 20517: 69995, 20518: 69995, 20519: 63270, 20520: 52945, 20521: 65161, 20522: 1161, 20523: 1259, 20524: 68173, 20525: 519, 20527: 82080, 20528: 1502, 20530: 46494, 20531: 59008, 20532: 805, 20533: 75421, 20534: 65161, 20535: 48922, 20536: 44206, 20537: 69985, 20538: 69990, 20539: 449, 20540: 690, 20541: 1617, 20542: 75958, 20543: 48922, 20544: 728, 20545: 91896, 20546: 71117, 20547: 64790, 20549: 80479, 20550: 51797, 20552: 1288, 20553: 1502, 20554: 57290, 20555: 62344, 20556: 65877, 20557: 75379, 20558: 1107, 20559: 1391, 20560: 65877, 20561: 85710, 20563: 1167, 20564: 57070, 20565: 69990, 20567: 849, 20569: 52945, 20570: 91896, 20571: 1585, 20572: 1288, 20573: 35259, 20574: 48922, 20575: 44206, 20576: 75958, 20577: 69985, 20578: 1347, 20579: 71117, 20580: 68173, 20581: 1014, 20582: 35259, 20583: 1288, 20584: 71117, 20585: 2048, 20587: 1012, 20588: 63270, 20589: 52945, 20590: 82080, 20591: 57455, 20592: 683, 20593: 805, 20594: 72051, 20595: 59008, 20596: 1347, 20597: 1585, 20599: 64727, 20600: 49332, 20601: 75379, 20602: 35245, 20605: 35245, 20606: 50588, 20607: 913, 20608: 57417, 20609: 1585, 20610: 1482, 20611: 1107, 20612: 686, 20613: 57309, 20614: 1167, 20615: 75453, 20616: 953, 20617: 61726, 20618: 85669, 20619: 1182, 20620: 1054, 20621: 1457, 20622: 849, 20624: 226, 20625: 1457, 20626: 69995, 20628: 1540, 20630: 69995, 20631: 449, 20633: 69242, 20634: 73383, 20635: 1583, 20636: 54448, 20637: 1583, 20638: 226, 20639: 1391, 20640: 52945, 20641: 85669, 20642: 62344, 20643: 1391, 20645: 52945, 20646: 85669, 20647: 57639, 20648: 686, 20650: 686, 20651: 1193, 20652: 58096, 20653: 1391, 20654: 953, 20655: 1482, 20656: 1084, 20659: 70342, 20661: 64727, 20662: 57309, 20663: 1161, 20669: 69242, 20670: 65877, 20671: 1540, 20672: 57972, 20673: 57639, 20675: 78631, 20676: 78631, 20677: 61726, 20678: 75379, 20680: 69990, 20681: 1188, 20684: 1543, 20688: 805, 20689: 50588, 20690: 64727, 20692: 1182, 20693: 58096, 20694: 913, 20695: 75453, 20696: 75379, 20697: 184, 20698: 85669, 20699: 63756, 20700: 50588, 20701: 913, 20702: 1167, 20703: 54448, 20704: 66626, 20705: 75379, 20706: 1182, 20707: 70342, 20708: 46494, 20709: 1161, 20710: 1161, 20711: 1543, 20712: 0, 20713: 75421, 20714: 52945, 20715: 690, 20716: 70342, 20717: 57639, 20719: 1585, 20720: 75453, 20721: 913, 20722: 805, 20723: 51797, 20724: 80479, 20725: 85669, 20726: 46793, 20727: 78631, 20729: 1617, 20730: 88486, 20731: 48922, 20732: 1054, 20734: 1288, 20735: 57309, 20736: 1014, 20737: 73383, 20739: 35259, 20740: 57455, 20741: 686, 20742: 1167, 20743: 1116, 20744: 68650, 20746: 69990, 20747: 91053, 20748: 58096, 20749: 69990, 20750: 686, 20751: 1399, 20752: 1502, 20754: 44206, 20757: 1161, 20758: 1012, 20759: 62344, 20761: 1482, 20762: 75453, 20763: 63099, 20764: 1084, 20765: 63099, 20766: 63099, 20768: 184, 20769: 395, 20770: 77145, 20773: 70500, 20774: 1154, 20775: 69990, 20777: 1391, 20778: 70500, 20779: 1399, 20781: 1457, 20782: 49332, 20784: 57290, 20785: 2048, 20786: 70500, 20789: 1347, 20790: 58543, 20791: 70342, 20792: 46793, 20793: 146, 20794: 49332, 20795: 59008, 20796: 1188, 20797: 75421, 20798: 13699, 20799: 70373, 20800: 1482, 20802: 69242, 20803: 85710, 20804: 57309, 20805: 69242, 20806: 1391, 20807: 72051, 20808: 82067, 20809: 1291, 20810: 63099, 20811: 57070, 20813: 48266, 20814: 1482, 20815: 85687, 20816: 57455, 20817: 85687, 20818: 1391, 20819: 1502, 20820: 1167, 20821: 1116, 20822: 85687, 20823: 46494, 20824: 57417, 20825: 75453, 20826: 75379, 20827: 46494, 20828: 184, 20829: 67720, 20831: 57290, 20832: 57639, 20833: 1291, 20834: 728, 20835: 1502, 20836: 1583, 20837: 57070, 20838: 57070, 20840: 2048, 20841: 1412, 20842: 1357, 20843: 226, 20844: 57455, 20845: 65877, 20846: 1300, 20850: 65877, 20852: 90927, 20853: 51797, 20854: 72051, 20856: 46793, 20858: 48266, 20859: 82070, 20860: 63882, 20861: 63882, 20862: 82070, 20863: 82070, 20864: 395, 20872: 953, 20873: 395, 20874: 0, 20875: 91053, 20876: 683, 20877: 83288, 20881: 75379, 20883: 75453, 20884: 57972, 20885: 59008, 20886: 64727, 20887: 1540, 20888: 82070, 20889: 683, 20890: 64727, 20891: 1391, 20892: 82070, 20894: 85669, 20895: 64790, 20897: 1540, 20900: 1457, 20901: 75379, 20902: 72039, 20904: 63099, 20905: 522, 20906: 765, 20907: 1188, 20909: 65877, 20910: 182, 20911: 849, 20913: 72051, 20916: 85669, 20917: 87001, 20918: 73383, 20919: 63882, 20921: 58543, 20922: 82070, 20923: 690, 20925: 1294, 20926: 85700, 20928: 1300, 20929: 51797, 20930: 61726, 20931: 51797, 20932: 1288, 20933: 57290, 20934: 63099, 20935: 82070, 20936: 91053, 20937: 1399, 20938: 1193, 20939: 1502, 20940: 1223, 20941: 72039, 20942: 1399, 20943: 69985, 20944: 1193, 20948: 83288, 20949: 1193, 20950: 87001, 20951: 1300, 20953: 64727, 20954: 68173, 20955: 1457, 20956: 57639, 20958: 57639, 20959: 65877, 20960: 54448, 20961: 1012, 20962: 1300, 20963: 69995, 20964: 72039, 20965: 91053, 20966: 64790, 20967: 1054, 20968: 44206, 20969: 85700, 20970: 57972, 20971: 63756, 20973: 85710, 20974: 59008, 20975: 1154, 20977: 85710, 20978: 63756, 20979: 0, 20980: 63756, 20981: 49332, 20982: 72039, 20983: 1054, 20985: 72039, 20986: 728, 20987: 64790, 20988: 1054, 20990: 85710, 20992: 68650, 20993: 72039, 20995: 1012, 20997: 83288, 20998: 82070, 20999: 87001, 21000: 63882, 21001: 70500, 21002: 57639, 21003: 57972, 21005: 83288, 21006: 72051, 21007: 2048, 21008: 69995, 21009: 65877, 21011: 72039, 21012: 87001, 21013: 57290, 21014: 65877, 21015: 91053, 21016: 72051, 21017: 64790, 21018: 1193, 21019: 184, 21020: 69985, 21021: 1543, 21022: 75379, 21023: 63270, 21028: 86055, 21030: 85700, 21032: 52945, 21033: 35245, 21034: 1154, 21035: 58543, 21036: 35259, 21037: 1223, 21038: 728, 21039: 63270, 21041: 85700, 21043: 67720, 21045: 1188, 21047: 86055, 21050: 83288, 21053: 1294, 21055: 82080, 21056: 1585, 21057: 1107, 21058: 1107, 21059: 395, 21060: 1107, 21061: 46494, 21062: 1502, 21063: 1014, 21064: 57381, 21065: 1543, 21066: 1188, 21067: 683, 21068: 73383, 21069: 46494, 21070: 69990, 21072: 1107, 21073: 1182, 21074: 67720, 21075: 78645, 21077: 1540, 21084: 1617, 21085: 88653, 21086: 90942, 21087: 57649, 21091: 85710, 21092: 58096, 21093: 85646, 21096: 2346, 21097: 74355, 21098: 63756, 21099: 2114, 21100: 2076, 21101: 2346, 21102: 2114, 21103: 1116, 21104: 59008, 21105: 80140, 21106: 2114, 21107: 73235, 21108: 56939, 21109: 56939, 21110: 80140, 21112: 1391, 21113: 89226, 21115: 2114, 21116: 89226, 21117: 80140, 21118: 83288, 21119: 89226, 21120: 2076, 21121: 74355, 21123: 80140, 21124: 88653, 21125: 88653, 21126: 74355, 21127: 56939, 21128: 74355, 21129: 74355, 21130: 53429, 21132: 57649, 21133: 87984, 21134: 53429, 21135: 56939, 21136: 53429, 21138: 57649, 21139: 56939, 21140: 57649, 21141: 86157, 21142: 80140, 21143: 53429, 21144: 2114, 21145: 53429, 21146: 89226, 21147: 88653, 21148: 53429, 21149: 80140, 21150: 80140, 21151: 86213, 21153: 53429, 21154: 1223, 21155: 86157, 21156: 87984, 21157: 1288, 21159: 2346, 21163: 146, 21164: 86157, 21165: 80140, 21166: 90998, 21167: 87984, 21168: 90998, 21170: 90998, 21171: 86213, 21172: 57649, 21173: 2076, 21174: 2114, 21175: 0, 21176: 2076, 21177: 87984, 21178: 88653, 21179: 56939, 21180: 2346, 21181: 57649, 21182: 86157, 21184: 87984, 21185: 0, 21186: 2076, 21187: 0, 21188: 0, 21189: 0, 21190: 63270, 21191: 184, 21192: 1223, 21193: 70500, 21194: 0, 21195: 1167, 21196: 70342, 21197: 74355, 21198: 2114, 21199: 86213, 21203: 2076, 21205: 53429, 21206: 86213, 21208: 87984, 21209: 89226, 21223: 1585, 21226: 1014, 21227: 69985, 21228: 46494, 21229: 395, 21230: 78645, 21231: 395, 21232: 1259, 21233: 683, 21234: 70342, 21235: 1259, 21236: 57381, 21237: 71117, 21238: 1543, 21239: 72051, 21240: 1107, 21241: 1347, 21244: 66626, 21249: 1012, 21262: 57070, 21265: 13699, 21271: 91053, 21279: 59008, 21280: 59008, 21288: 57290, 21290: 51797, 21298: 57639, 21303: 1347, 21304: 35259, 21305: 35259, 21306: 226, 21307: 64790, 21308: 1113, 21311: 1540, 21312: 1294, 21313: 35259, 21314: 88486, 21315: 57417, 21316: 1054, 21317: 1347, 21318: 57455, 21319: 51797, 21322: 690, 21324: 13828, 21325: 13828, 21326: 35259, 21327: 1347, 21328: 519, 21329: 78626, 21331: 72039, 21333: 57455, 21334: 57455, 21335: 226, 21336: 765, 21338: 1502, 21339: 1054, 21340: 1107, 21341: 1294, 21344: 1300, 21345: 72039, 21346: 91053, 21348: 63099, 21349: 0, 21351: 69990, 21354: 519, 21356: 90927, 21357: 75379, 21358: 184, 21363: 57257, 21366: 65941, 21369: 765, 21370: 63756, 21378: 68173, 21384: 44206, 21398: 78626, 21445: 74355, 21446: 58096, 21447: 1357, 21448: 35259, 21450: 69990, 21454: 48922, 21455: 1014, 21460: 1482, 21462: 1585, 21463: 75453, 21465: 0, 21468: 1391, 21470: 226, 21474: 686, 21475: 1012, 21477: 91896, 21478: 61726, 21479: 1107, 21480: 519, 21481: 1161, 21482: 1161, 21483: 70373, 21484: 69995, 21487: 51797, 21488: 65161, 21489: 91053, 21490: 1259, 21491: 1113, 21492: 1161, 21493: 50453, 21494: 342}",0.0,duplicado
649988.8416573335,Cruzamento,1733628529.5045435,97,"{20331: 57309, 20332: 65341, 20333: 82085, 20334: 57070, 20335: 1182, 20336: 1489, 20337: 1291, 20338: 1084, 20339: 46793, 20340: 1412, 20341: 1294, 20342: 1182, 20343: 70342, 20344: 849, 20345: 63099, 20346: 1084, 20347: 1489, 20348: 48266, 20349: 1347, 20350: 69990, 20351: 1347, 20352: 57309, 20353: 57257, 20354: 46793, 20355: 1347, 20356: 849, 20357: 1583, 20358: 2048, 20359: 1291, 20360: 765, 20361: 75421, 20362: 1489, 20363: 1412, 20364: 70342, 20365: 70171, 20366: 70171, 20367: 77145, 20368: 65341, 20369: 75453, 20370: 48266, 20371: 1347, 20372: 46793, 20373: 1617, 20378: 65341, 20379: 75421, 20380: 1489, 20381: 1182, 20383: 57257, 20384: 63099, 20385: 57257, 20386: 13699, 20387: 70342, 20388: 1084, 20389: 75421, 20392: 849, 20393: 69242, 20394: 51797, 20395: 48266, 20396: 449, 20397: 1583, 20398: 765, 20399: 44206, 20400: 46793, 20401: 1412, 20402: 48266, 20403: 184, 20404: 743, 20405: 82080, 20406: 728, 20407: 395, 20408: 449, 20409: 35259, 20410: 690, 20411: 67720, 20412: 75379, 20413: 1482, 20414: 67720, 20415: 71117, 20416: 70342, 20417: 57381, 20418: 82080, 20419: 519, 20421: 1294, 20422: 1489, 20423: 1585, 20427: 44206, 20428: 57381, 20429: 449, 20432: 1543, 20433: 449, 20434: 46494, 20436: 805, 20437: 69242, 20438: 69990, 20439: 1259, 20440: 743, 20441: 46494, 20442: 69985, 20443: 690, 20444: 82080, 20445: 805, 20446: 67720, 20447: 78645, 20449: 1012, 20450: 69995, 20451: 80479, 20452: 57455, 20453: 57455, 20454: 52945, 20455: 913, 20456: 50588, 20457: 51797, 20458: 913, 20459: 1161, 20460: 1585, 20461: 63270, 20462: 69995, 20463: 49332, 20465: 65341, 20466: 1012, 20467: 1291, 20468: 1107, 20469: 1259, 20471: 57381, 20472: 57381, 20473: 743, 20475: 72051, 20476: 1617, 20481: 1107, 20482: 75379, 20484: 52945, 20485: 75379, 20486: 54448, 20487: 449, 20488: 1188, 20489: 69990, 20490: 70342, 20491: 67720, 20492: 805, 20493: 1107, 20494: 46494, 20495: 683, 20496: 75453, 20497: 50588, 20499: 65877, 20501: 44206, 20503: 57639, 20504: 69990, 20505: 62344, 20506: 85710, 20507: 1357, 20508: 1161, 20509: 50588, 20510: 913, 20511: 85646, 20512: 70342, 20513: 1291, 20514: 64790, 20515: 913, 20517: 69995, 20518: 69995, 20519: 63270, 20520: 52945, 20521: 65161, 20522: 1161, 20523: 1259, 20524: 68173, 20525: 519, 20527: 82080, 20528: 1502, 20530: 46494, 20531: 59008, 20532: 805, 20533: 75421, 20534: 65161, 20535: 48922, 20536: 44206, 20537: 69985, 20538: 69990, 20539: 449, 20540: 690, 20541: 1617, 20542: 75958, 20543: 48922, 20544: 728, 20545: 91896, 20546: 71117, 20547: 64790, 20549: 80479, 20550: 51797, 20552: 1288, 20553: 1502, 20554: 57290, 20555: 62344, 20556: 65877, 20557: 75379, 20558: 1107, 20559: 1391, 20560: 65877, 20561: 85710, 20563: 1167, 20564: 57070, 20565: 69990, 20567: 849, 20569: 52945, 20570: 91896, 20571: 1585, 20572: 1288, 20573: 35259, 20574: 48922, 20575: 44206, 20576: 75958, 20577: 69985, 20578: 1347, 20579: 71117, 20580: 68173, 20581: 1014, 20582: 35259, 20583: 1288, 20584: 71117, 20585: 2048, 20587: 1012, 20588: 63270, 20589: 52945, 20590: 82080, 20591: 57455, 20592: 683, 20593: 805, 20594: 72051, 20595: 59008, 20596: 1347, 20597: 1585, 20599: 64727, 20600: 49332, 20601: 75379, 20602: 35245, 20605: 35245, 20606: 50588, 20607: 913, 20608: 57417, 20609: 1585, 20610: 1482, 20611: 1107, 20612: 686, 20613: 57309, 20614: 1167, 20615: 75453, 20616: 953, 20617: 61726, 20618: 85669, 20619: 1182, 20620: 1054, 20621: 1457, 20622: 849, 20624: 226, 20625: 1457, 20626: 69995, 20628: 1540, 20630: 69995, 20631: 449, 20633: 69242, 20634: 73383, 20635: 1583, 20636: 54448, 20637: 1583, 20638: 226, 20639: 1391, 20640: 52945, 20641: 85669, 20642: 62344, 20643: 1391, 20645: 52945, 20646: 85669, 20647: 57639, 20648: 686, 20650: 686, 20651: 1193, 20652: 686, 20653: 1193, 20654: 85669, 20655: 1412, 20656: 184, 20659: 1585, 20661: 69995, 20662: 70373, 20663: 913, 20669: 522, 20670: 78631, 20671: 57639, 20672: 35259, 20673: 57972, 20675: 61726, 20676: 57972, 20677: 73235, 20678: 62344, 20680: 68173, 20681: 449, 20684: 1347, 20688: 1617, 20689: 69995, 20690: 52945, 20692: 57257, 20693: 85669, 20694: 66626, 20695: 1489, 20696: 1173, 20697: 1182, 20698: 58543, 20699: 63756, 20700: 50588, 20701: 913, 20702: 1167, 20703: 54448, 20704: 66626, 20705: 75379, 20706: 1182, 20707: 70342, 20708: 46494, 20709: 1161, 20710: 1161, 20711: 1543, 20712: 0, 20713: 75421, 20714: 52945, 20715: 690, 20716: 70342, 20717: 57639, 20719: 1585, 20720: 75453, 20721: 913, 20722: 805, 20723: 51797, 20724: 80479, 20725: 85669, 20726: 46793, 20727: 78631, 20729: 1617, 20730: 88486, 20731: 48922, 20732: 1054, 20734: 1288, 20735: 57309, 20736: 1014, 20737: 73383, 20739: 35259, 20740: 57455, 20741: 686, 20742: 1167, 20743: 1116, 20744: 68650, 20746: 69990, 20747: 91053, 20748: 58096, 20749: 69990, 20750: 686, 20751: 1399, 20752: 1502, 20754: 44206, 20757: 1161, 20758: 1012, 20759: 62344, 20761: 1482, 20762: 75453, 20763: 63099, 20764: 1084, 20765: 63099, 20766: 63099, 20768: 184, 20769: 395, 20770: 77145, 20773: 70500, 20774: 1154, 20775: 69990, 20777: 1391, 20778: 70500, 20779: 1399, 20781: 1457, 20782: 49332, 20784: 57290, 20785: 2048, 20786: 70500, 20789: 1347, 20790: 58543, 20791: 70342, 20792: 46793, 20793: 146, 20794: 49332, 20795: 59008, 20796: 1188, 20797: 75421, 20798: 13699, 20799: 70373, 20800: 1482, 20802: 69242, 20803: 85710, 20804: 57309, 20805: 69242, 20806: 1391, 20807: 72051, 20808: 82067, 20809: 1291, 20810: 63099, 20811: 57070, 20813: 48266, 20814: 1482, 20815: 85687, 20816: 57455, 20817: 85687, 20818: 1391, 20819: 1502, 20820: 1167, 20821: 1116, 20822: 85687, 20823: 46494, 20824: 57417, 20825: 75453, 20826: 75379, 20827: 46494, 20828: 184, 20829: 67720, 20831: 57290, 20832: 57639, 20833: 1291, 20834: 728, 20835: 1502, 20836: 1583, 20837: 57070, 20838: 57070, 20840: 2048, 20841: 1412, 20842: 1357, 20843: 226, 20844: 57455, 20845: 65877, 20846: 1300, 20850: 65877, 20852: 90927, 20853: 51797, 20854: 72051, 20856: 46793, 20858: 48266, 20859: 82070, 20860: 63882, 20861: 63882, 20862: 82070, 20863: 82070, 20864: 395, 20872: 953, 20873: 395, 20874: 0, 20875: 91053, 20876: 683, 20877: 83288, 20881: 75379, 20883: 75453, 20884: 57972, 20885: 59008, 20886: 64727, 20887: 1540, 20888: 82070, 20889: 683, 20890: 64727, 20891: 1391, 20892: 82070, 20894: 85669, 20895: 64790, 20897: 1540, 20900: 1457, 20901: 75379, 20902: 72039, 20904: 63099, 20905: 522, 20906: 765, 20907: 1188, 20909: 65877, 20910: 182, 20911: 849, 20913: 72051, 20916: 85669, 20917: 87001, 20918: 73383, 20919: 63882, 20921: 58543, 20922: 82070, 20923: 690, 20925: 1294, 20926: 85700, 20928: 1300, 20929: 51797, 20930: 61726, 20931: 51797, 20932: 1288, 20933: 57290, 20934: 63099, 20935: 82070, 20936: 91053, 20937: 1399, 20938: 1193, 20939: 1502, 20940: 1223, 20941: 72039, 20942: 1399, 20943: 69985, 20944: 1193, 20948: 83288, 20949: 1193, 20950: 87001, 20951: 1300, 20953: 64727, 20954: 68173, 20955: 1457, 20956: 57639, 20958: 57639, 20959: 65877, 20960: 54448, 20961: 1012, 20962: 1300, 20963: 69995, 20964: 72039, 20965: 91053, 20966: 64790, 20967: 1054, 20968: 44206, 20969: 85700, 20970: 57972, 20971: 63756, 20973: 85710, 20974: 59008, 20975: 1154, 20977: 85710, 20978: 63756, 20979: 0, 20980: 63756, 20981: 49332, 20982: 72039, 20983: 1054, 20985: 72039, 20986: 728, 20987: 64790, 20988: 1054, 20990: 85710, 20992: 68650, 20993: 72039, 20995: 1012, 20997: 83288, 20998: 82070, 20999: 87001, 21000: 63882, 21001: 70500, 21002: 57639, 21003: 57972, 21005: 83288, 21006: 72051, 21007: 2048, 21008: 69995, 21009: 65877, 21011: 72039, 21012: 87001, 21013: 57290, 21014: 65877, 21015: 91053, 21016: 72051, 21017: 64790, 21018: 1193, 21019: 184, 21020: 69985, 21021: 1543, 21022: 75379, 21023: 63270, 21028: 86055, 21030: 85700, 21032: 52945, 21033: 35245, 21034: 1154, 21035: 58543, 21036: 35259, 21037: 1223, 21038: 728, 21039: 63270, 21041: 85700, 21043: 67720, 21045: 1188, 21047: 86055, 21050: 83288, 21053: 1294, 21055: 82080, 21056: 1585, 21057: 1107, 21058: 1107, 21059: 395, 21060: 1107, 21061: 46494, 21062: 1502, 21063: 1014, 21064: 57381, 21065: 1543, 21066: 1188, 21067: 683, 21068: 73383, 21069: 46494, 21070: 69990, 21072: 1107, 21073: 1182, 21074: 67720, 21075: 78645, 21077: 1540, 21084: 1617, 21085: 88653, 21086: 90942, 21087: 57649, 21091: 85710, 21092: 58096, 21093: 85646, 21096: 2346, 21097: 74355, 21098: 63756, 21099: 2114, 21100: 2076, 21101: 2346, 21102: 2114, 21103: 1116, 21104: 59008, 21105: 80140, 21106: 2114, 21107: 73235, 21108: 56939, 21109: 56939, 21110: 80140, 21112: 1391, 21113: 89226, 21115: 2114, 21116: 89226, 21117: 80140, 21118: 83288, 21119: 89226, 21120: 2076, 21121: 74355, 21123: 80140, 21124: 88653, 21125: 88653, 21126: 74355, 21127: 56939, 21128: 74355, 21129: 74355, 21130: 53429, 21132: 57649, 21133: 87984, 21134: 53429, 21135: 56939, 21136: 53429, 21138: 57649, 21139: 56939, 21140: 57649, 21141: 86157, 21142: 80140, 21143: 53429, 21144: 2114, 21145: 53429, 21146: 89226, 21147: 88653, 21148: 53429, 21149: 80140, 21150: 80140, 21151: 86213, 21153: 53429, 21154: 1223, 21155: 86157, 21156: 87984, 21157: 1288, 21159: 2346, 21163: 146, 21164: 86157, 21165: 80140, 21166: 90998, 21167: 87984, 21168: 90998, 21170: 90998, 21171: 86213, 21172: 57649, 21173: 2076, 21174: 2114, 21175: 0, 21176: 2076, 21177: 87984, 21178: 88653, 21179: 56939, 21180: 2346, 21181: 57649, 21182: 86157, 21184: 87984, 21185: 0, 21186: 2076, 21187: 0, 21188: 0, 21189: 0, 21190: 63270, 21191: 184, 21192: 1223, 21193: 70500, 21194: 0, 21195: 1167, 21196: 70342, 21197: 74355, 21198: 2114, 21199: 86213, 21203: 2076, 21205: 53429, 21206: 86213, 21208: 87984, 21209: 89226, 21223: 1585, 21226: 1014, 21227: 69985, 21228: 46494, 21229: 395, 21230: 78645, 21231: 395, 21232: 1259, 21233: 683, 21234: 70342, 21235: 1259, 21236: 57381, 21237: 71117, 21238: 1543, 21239: 72051, 21240: 1107, 21241: 1347, 21244: 66626, 21249: 1012, 21262: 57070, 21265: 13699, 21271: 91053, 21279: 59008, 21280: 59008, 21288: 57290, 21290: 51797, 21298: 57639, 21303: 1347, 21304: 35259, 21305: 35259, 21306: 226, 21307: 64790, 21308: 1113, 21311: 1540, 21312: 1294, 21313: 35259, 21314: 88486, 21315: 57417, 21316: 1054, 21317: 1347, 21318: 57455, 21319: 51797, 21322: 690, 21324: 13828, 21325: 13828, 21326: 35259, 21327: 1347, 21328: 519, 21329: 78626, 21331: 72039, 21333: 57455, 21334: 57455, 21335: 226, 21336: 765, 21338: 1502, 21339: 1054, 21340: 1107, 21341: 1294, 21344: 1300, 21345: 72039, 21346: 91053, 21348: 63099, 21349: 0, 21351: 69990, 21354: 519, 21356: 90927, 21357: 75379, 21358: 184, 21363: 57257, 21366: 65941, 21369: 765, 21370: 63756, 21378: 68173, 21384: 44206, 21398: 78626, 21445: 74355, 21446: 62344, 21447: 1347, 21448: 67720, 21450: 1014, 21454: 68173, 21455: 683, 21460: 0, 21462: 82080, 21463: 75453, 21465: 0, 21468: 1391, 21470: 226, 21474: 686, 21475: 1012, 21477: 91896, 21478: 61726, 21479: 1107, 21480: 519, 21481: 1161, 21482: 1161, 21483: 70373, 21484: 69995, 21487: 51797, 21488: 65161, 21489: 91053, 21490: 1259, 21491: 1113, 21492: 1161, 21493: 50453, 21494: 342}",0.0,duplicado
653956.3345229997,Cruzamento,1733628529.5045435,97,"{20331: 1084, 20332: 46793, 20333: 1489, 20334: 1412, 20335: 1294, 20336: 82085, 20337: 65341, 20338: 48266, 20339: 46793, 20340: 1412, 20341: 1294, 20342: 1182, 20343: 70342, 20344: 849, 20345: 63099, 20346: 1084, 20347: 1489, 20348: 48266, 20349: 1347, 20350: 69990, 20351: 1347, 20352: 57309, 20353: 57257, 20354: 46793, 20355: 1347, 20356: 849, 20357: 1583, 20358: 2048, 20359: 1291, 20360: 765, 20361: 75421, 20362: 1489, 20363: 1412, 20364: 70342, 20365: 70171, 20366: 70171, 20367: 77145, 20368: 65341, 20369: 75453, 20370: 48266, 20371: 1347, 20372: 46793, 20373: 1617, 20378: 65341, 20379: 75421, 20380: 1489, 20381: 1182, 20383: 57257, 20384: 63099, 20385: 57257, 20386: 13699, 20387: 70342, 20388: 1084, 20389: 75421, 20392: 849, 20393: 69242, 20394: 51797, 20395: 48266, 20396: 449, 20397: 1583, 20398: 765, 20399: 44206, 20400: 46793, 20401: 1412, 20402: 48266, 20403: 184, 20404: 743, 20405: 82080, 20406: 728, 20407: 395, 20408: 449, 20409: 35259, 20410: 690, 20411: 67720, 20412: 75379, 20413: 1482, 20414: 67720, 20415: 71117, 20416: 70342, 20417: 57381, 20418: 82080, 20419: 519, 20421: 1294, 20422: 1489, 20423: 1585, 20427: 44206, 20428: 57381, 20429: 449, 20432: 1543, 20433: 449, 20434: 46494, 20436: 805, 20437: 69242, 20438: 69990, 20439: 1259, 20440: 743, 20441: 46494, 20442: 69985, 20443: 690, 20444: 82080, 20445: 805, 20446: 67720, 20447: 78645, 20449: 1012, 20450: 69995, 20451: 80479, 20452: 57455, 20453: 57455, 20454: 52945, 20455: 913, 20456: 50588, 20457: 51797, 20458: 913, 20459: 1161, 20460: 1585, 20461: 63270, 20462: 69995, 20463: 49332, 20465: 65341, 20466: 1012, 20467: 1291, 20468: 1107, 20469: 1259, 20471: 57381, 20472: 57381, 20473: 743, 20475: 72051, 20476: 1617, 20481: 1107, 20482: 75379, 20484: 52945, 20485: 75379, 20486: 54448, 20487: 449, 20488: 1188, 20489: 69990, 20490: 70342, 20491: 67720, 20492: 805, 20493: 1107, 20494: 46494, 20495: 683, 20496: 75453, 20497: 50588, 20499: 65877, 20501: 44206, 20503: 57639, 20504: 69990, 20505: 62344, 20506: 85710, 20507: 1357, 20508: 1161, 20509: 50588, 20510: 913, 20511: 85646, 20512: 70342, 20513: 1291, 20514: 64790, 20515: 913, 20517: 69995, 20518: 69995, 20519: 63270, 20520: 52945, 20521: 65161, 20522: 1161, 20523: 1259, 20524: 68173, 20525: 519, 20527: 82080, 20528: 1502, 20530: 46494, 20531: 59008, 20532: 805, 20533: 75421, 20534: 65161, 20535: 48922, 20536: 44206, 20537: 69985, 20538: 69990, 20539: 449, 20540: 690, 20541: 1617, 20542: 75958, 20543: 48922, 20544: 728, 20545: 91896, 20546: 71117, 20547: 64790, 20549: 80479, 20550: 51797, 20552: 1288, 20553: 1502, 20554: 57290, 20555: 62344, 20556: 65877, 20557: 75379, 20558: 1107, 20559: 1391, 20560: 65877, 20561: 85710, 20563: 1167, 20564: 57070, 20565: 69990, 20567: 849, 20569: 52945, 20570: 91896, 20571: 1585, 20572: 1288, 20573: 35259, 20574: 48922, 20575: 44206, 20576: 75958, 20577: 69985, 20578: 1347, 20579: 71117, 20580: 68173, 20581: 1014, 20582: 35259, 20583: 1288, 20584: 71117, 20585: 2048, 20587: 1012, 20588: 63270, 20589: 52945, 20590: 82080, 20591: 57455, 20592: 683, 20593: 805, 20594: 72051, 20595: 59008, 20596: 1347, 20597: 1585, 20599: 64727, 20600: 49332, 20601: 75379, 20602: 35245, 20605: 35245, 20606: 50588, 20607: 913, 20608: 57417, 20609: 1585, 20610: 1482, 20611: 1107, 20612: 686, 20613: 57309, 20614: 1167, 20615: 75453, 20616: 953, 20617: 61726, 20618: 85669, 20619: 1182, 20620: 1054, 20621: 1457, 20622: 849, 20624: 226, 20625: 1457, 20626: 69995, 20628: 1540, 20630: 69995, 20631: 449, 20633: 69242, 20634: 73383, 20635: 1583, 20636: 54448, 20637: 1583, 20638: 226, 20639: 1391, 20640: 52945, 20641: 85669, 20642: 62344, 20643: 1391, 20645: 52945, 20646: 85669, 20647: 57639, 20648: 686, 20650: 686, 20651: 1193, 20652: 58096, 20653: 1391, 20654: 953, 20655: 1482, 20656: 1084, 20659: 70342, 20661: 64727, 20662: 57309, 20663: 1161, 20669: 69242, 20670: 65877, 20671: 1540, 20672: 57972, 20673: 57639, 20675: 78631, 20676: 78631, 20677: 61726, 20678: 75379, 20680: 69990, 20681: 1188, 20684: 1543, 20688: 805, 20689: 50588, 20690: 64727, 20692: 1182, 20693: 58096, 20694: 913, 20695: 75453, 20696: 75379, 20697: 184, 20698: 85669, 20699: 63756, 20700: 50588, 20701: 913, 20702: 1167, 20703: 54448, 20704: 66626, 20705: 75379, 20706: 1182, 20707: 70342, 20708: 46494, 20709: 1161, 20710: 1161, 20711: 1543, 20712: 0, 20713: 75421, 20714: 52945, 20715: 690, 20716: 70342, 20717: 57639, 20719: 1585, 20720: 75453, 20721: 913, 20722: 805, 20723: 51797, 20724: 80479, 20725: 85669, 20726: 46793, 20727: 78631, 20729: 1617, 20730: 88486, 20731: 48922, 20732: 1054, 20734: 1288, 20735: 57309, 20736: 1014, 20737: 73383, 20739: 35259, 20740: 57455, 20741: 686, 20742: 1167, 20743: 1116, 20744: 68650, 20746: 69990, 20747: 91053, 20748: 58096, 20749: 69990, 20750: 686, 20751: 1399, 20752: 1502, 20754: 44206, 20757: 1161, 20758: 1012, 20759: 62344, 20761: 1482, 20762: 75453, 20763: 63099, 20764: 1084, 20765: 63099, 20766: 63099, 20768: 184, 20769: 395, 20770: 77145, 20773: 70500, 20774: 1154, 20775: 69990, 20777: 1391, 20778: 70500, 20779: 1399, 20781: 1457, 20782: 49332, 20784: 57290, 20785: 2048, 20786: 70500, 20789: 1347, 20790: 58543, 20791: 70342, 20792: 46793, 20793: 146, 20794: 49332, 20795: 59008, 20796: 1188, 20797: 75421, 20798: 13699, 20799: 70373, 20800: 1482, 20802: 69242, 20803: 85710, 20804: 57309, 20805: 69242, 20806: 1391, 20807: 72051, 20808: 82067, 20809: 1291, 20810: 63099, 20811: 57070, 20813: 48266, 20814: 1482, 20815: 85687, 20816: 57455, 20817: 85687, 20818: 1391, 20819: 1502, 20820: 1167, 20821: 1116, 20822: 85687, 20823: 46494, 20824: 57417, 20825: 75453, 20826: 75379, 20827: 46494, 20828: 184, 20829: 67720, 20831: 57290, 20832: 57639, 20833: 1291, 20834: 728, 20835: 1502, 20836: 1583, 20837: 57070, 20838: 57070, 20840: 2048, 20841: 1412, 20842: 1357, 20843: 226, 20844: 57455, 20845: 65877, 20846: 1300, 20850: 65877, 20852: 90927, 20853: 51797, 20854: 72051, 20856: 46793, 20858: 48266, 20859: 82070, 20860: 63882, 20861: 63882, 20862: 82070, 20863: 82070, 20864: 395, 20872: 953, 20873: 395, 20874: 0, 20875: 91053, 20876: 683, 20877: 83288, 20881: 75379, 20883: 75453, 20884: 57972, 20885: 59008, 20886: 64727, 20887: 1540, 20888: 82070, 20889: 683, 20890: 64727, 20891: 1391, 20892: 82070, 20894: 85669, 20895: 64790, 20897: 1540, 20900: 1457, 20901: 75379, 20902: 72039, 20904: 63099, 20905: 522, 20906: 765, 20907: 1188, 20909: 65877, 20910: 182, 20911: 849, 20913: 72051, 20916: 85669, 20917: 87001, 20918: 73383, 20919: 63882, 20921: 58543, 20922: 82070, 20923: 690, 20925: 1294, 20926: 85700, 20928: 1300, 20929: 51797, 20930: 61726, 20931: 51797, 20932: 1288, 20933: 57290, 20934: 63099, 20935: 82070, 20936: 91053, 20937: 1399, 20938: 1193, 20939: 1502, 20940: 1223, 20941: 72039, 20942: 1399, 20943: 69985, 20944: 1193, 20948: 83288, 20949: 1193, 20950: 87001, 20951: 1300, 20953: 64727, 20954: 68173, 20955: 1457, 20956: 57639, 20958: 57639, 20959: 65877, 20960: 54448, 20961: 1012, 20962: 1300, 20963: 69995, 20964: 72039, 20965: 91053, 20966: 64790, 20967: 1054, 20968: 44206, 20969: 85700, 20970: 57972, 20971: 63756, 20973: 85710, 20974: 59008, 20975: 1154, 20977: 85710, 20978: 63756, 20979: 0, 20980: 63756, 20981: 49332, 20982: 72039, 20983: 1054, 20985: 72039, 20986: 728, 20987: 64790, 20988: 1054, 20990: 85710, 20992: 68650, 20993: 72039, 20995: 1012, 20997: 83288, 20998: 82070, 20999: 87001, 21000: 63882, 21001: 70500, 21002: 57639, 21003: 57972, 21005: 83288, 21006: 72051, 21007: 2048, 21008: 69995, 21009: 65877, 21011: 72039, 21012: 87001, 21013: 57290, 21014: 65877, 21015: 91053, 21016: 72051, 21017: 64790, 21018: 1193, 21019: 184, 21020: 69985, 21021: 1543, 21022: 75379, 21023: 63270, 21028: 86055, 21030: 85700, 21032: 52945, 21033: 35245, 21034: 1154, 21035: 58543, 21036: 35259, 21037: 1223, 21038: 728, 21039: 63270, 21041: 85700, 21043: 67720, 21045: 1188, 21047: 86055, 21050: 83288, 21053: 1294, 21055: 82080, 21056: 1585, 21057: 1107, 21058: 1107, 21059: 395, 21060: 1107, 21061: 46494, 21062: 1502, 21063: 1014, 21064: 57381, 21065: 1543, 21066: 1188, 21067: 683, 21068: 73383, 21069: 46494, 21070: 69990, 21072: 1107, 21073: 1182, 21074: 67720, 21075: 78645, 21077: 1540, 21084: 1617, 21085: 88653, 21086: 90942, 21087: 57649, 21091: 85710, 21092: 58096, 21093: 85646, 21096: 2346, 21097: 74355, 21098: 63756, 21099: 2114, 21100: 2076, 21101: 2346, 21102: 2114, 21103: 1116, 21104: 59008, 21105: 80140, 21106: 2114, 21107: 73235, 21108: 56939, 21109: 56939, 21110: 80140, 21112: 1391, 21113: 89226, 21115: 2114, 21116: 89226, 21117: 80140, 21118: 83288, 21119: 89226, 21120: 2076, 21121: 74355, 21123: 80140, 21124: 88653, 21125: 88653, 21126: 74355, 21127: 56939, 21128: 74355, 21129: 74355, 21130: 53429, 21132: 57649, 21133: 87984, 21134: 53429, 21135: 56939, 21136: 53429, 21138: 57649, 21139: 56939, 21140: 57649, 21141: 86157, 21142: 80140, 21143: 53429, 21144: 2114, 21145: 53429, 21146: 89226, 21147: 88653, 21148: 53429, 21149: 80140, 21150: 80140, 21151: 86213, 21153: 53429, 21154: 1223, 21155: 86157, 21156: 87984, 21157: 1288, 21159: 2346, 21163: 146, 21164: 86157, 21165: 80140, 21166: 90998, 21167: 87984, 21168: 90998, 21170: 90998, 21171: 86213, 21172: 57649, 21173: 2076, 21174: 2114, 21175: 0, 21176: 2076, 21177: 87984, 21178: 88653, 21179: 56939, 21180: 2346, 21181: 57649, 21182: 86157, 21184: 87984, 21185: 0, 21186: 2076, 21187: 0, 21188: 0, 21189: 0, 21190: 63270, 21191: 184, 21192: 1223, 21193: 70500, 21194: 0, 21195: 1167, 21196: 70342, 21197: 74355, 21198: 2114, 21199: 86213, 21203: 2076, 21205: 53429, 21206: 86213, 21208: 87984, 21209: 89226, 21223: 1585, 21226: 1014, 21227: 69985, 21228: 46494, 21229: 395, 21230: 78645, 21231: 395, 21232: 1259, 21233: 683, 21234: 70342, 21235: 1259, 21236: 57381, 21237: 71117, 21238: 1543, 21239: 72051, 21240: 1107, 21241: 1347, 21244: 66626, 21249: 1012, 21262: 57070, 21265: 13699, 21271: 91053, 21279: 59008, 21280: 59008, 21288: 57290, 21290: 51797, 21298: 57639, 21303: 1347, 21304: 35259, 21305: 35259, 21306: 226, 21307: 64790, 21308: 1113, 21311: 1540, 21312: 1294, 21313: 35259, 21314: 88486, 21315: 57417, 21316: 1054, 21317: 1347, 21318: 57455, 21319: 51797, 21322: 690, 21324: 13828, 21325: 13828, 21326: 35259, 21327: 1347, 21328: 519, 21329: 78626, 21331: 72039, 21333: 57455, 21334: 57455, 21335: 226, 21336: 765, 21338: 1502, 21339: 1054, 21340: 1107, 21341: 1294, 21344: 1300, 21345: 72039, 21346: 91053, 21348: 63099, 21349: 0, 21351: 69990, 21354: 519, 21356: 90927, 21357: 75379, 21358: 184, 21363: 57257, 21366: 65941, 21369: 765, 21370: 63756, 21378: 68173, 21384: 44206, 21398: 78626, 21445: 74355, 21446: 58096, 21447: 1357, 21448: 35259, 21450: 69990, 21454: 48922, 21455: 1014, 21460: 1482, 21462: 1585, 21463: 75453, 21465: 0, 21468: 1391, 21470: 226, 21474: 686, 21475: 1012, 21477: 91896, 21478: 61726, 21479: 1107, 21480: 519, 21481: 1161, 21482: 1161, 21483: 70373, 21484: 69995, 21487: 51797, 21488: 65161, 21489: 91053, 21490: 1259, 21491: 1113, 21492: 1161, 21493: 50453, 21494: 342}",0.0,duplicado
649229.0972063332,Cruzamento,1733628532.5124516,98,"{20331: 57309, 20332: 65341, 20333: 82085, 20334: 57070, 20335: 1182, 20336: 1489, 20337: 1291, 20338: 1084, 20339: 46793, 20340: 1412, 20341: 1294, 20342: 1182, 20343: 70342, 20344: 849, 20345: 63099, 20346: 1084, 20347: 1489, 20348: 48266, 20349: 1347, 20350: 69990, 20351: 1347, 20352: 57309, 20353: 57257, 20354: 46793, 20355: 1347, 20356: 849, 20357: 1583, 20358: 2048, 20359: 1291, 20360: 765, 20361: 75421, 20362: 1489, 20363: 1412, 20364: 70342, 20365: 70171, 20366: 70171, 20367: 77145, 20368: 65341, 20369: 75453, 20370: 48266, 20371: 1347, 20372: 46793, 20373: 1617, 20378: 65341, 20379: 75421, 20380: 1489, 20381: 1182, 20383: 57257, 20384: 63099, 20385: 57257, 20386: 13699, 20387: 70342, 20388: 1084, 20389: 75421, 20392: 849, 20393: 69242, 20394: 51797, 20395: 48266, 20396: 449, 20397: 1583, 20398: 765, 20399: 44206, 20400: 46793, 20401: 1412, 20402: 48266, 20403: 184, 20404: 743, 20405: 82080, 20406: 728, 20407: 395, 20408: 449, 20409: 35259, 20410: 690, 20411: 67720, 20412: 75379, 20413: 1482, 20414: 67720, 20415: 71117, 20416: 70342, 20417: 57381, 20418: 82080, 20419: 519, 20421: 1294, 20422: 1489, 20423: 1585, 20427: 44206, 20428: 57381, 20429: 449, 20432: 1543, 20433: 449, 20434: 46494, 20436: 805, 20437: 69242, 20438: 69990, 20439: 1259, 20440: 743, 20441: 46494, 20442: 69985, 20443: 690, 20444: 82080, 20445: 805, 20446: 67720, 20447: 78645, 20449: 1012, 20450: 69995, 20451: 80479, 20452: 57455, 20453: 57455, 20454: 52945, 20455: 913, 20456: 50588, 20457: 51797, 20458: 913, 20459: 1161, 20460: 1585, 20461: 63270, 20462: 69995, 20463: 49332, 20465: 65341, 20466: 1012, 20467: 1291, 20468: 1107, 20469: 1259, 20471: 57381, 20472: 57381, 20473: 743, 20475: 72051, 20476: 1617, 20481: 1107, 20482: 75379, 20484: 52945, 20485: 75379, 20486: 54448, 20487: 449, 20488: 1188, 20489: 69990, 20490: 70342, 20491: 67720, 20492: 805, 20493: 1107, 20494: 46494, 20495: 683, 20496: 75453, 20497: 50588, 20499: 65877, 20501: 44206, 20503: 57639, 20504: 69990, 20505: 62344, 20506: 85710, 20507: 1357, 20508: 1161, 20509: 50588, 20510: 913, 20511: 85646, 20512: 70342, 20513: 1291, 20514: 64790, 20515: 913, 20517: 69995, 20518: 69995, 20519: 63270, 20520: 52945, 20521: 65161, 20522: 1161, 20523: 1259, 20524: 68173, 20525: 519, 20527: 82080, 20528: 1502, 20530: 46494, 20531: 59008, 20532: 805, 20533: 75421, 20534: 65161, 20535: 48922, 20536: 44206, 20537: 69985, 20538: 69990, 20539: 449, 20540: 690, 20541: 1617, 20542: 75958, 20543: 48922, 20544: 728, 20545: 91896, 20546: 71117, 20547: 64790, 20549: 80479, 20550: 51797, 20552: 1288, 20553: 1502, 20554: 57290, 20555: 62344, 20556: 65877, 20557: 75379, 20558: 1107, 20559: 1391, 20560: 65877, 20561: 85710, 20563: 1167, 20564: 57070, 20565: 69990, 20567: 849, 20569: 52945, 20570: 91896, 20571: 1585, 20572: 1288, 20573: 35259, 20574: 48922, 20575: 44206, 20576: 75958, 20577: 69985, 20578: 1347, 20579: 71117, 20580: 68173, 20581: 1014, 20582: 35259, 20583: 1288, 20584: 71117, 20585: 2048, 20587: 1012, 20588: 63270, 20589: 52945, 20590: 82080, 20591: 57455, 20592: 683, 20593: 805, 20594: 72051, 20595: 59008, 20596: 1347, 20597: 1585, 20599: 64727, 20600: 49332, 20601: 75379, 20602: 35245, 20605: 35245, 20606: 50588, 20607: 913, 20608: 57417, 20609: 1585, 20610: 1482, 20611: 1107, 20612: 686, 20613: 57309, 20614: 1167, 20615: 75453, 20616: 953, 20617: 61726, 20618: 85669, 20619: 1182, 20620: 1054, 20621: 1457, 20622: 849, 20624: 226, 20625: 1457, 20626: 69995, 20628: 1540, 20630: 69995, 20631: 449, 20633: 69242, 20634: 73383, 20635: 1583, 20636: 54448, 20637: 1583, 20638: 226, 20639: 1391, 20640: 52945, 20641: 85669, 20642: 62344, 20643: 1391, 20645: 52945, 20646: 85669, 20647: 57639, 20648: 686, 20650: 686, 20651: 1193, 20652: 686, 20653: 1193, 20654: 85669, 20655: 1412, 20656: 184, 20659: 1585, 20661: 69995, 20662: 70373, 20663: 913, 20669: 522, 20670: 78631, 20671: 57639, 20672: 35259, 20673: 57972, 20675: 61726, 20676: 57972, 20677: 73235, 20678: 62344, 20680: 68173, 20681: 449, 20684: 1347, 20688: 1617, 20689: 69995, 20690: 52945, 20692: 57257, 20693: 85669, 20694: 66626, 20695: 1489, 20696: 1173, 20697: 1182, 20698: 58543, 20699: 63756, 20700: 50588, 20701: 913, 20702: 1167, 20703: 54448, 20704: 66626, 20705: 75379, 20706: 1182, 20707: 70342, 20708: 46494, 20709: 1161, 20710: 1161, 20711: 1543, 20712: 0, 20713: 75421, 20714: 52945, 20715: 690, 20716: 70342, 20717: 57639, 20719: 1585, 20720: 75453, 20721: 913, 20722: 805, 20723: 51797, 20724: 80479, 20725: 85669, 20726: 46793, 20727: 78631, 20729: 1617, 20730: 88486, 20731: 48922, 20732: 1054, 20734: 1288, 20735: 57309, 20736: 1014, 20737: 73383, 20739: 35259, 20740: 57455, 20741: 686, 20742: 1167, 20743: 1116, 20744: 68650, 20746: 69990, 20747: 91053, 20748: 58096, 20749: 69990, 20750: 686, 20751: 1399, 20752: 1502, 20754: 44206, 20757: 1161, 20758: 1012, 20759: 62344, 20761: 1482, 20762: 75453, 20763: 63099, 20764: 1084, 20765: 63099, 20766: 63099, 20768: 184, 20769: 395, 20770: 77145, 20773: 70500, 20774: 1154, 20775: 69990, 20777: 1391, 20778: 70500, 20779: 1399, 20781: 1457, 20782: 49332, 20784: 57290, 20785: 2048, 20786: 70500, 20789: 1347, 20790: 58543, 20791: 70342, 20792: 46793, 20793: 146, 20794: 49332, 20795: 59008, 20796: 1188, 20797: 75421, 20798: 13699, 20799: 70373, 20800: 1482, 20802: 69242, 20803: 85710, 20804: 57309, 20805: 69242, 20806: 1391, 20807: 72051, 20808: 82067, 20809: 1291, 20810: 63099, 20811: 57070, 20813: 48266, 20814: 1482, 20815: 85687, 20816: 57455, 20817: 85687, 20818: 1391, 20819: 1502, 20820: 1167, 20821: 1116, 20822: 85687, 20823: 46494, 20824: 57417, 20825: 75453, 20826: 75379, 20827: 46494, 20828: 184, 20829: 67720, 20831: 57290, 20832: 57639, 20833: 1291, 20834: 728, 20835: 1502, 20836: 1583, 20837: 57070, 20838: 57070, 20840: 2048, 20841: 1412, 20842: 1357, 20843: 226, 20844: 57455, 20845: 65877, 20846: 1300, 20850: 65877, 20852: 90927, 20853: 51797, 20854: 72051, 20856: 46793, 20858: 48266, 20859: 82070, 20860: 63882, 20861: 63882, 20862: 82070, 20863: 82070, 20864: 395, 20872: 953, 20873: 395, 20874: 0, 20875: 91053, 20876: 683, 20877: 83288, 20881: 75379, 20883: 75453, 20884: 57972, 20885: 59008, 20886: 64727, 20887: 1540, 20888: 82070, 20889: 683, 20890: 64727, 20891: 1391, 20892: 82070, 20894: 85669, 20895: 64790, 20897: 1540, 20900: 1457, 20901: 75379, 20902: 72039, 20904: 63099, 20905: 522, 20906: 765, 20907: 1188, 20909: 65877, 20910: 182, 20911: 849, 20913: 72051, 20916: 85669, 20917: 87001, 20918: 73383, 20919: 63882, 20921: 58543, 20922: 82070, 20923: 690, 20925: 1294, 20926: 85700, 20928: 1300, 20929: 51797, 20930: 61726, 20931: 51797, 20932: 1288, 20933: 57290, 20934: 63099, 20935: 82070, 20936: 91053, 20937: 1399, 20938: 1193, 20939: 1502, 20940: 1223, 20941: 72039, 20942: 1399, 20943: 69985, 20944: 1193, 20948: 83288, 20949: 1193, 20950: 87001, 20951: 1300, 20953: 64727, 20954: 68173, 20955: 1457, 20956: 57639, 20958: 57639, 20959: 65877, 20960: 54448, 20961: 1012, 20962: 1300, 20963: 69995, 20964: 72039, 20965: 91053, 20966: 64790, 20967: 1054, 20968: 44206, 20969: 85700, 20970: 57972, 20971: 63756, 20973: 85710, 20974: 59008, 20975: 1154, 20977: 85710, 20978: 63756, 20979: 0, 20980: 63756, 20981: 49332, 20982: 72039, 20983: 1054, 20985: 72039, 20986: 728, 20987: 64790, 20988: 1054, 20990: 85710, 20992: 68650, 20993: 72039, 20995: 1012, 20997: 83288, 20998: 82070, 20999: 87001, 21000: 63882, 21001: 70500, 21002: 57639, 21003: 57972, 21005: 83288, 21006: 72051, 21007: 2048, 21008: 69995, 21009: 65877, 21011: 72039, 21012: 87001, 21013: 57290, 21014: 65877, 21015: 91053, 21016: 72051, 21017: 64790, 21018: 1193, 21019: 184, 21020: 69985, 21021: 1543, 21022: 75379, 21023: 63270, 21028: 86055, 21030: 85700, 21032: 52945, 21033: 35245, 21034: 1154, 21035: 58543, 21036: 35259, 21037: 1223, 21038: 728, 21039: 63270, 21041: 85700, 21043: 67720, 21045: 1188, 21047: 86055, 21050: 83288, 21053: 1294, 21055: 82080, 21056: 1585, 21057: 1107, 21058: 1107, 21059: 395, 21060: 1107, 21061: 46494, 21062: 1502, 21063: 1014, 21064: 57381, 21065: 1543, 21066: 1188, 21067: 683, 21068: 73383, 21069: 46494, 21070: 69990, 21072: 1107, 21073: 1182, 21074: 67720, 21075: 78645, 21077: 1540, 21084: 1617, 21085: 2114, 21086: 89226, 21087: 87984, 21091: 1012, 21092: 78631, 21093: 63270, 21096: 2114, 21097: 53429, 21098: 65941, 21099: 2114, 21100: 2076, 21101: 57649, 21102: 80140, 21103: 1457, 21104: 51797, 21105: 88653, 21106: 2346, 21107: 62344, 21108: 2346, 21109: 2114, 21110: 90942, 21112: 75379, 21113: 88653, 21115: 2346, 21116: 80140, 21117: 57649, 21118: 88486, 21119: 2076, 21120: 2076, 21121: 74355, 21123: 57649, 21124: 2076, 21125: 53429, 21126: 57649, 21127: 56939, 21128: 74355, 21129: 74355, 21130: 53429, 21132: 57649, 21133: 87984, 21134: 53429, 21135: 56939, 21136: 53429, 21138: 57649, 21139: 56939, 21140: 57649, 21141: 86157, 21142: 80140, 21143: 53429, 21144: 2114, 21145: 53429, 21146: 89226, 21147: 88653, 21148: 53429, 21149: 80140, 21150: 80140, 21151: 86213, 21153: 53429, 21154: 1223, 21155: 86157, 21156: 87984, 21157: 1288, 21159: 2346, 21163: 146, 21164: 86157, 21165: 80140, 21166: 90998, 21167: 87984, 21168: 90998, 21170: 90998, 21171: 86213, 21172: 57649, 21173: 2076, 21174: 2114, 21175: 0, 21176: 2076, 21177: 87984, 21178: 88653, 21179: 56939, 21180: 2346, 21181: 57649, 21182: 86157, 21184: 87984, 21185: 0, 21186: 2076, 21187: 0, 21188: 0, 21189: 0, 21190: 63270, 21191: 184, 21192: 1223, 21193: 70500, 21194: 0, 21195: 1167, 21196: 70342, 21197: 74355, 21198: 2114, 21199: 86213, 21203: 2076, 21205: 53429, 21206: 86213, 21208: 87984, 21209: 89226, 21223: 1585, 21226: 1014, 21227: 69985, 21228: 46494, 21229: 395, 21230: 78645, 21231: 395, 21232: 1259, 21233: 683, 21234: 70342, 21235: 1259, 21236: 57381, 21237: 71117, 21238: 1543, 21239: 72051, 21240: 1107, 21241: 1347, 21244: 66626, 21249: 1012, 21262: 57070, 21265: 13699, 21271: 91053, 21279: 59008, 21280: 59008, 21288: 57290, 21290: 51797, 21298: 57639, 21303: 1347, 21304: 35259, 21305: 35259, 21306: 226, 21307: 64790, 21308: 1113, 21311: 1540, 21312: 1294, 21313: 35259, 21314: 88486, 21315: 57417, 21316: 1054, 21317: 1347, 21318: 57455, 21319: 51797, 21322: 690, 21324: 13828, 21325: 13828, 21326: 35259, 21327: 1347, 21328: 519, 21329: 78626, 21331: 72039, 21333: 57455, 21334: 57455, 21335: 226, 21336: 765, 21338: 1502, 21339: 1054, 21340: 1107, 21341: 1294, 21344: 1300, 21345: 72039, 21346: 91053, 21348: 63099, 21349: 0, 21351: 69990, 21354: 519, 21356: 90927, 21357: 75379, 21358: 184, 21363: 57257, 21366: 65941, 21369: 765, 21370: 63756, 21378: 68173, 21384: 44206, 21398: 78626, 21445: 74355, 21446: 58096, 21447: 1357, 21448: 35259, 21450: 69990, 21454: 48922, 21455: 1014, 21460: 1482, 21462: 1585, 21463: 75453, 21465: 0, 21468: 1391, 21470: 226, 21474: 686, 21475: 1012, 21477: 91896, 21478: 61726, 21479: 1107, 21480: 519, 21481: 1161, 21482: 1161, 21483: 70373, 21484: 69995, 21487: 51797, 21488: 65161, 21489: 91053, 21490: 1259, 21491: 1113, 21492: 1161, 21493: 50453, 21494: 342}",0.0,duplicado
650828.4003479999,Cruzamento,1733628532.5124516,98,"{20331: 57309, 20332: 65341, 20333: 82085, 20334: 57070, 20335: 1182, 20336: 1489, 20337: 1291, 20338: 1084, 20339: 46793, 20340: 1412, 20341: 1294, 20342: 1182, 20343: 70342, 20344: 849, 20345: 63099, 20346: 1084, 20347: 1489, 20348: 48266, 20349: 1347, 20350: 69990, 20351: 1347, 20352: 57309, 20353: 57257, 20354: 46793, 20355: 1347, 20356: 849, 20357: 1583, 20358: 2048, 20359: 1291, 20360: 765, 20361: 75421, 20362: 1489, 20363: 1412, 20364: 70342, 20365: 70171, 20366: 70171, 20367: 77145, 20368: 65341, 20369: 75453, 20370: 48266, 20371: 1347, 20372: 46793, 20373: 1617, 20378: 65341, 20379: 75421, 20380: 1489, 20381: 1182, 20383: 57257, 20384: 63099, 20385: 57257, 20386: 13699, 20387: 70342, 20388: 1084, 20389: 75421, 20392: 849, 20393: 69242, 20394: 51797, 20395: 48266, 20396: 449, 20397: 1583, 20398: 765, 20399: 44206, 20400: 46793, 20401: 1412, 20402: 48266, 20403: 184, 20404: 743, 20405: 82080, 20406: 728, 20407: 395, 20408: 449, 20409: 35259, 20410: 690, 20411: 67720, 20412: 75379, 20413: 1482, 20414: 67720, 20415: 71117, 20416: 70342, 20417: 57381, 20418: 82080, 20419: 519, 20421: 1294, 20422: 1489, 20423: 1585, 20427: 44206, 20428: 57381, 20429: 449, 20432: 1543, 20433: 449, 20434: 46494, 20436: 805, 20437: 69242, 20438: 69990, 20439: 1259, 20440: 743, 20441: 46494, 20442: 69985, 20443: 690, 20444: 82080, 20445: 805, 20446: 67720, 20447: 78645, 20449: 1012, 20450: 69995, 20451: 80479, 20452: 57455, 20453: 57455, 20454: 52945, 20455: 913, 20456: 50588, 20457: 51797, 20458: 913, 20459: 1161, 20460: 1585, 20461: 63270, 20462: 69995, 20463: 49332, 20465: 65341, 20466: 1012, 20467: 1291, 20468: 1107, 20469: 1259, 20471: 57381, 20472: 57381, 20473: 743, 20475: 72051, 20476: 1617, 20481: 1107, 20482: 75379, 20484: 52945, 20485: 75379, 20486: 54448, 20487: 449, 20488: 1188, 20489: 69990, 20490: 70342, 20491: 67720, 20492: 805, 20493: 1107, 20494: 46494, 20495: 683, 20496: 75453, 20497: 50588, 20499: 65877, 20501: 44206, 20503: 57639, 20504: 69990, 20505: 62344, 20506: 85710, 20507: 1357, 20508: 1161, 20509: 50588, 20510: 913, 20511: 85646, 20512: 70342, 20513: 1291, 20514: 64790, 20515: 913, 20517: 69995, 20518: 69995, 20519: 63270, 20520: 52945, 20521: 65161, 20522: 1161, 20523: 1259, 20524: 68173, 20525: 519, 20527: 82080, 20528: 1502, 20530: 46494, 20531: 59008, 20532: 805, 20533: 75421, 20534: 65161, 20535: 48922, 20536: 44206, 20537: 69985, 20538: 69990, 20539: 449, 20540: 690, 20541: 1617, 20542: 75958, 20543: 48922, 20544: 728, 20545: 91896, 20546: 71117, 20547: 64790, 20549: 80479, 20550: 51797, 20552: 1288, 20553: 1502, 20554: 57290, 20555: 62344, 20556: 65877, 20557: 75379, 20558: 1107, 20559: 1391, 20560: 65877, 20561: 85710, 20563: 1167, 20564: 57070, 20565: 69990, 20567: 849, 20569: 52945, 20570: 91896, 20571: 1585, 20572: 1288, 20573: 35259, 20574: 48922, 20575: 44206, 20576: 75958, 20577: 69985, 20578: 1347, 20579: 71117, 20580: 68173, 20581: 1014, 20582: 35259, 20583: 1288, 20584: 71117, 20585: 2048, 20587: 1012, 20588: 63270, 20589: 52945, 20590: 82080, 20591: 57455, 20592: 683, 20593: 805, 20594: 72051, 20595: 59008, 20596: 1347, 20597: 1585, 20599: 64727, 20600: 49332, 20601: 75379, 20602: 35245, 20605: 35245, 20606: 50588, 20607: 913, 20608: 57417, 20609: 1585, 20610: 1482, 20611: 1107, 20612: 686, 20613: 57309, 20614: 1167, 20615: 75453, 20616: 953, 20617: 61726, 20618: 85669, 20619: 1182, 20620: 1054, 20621: 1457, 20622: 849, 20624: 226, 20625: 1457, 20626: 69995, 20628: 1540, 20630: 69995, 20631: 449, 20633: 69242, 20634: 73383, 20635: 1583, 20636: 54448, 20637: 1583, 20638: 226, 20639: 1391, 20640: 52945, 20641: 85669, 20642: 62344, 20643: 1391, 20645: 52945, 20646: 85669, 20647: 57639, 20648: 686, 20650: 686, 20651: 1193, 20652: 686, 20653: 1193, 20654: 85669, 20655: 1412, 20656: 184, 20659: 1585, 20661: 69995, 20662: 70373, 20663: 913, 20669: 522, 20670: 78631, 20671: 57639, 20672: 35259, 20673: 57972, 20675: 61726, 20676: 57972, 20677: 73235, 20678: 62344, 20680: 68173, 20681: 449, 20684: 1347, 20688: 1617, 20689: 69995, 20690: 52945, 20692: 57257, 20693: 85669, 20694: 66626, 20695: 1489, 20696: 1173, 20697: 1182, 20698: 58543, 20699: 63756, 20700: 50588, 20701: 913, 20702: 1167, 20703: 54448, 20704: 66626, 20705: 75379, 20706: 1182, 20707: 70342, 20708: 46494, 20709: 1161, 20710: 1161, 20711: 1543, 20712: 0, 20713: 75421, 20714: 52945, 20715: 690, 20716: 70342, 20717: 57639, 20719: 1585, 20720: 75453, 20721: 913, 20722: 805, 20723: 51797, 20724: 80479, 20725: 85669, 20726: 46793, 20727: 78631, 20729: 1617, 20730: 88486, 20731: 48922, 20732: 1054, 20734: 1288, 20735: 57309, 20736: 1014, 20737: 73383, 20739: 35259, 20740: 57455, 20741: 686, 20742: 1167, 20743: 1116, 20744: 68650, 20746: 69990, 20747: 91053, 20748: 58096, 20749: 69990, 20750: 686, 20751: 1399, 20752: 1502, 20754: 44206, 20757: 1161, 20758: 1012, 20759: 62344, 20761: 1482, 20762: 75453, 20763: 63099, 20764: 1084, 20765: 63099, 20766: 63099, 20768: 184, 20769: 395, 20770: 77145, 20773: 70500, 20774: 1154, 20775: 69990, 20777: 1391, 20778: 70500, 20779: 1399, 20781: 1457, 20782: 49332, 20784: 57290, 20785: 2048, 20786: 70500, 20789: 1347, 20790: 58543, 20791: 70342, 20792: 46793, 20793: 146, 20794: 49332, 20795: 59008, 20796: 1188, 20797: 75421, 20798: 13699, 20799: 70373, 20800: 1482, 20802: 69242, 20803: 85710, 20804: 57309, 20805: 69242, 20806: 1391, 20807: 72051, 20808: 82067, 20809: 1291, 20810: 63099, 20811: 57070, 20813: 48266, 20814: 1482, 20815: 85687, 20816: 57455, 20817: 85687, 20818: 1391, 20819: 1502, 20820: 1167, 20821: 1116, 20822: 85687, 20823: 46494, 20824: 57417, 20825: 75453, 20826: 75379, 20827: 46494, 20828: 184, 20829: 67720, 20831: 57290, 20832: 57639, 20833: 1291, 20834: 728, 20835: 1502, 20836: 1583, 20837: 57070, 20838: 57070, 20840: 2048, 20841: 1412, 20842: 1357, 20843: 226, 20844: 57455, 20845: 65877, 20846: 1300, 20850: 65877, 20852: 90927, 20853: 51797, 20854: 72051, 20856: 46793, 20858: 48266, 20859: 82070, 20860: 63882, 20861: 63882, 20862: 82070, 20863: 82070, 20864: 395, 20872: 953, 20873: 395, 20874: 0, 20875: 91053, 20876: 683, 20877: 83288, 20881: 75379, 20883: 75453, 20884: 57972, 20885: 59008, 20886: 64727, 20887: 1540, 20888: 82070, 20889: 683, 20890: 64727, 20891: 1391, 20892: 82070, 20894: 85669, 20895: 64790, 20897: 1540, 20900: 1457, 20901: 75379, 20902: 72039, 20904: 63099, 20905: 522, 20906: 765, 20907: 1188, 20909: 65877, 20910: 182, 20911: 849, 20913: 72051, 20916: 85669, 20917: 87001, 20918: 73383, 20919: 63882, 20921: 58543, 20922: 82070, 20923: 690, 20925: 1294, 20926: 85700, 20928: 1300, 20929: 51797, 20930: 61726, 20931: 51797, 20932: 1288, 20933: 57290, 20934: 63099, 20935: 82070, 20936: 91053, 20937: 1399, 20938: 1193, 20939: 1502, 20940: 1223, 20941: 72039, 20942: 1399, 20943: 69985, 20944: 1193, 20948: 83288, 20949: 1193, 20950: 87001, 20951: 1300, 20953: 64727, 20954: 68173, 20955: 1457, 20956: 57639, 20958: 57639, 20959: 65877, 20960: 54448, 20961: 1012, 20962: 1300, 20963: 69995, 20964: 72039, 20965: 91053, 20966: 64790, 20967: 1054, 20968: 44206, 20969: 85700, 20970: 57972, 20971: 63756, 20973: 85710, 20974: 59008, 20975: 1154, 20977: 85710, 20978: 63756, 20979: 0, 20980: 63756, 20981: 49332, 20982: 72039, 20983: 1054, 20985: 72039, 20986: 728, 20987: 64790, 20988: 1054, 20990: 85710, 20992: 68650, 20993: 72039, 20995: 1012, 20997: 83288, 20998: 82070, 20999: 87001, 21000: 63882, 21001: 70500, 21002: 57639, 21003: 57972, 21005: 83288, 21006: 72051, 21007: 2048, 21008: 69995, 21009: 65877, 21011: 72039, 21012: 87001, 21013: 57290, 21014: 65877, 21015: 91053, 21016: 72051, 21017: 64790, 21018: 1193, 21019: 184, 21020: 69985, 21021: 1543, 21022: 75379, 21023: 63270, 21028: 86055, 21030: 85700, 21032: 52945, 21033: 35245, 21034: 1154, 21035: 58543, 21036: 35259, 21037: 1223, 21038: 728, 21039: 63270, 21041: 85700, 21043: 67720, 21045: 1188, 21047: 86055, 21050: 83288, 21053: 1294, 21055: 82080, 21056: 1585, 21057: 1107, 21058: 1107, 21059: 395, 21060: 1107, 21061: 46494, 21062: 1502, 21063: 1014, 21064: 57381, 21065: 1543, 21066: 1188, 21067: 683, 21068: 73383, 21069: 46494, 21070: 69990, 21072: 1107, 21073: 1182, 21074: 67720, 21075: 78645, 21077: 1540, 21084: 1617, 21085: 88653, 21086: 90942, 21087: 57649, 21091: 85710, 21092: 58096, 21093: 85646, 21096: 2346, 21097: 74355, 21098: 63756, 21099: 2114, 21100: 2076, 21101: 2346, 21102: 2114, 21103: 1116, 21104: 59008, 21105: 80140, 21106: 2114, 21107: 73235, 21108: 56939, 21109: 56939, 21110: 80140, 21112: 1391, 21113: 89226, 21115: 2114, 21116: 89226, 21117: 80140, 21118: 83288, 21119: 89226, 21120: 2076, 21121: 74355, 21123: 80140, 21124: 88653, 21125: 88653, 21126: 74355, 21127: 56939, 21128: 74355, 21129: 74355, 21130: 53429, 21132: 57649, 21133: 87984, 21134: 53429, 21135: 56939, 21136: 53429, 21138: 57649, 21139: 56939, 21140: 57649, 21141: 86157, 21142: 80140, 21143: 53429, 21144: 2114, 21145: 53429, 21146: 89226, 21147: 88653, 21148: 53429, 21149: 80140, 21150: 80140, 21151: 86213, 21153: 53429, 21154: 1223, 21155: 86157, 21156: 87984, 21157: 1288, 21159: 2346, 21163: 146, 21164: 86157, 21165: 80140, 21166: 90998, 21167: 87984, 21168: 90998, 21170: 90998, 21171: 86213, 21172: 57649, 21173: 2076, 21174: 2114, 21175: 0, 21176: 2076, 21177: 87984, 21178: 88653, 21179: 56939, 21180: 2346, 21181: 57649, 21182: 86157, 21184: 87984, 21185: 0, 21186: 2076, 21187: 0, 21188: 0, 21189: 0, 21190: 63270, 21191: 184, 21192: 1223, 21193: 70500, 21194: 0, 21195: 1167, 21196: 70342, 21197: 74355, 21198: 2114, 21199: 86213, 21203: 2076, 21205: 53429, 21206: 86213, 21208: 87984, 21209: 89226, 21223: 1585, 21226: 1014, 21227: 69985, 21228: 46494, 21229: 395, 21230: 78645, 21231: 395, 21232: 1259, 21233: 683, 21234: 70342, 21235: 1259, 21236: 57381, 21237: 71117, 21238: 1543, 21239: 72051, 21240: 1107, 21241: 1347, 21244: 66626, 21249: 1012, 21262: 57070, 21265: 13699, 21271: 91053, 21279: 59008, 21280: 59008, 21288: 57290, 21290: 51797, 21298: 57639, 21303: 1347, 21304: 35259, 21305: 35259, 21306: 226, 21307: 64790, 21308: 1113, 21311: 1540, 21312: 1294, 21313: 35259, 21314: 88486, 21315: 57417, 21316: 1054, 21317: 1347, 21318: 57455, 21319: 51797, 21322: 690, 21324: 13828, 21325: 13828, 21326: 35259, 21327: 1347, 21328: 519, 21329: 78626, 21331: 72039, 21333: 57455, 21334: 57455, 21335: 226, 21336: 765, 21338: 1502, 21339: 1054, 21340: 1107, 21341: 1294, 21344: 1300, 21345: 72039, 21346: 91053, 21348: 63099, 21349: 0, 21351: 69990, 21354: 519, 21356: 90927, 21357: 75379, 21358: 184, 21363: 57257, 21366: 65941, 21369: 765, 21370: 63756, 21378: 68173, 21384: 44206, 21398: 78626, 21445: 74355, 21446: 58096, 21447: 1357, 21448: 35259, 21450: 69990, 21454: 48922, 21455: 1014, 21460: 1482, 21462: 1585, 21463: 75453, 21465: 0, 21468: 1391, 21470: 226, 21474: 686, 21475: 1012, 21477: 91896, 21478: 61726, 21479: 1107, 21480: 519, 21481: 1161, 21482: 1161, 21483: 70373, 21484: 69995, 21487: 51797, 21488: 65161, 21489: 91053, 21490: 1259, 21491: 1113, 21492: 1161, 21493: 50453, 21494: 342}",0.0,duplicado
650144.5829213328,Cruzamento,1733628534.7384183,99,"{20331: 1084, 20332: 46793, 20333: 1489, 20334: 1412, 20335: 1294, 20336: 82085, 20337: 65341, 20338: 48266, 20339: 46793, 20340: 1412, 20341: 1294, 20342: 1182, 20343: 70342, 20344: 849, 20345: 63099, 20346: 1084, 20347: 1489, 20348: 48266, 20349: 1347, 20350: 69990, 20351: 1347, 20352: 57309, 20353: 57257, 20354: 46793, 20355: 1347, 20356: 849, 20357: 1583, 20358: 2048, 20359: 1291, 20360: 765, 20361: 75421, 20362: 1489, 20363: 1412, 20364: 70342, 20365: 70171, 20366: 70171, 20367: 77145, 20368: 65341, 20369: 75453, 20370: 48266, 20371: 1347, 20372: 46793, 20373: 1617, 20378: 65341, 20379: 75421, 20380: 1489, 20381: 1182, 20383: 57257, 20384: 63099, 20385: 57257, 20386: 13699, 20387: 70342, 20388: 1084, 20389: 75421, 20392: 849, 20393: 69242, 20394: 51797, 20395: 48266, 20396: 449, 20397: 1583, 20398: 765, 20399: 44206, 20400: 46793, 20401: 1412, 20402: 48266, 20403: 184, 20404: 743, 20405: 82080, 20406: 728, 20407: 395, 20408: 449, 20409: 35259, 20410: 690, 20411: 67720, 20412: 75379, 20413: 1482, 20414: 67720, 20415: 71117, 20416: 70342, 20417: 57381, 20418: 82080, 20419: 519, 20421: 1294, 20422: 1489, 20423: 1585, 20427: 44206, 20428: 57381, 20429: 449, 20432: 1543, 20433: 449, 20434: 46494, 20436: 805, 20437: 69242, 20438: 69990, 20439: 1259, 20440: 743, 20441: 46494, 20442: 69985, 20443: 690, 20444: 82080, 20445: 805, 20446: 67720, 20447: 78645, 20449: 1012, 20450: 69995, 20451: 80479, 20452: 57455, 20453: 57455, 20454: 52945, 20455: 913, 20456: 50588, 20457: 51797, 20458: 913, 20459: 1161, 20460: 1585, 20461: 63270, 20462: 69995, 20463: 49332, 20465: 65341, 20466: 1012, 20467: 1291, 20468: 1107, 20469: 1259, 20471: 57381, 20472: 57381, 20473: 743, 20475: 72051, 20476: 1617, 20481: 1107, 20482: 75379, 20484: 52945, 20485: 75379, 20486: 54448, 20487: 449, 20488: 1188, 20489: 69990, 20490: 70342, 20491: 67720, 20492: 805, 20493: 1107, 20494: 46494, 20495: 683, 20496: 75453, 20497: 50588, 20499: 65877, 20501: 44206, 20503: 57639, 20504: 69990, 20505: 62344, 20506: 85710, 20507: 1357, 20508: 1161, 20509: 50588, 20510: 913, 20511: 85646, 20512: 70342, 20513: 1291, 20514: 64790, 20515: 913, 20517: 69995, 20518: 69995, 20519: 63270, 20520: 52945, 20521: 65161, 20522: 1161, 20523: 1259, 20524: 68173, 20525: 519, 20527: 82080, 20528: 1502, 20530: 46494, 20531: 59008, 20532: 805, 20533: 75421, 20534: 65161, 20535: 48922, 20536: 44206, 20537: 69985, 20538: 69990, 20539: 449, 20540: 690, 20541: 1617, 20542: 75958, 20543: 48922, 20544: 728, 20545: 91896, 20546: 71117, 20547: 64790, 20549: 80479, 20550: 51797, 20552: 1288, 20553: 1502, 20554: 57290, 20555: 62344, 20556: 65877, 20557: 75379, 20558: 1107, 20559: 1391, 20560: 65877, 20561: 85710, 20563: 1167, 20564: 57070, 20565: 69990, 20567: 849, 20569: 52945, 20570: 91896, 20571: 1585, 20572: 1288, 20573: 35259, 20574: 48922, 20575: 44206, 20576: 75958, 20577: 69985, 20578: 1347, 20579: 71117, 20580: 68173, 20581: 1014, 20582: 35259, 20583: 1288, 20584: 71117, 20585: 2048, 20587: 1012, 20588: 63270, 20589: 52945, 20590: 82080, 20591: 57455, 20592: 683, 20593: 805, 20594: 72051, 20595: 59008, 20596: 1347, 20597: 1585, 20599: 64727, 20600: 49332, 20601: 75379, 20602: 35245, 20605: 35245, 20606: 50588, 20607: 913, 20608: 57417, 20609: 1585, 20610: 1482, 20611: 1107, 20612: 686, 20613: 57309, 20614: 1167, 20615: 75453, 20616: 953, 20617: 61726, 20618: 85669, 20619: 1182, 20620: 1054, 20621: 1457, 20622: 849, 20624: 226, 20625: 1457, 20626: 69995, 20628: 1540, 20630: 69995, 20631: 449, 20633: 69242, 20634: 73383, 20635: 1583, 20636: 54448, 20637: 1583, 20638: 226, 20639: 1391, 20640: 52945, 20641: 85669, 20642: 62344, 20643: 1391, 20645: 52945, 20646: 85669, 20647: 57639, 20648: 686, 20650: 686, 20651: 1193, 20652: 58096, 20653: 1391, 20654: 953, 20655: 1482, 20656: 1084, 20659: 70342, 20661: 64727, 20662: 57309, 20663: 1161, 20669: 69242, 20670: 65877, 20671: 1540, 20672: 57972, 20673: 57639, 20675: 78631, 20676: 78631, 20677: 61726, 20678: 75379, 20680: 69990, 20681: 1188, 20684: 1543, 20688: 805, 20689: 50588, 20690: 64727, 20692: 1182, 20693: 58096, 20694: 913, 20695: 75453, 20696: 75379, 20697: 184, 20698: 85669, 20699: 70342, 20700: 54448, 20701: 54448, 20702: 1288, 20703: 66626, 20704: 1173, 20705: 50588, 20706: 57309, 20707: 54448, 20708: 1399, 20709: 1161, 20710: 1161, 20711: 1014, 20712: 0, 20713: 57257, 20714: 52945, 20715: 57290, 20716: 913, 20717: 58543, 20719: 54448, 20720: 75453, 20721: 1012, 20722: 46494, 20723: 1489, 20724: 80479, 20725: 78631, 20726: 46793, 20727: 62344, 20729: 48266, 20730: 1113, 20731: 743, 20732: 765, 20734: 690, 20735: 65877, 20736: 522, 20737: 44206, 20739: 65877, 20740: 1188, 20741: 1357, 20742: 1116, 20743: 78631, 20744: 69995, 20746: 69990, 20747: 57309, 20748: 1107, 20749: 57639, 20750: 849, 20751: 1012, 20752: 190, 20754: 743, 20757: 1585, 20758: 54448, 20759: 57639, 20761: 70373, 20762: 1084, 20763: 63099, 20764: 1617, 20765: 1347, 20766: 70373, 20768: 0, 20769: 519, 20770: 77145, 20773: 1347, 20774: 57290, 20775: 58096, 20777: 1182, 20778: 2048, 20779: 70500, 20781: 57290, 20782: 67720, 20784: 57070, 20785: 57070, 20786: 1167, 20789: 728, 20790: 58543, 20791: 184, 20792: 82085, 20793: 70500, 20794: 49332, 20795: 69242, 20796: 68650, 20797: 2048, 20798: 70373, 20799: 69242, 20800: 1482, 20802: 57381, 20803: 68650, 20804: 68650, 20805: 13699, 20806: 58543, 20807: 57381, 20808: 85687, 20809: 58096, 20810: 46793, 20811: 48266, 20813: 49332, 20814: 49332, 20815: 82067, 20816: 57309, 20817: 82067, 20818: 58096, 20819: 1502, 20820: 85669, 20821: 78631, 20822: 1399, 20823: 1014, 20824: 226, 20825: 849, 20826: 85710, 20827: 62344, 20828: 63270, 20829: 1259, 20831: 1391, 20832: 1399, 20833: 1617, 20834: 86055, 20835: 62344, 20836: 849, 20837: 0, 20838: 1347, 20840: 1583, 20841: 57455, 20842: 83288, 20843: 57290, 20844: 1482, 20845: 57639, 20846: 1223, 20850: 87001, 20852: 57309, 20853: 1457, 20854: 1585, 20856: 686, 20858: 70373, 20859: 82070, 20860: 63882, 20861: 63882, 20862: 82070, 20863: 82070, 20864: 395, 20872: 953, 20873: 226, 20874: 0, 20875: 64727, 20876: 805, 20877: 63882, 20881: 64727, 20883: 70500, 20884: 82070, 20885: 1391, 20886: 67720, 20887: 1457, 20888: 82070, 20889: 1502, 20890: 91053, 20891: 1391, 20892: 72039, 20894: 765, 20895: 44206, 20897: 85669, 20900: 1167, 20901: 68650, 20902: 83288, 20904: 1188, 20905: 73383, 20906: 849, 20907: 1188, 20909: 65877, 20910: 72051, 20911: 1107, 20913: 73383, 20916: 1116, 20917: 84328, 20918: 69990, 20919: 84328, 20921: 63099, 20922: 82070, 20923: 57381, 20925: 1294, 20926: 65941, 20928: 1300, 20929: 51797, 20930: 0, 20931: 1223, 20932: 64790, 20933: 743, 20934: 1193, 20935: 63882, 20936: 65941, 20937: 67720, 20938: 1193, 20939: 395, 20940: 65161, 20941: 87001, 20942: 75379, 20943: 57290, 20944: 59008, 20948: 65877, 20949: 1193, 20950: 63882, 20951: 64790, 20953: 64727, 20954: 48922, 20955: 1116, 20956: 58096, 20958: 63756, 20959: 87001, 20960: 1399, 20961: 1502, 20962: 184, 20963: 146, 20964: 72039, 20965: 65941, 20966: 59008, 20967: 85710, 20968: 75453, 20969: 1300, 20970: 72039, 20971: 59008, 20973: 1054, 20974: 63756, 20975: 58096, 20977: 1399, 20978: 1502, 20979: 1193, 20980: 63756, 20981: 57070, 20982: 83288, 20983: 57972, 20985: 83288, 20986: 1167, 20987: 0, 20988: 63756, 20990: 57972, 20992: 57417, 20993: 83288, 20995: 85710, 20997: 72039, 20998: 63882, 20999: 57972, 21000: 82070, 21001: 78631, 21002: 1167, 21003: 57972, 21005: 83288, 21006: 57070, 21007: 1300, 21008: 69995, 21009: 57972, 21011: 87001, 21012: 84328, 21013: 57639, 21014: 65877, 21015: 91053, 21016: 146, 21017: 85700, 21018: 35245, 21019: 63756, 21020: 68173, 21021: 1188, 21022: 63270, 21023: 1457, 21028: 86055, 21030: 85700, 21032: 54448, 21033: 728, 21034: 57417, 21035: 1399, 21036: 91896, 21037: 2048, 21038: 1457, 21039: 1300, 21041: 72051, 21043: 146, 21045: 75453, 21047: 57290, 21050: 57639, 21053: 1294, 21055: 82080, 21056: 57381, 21057: 449, 21058: 63756, 21059: 1107, 21060: 1107, 21061: 78645, 21062: 1014, 21063: 46494, 21064: 1014, 21065: 1188, 21066: 1259, 21067: 683, 21068: 72051, 21069: 72051, 21070: 57290, 21072: 71117, 21073: 69995, 21074: 1617, 21075: 78645, 21077: 1540, 21084: 67720, 21085: 88653, 21086: 90942, 21087: 57649, 21091: 85710, 21092: 58096, 21093: 85646, 21096: 2346, 21097: 74355, 21098: 63756, 21099: 2114, 21100: 2076, 21101: 2346, 21102: 2114, 21103: 1116, 21104: 59008, 21105: 80140, 21106: 2114, 21107: 73235, 21108: 56939, 21109: 56939, 21110: 80140, 21112: 1391, 21113: 89226, 21115: 2114, 21116: 89226, 21117: 80140, 21118: 83288, 21119: 89226, 21120: 2076, 21121: 74355, 21123: 80140, 21124: 88653, 21125: 88653, 21126: 74355, 21127: 56939, 21128: 74355, 21129: 74355, 21130: 53429, 21132: 57649, 21133: 87984, 21134: 53429, 21135: 56939, 21136: 53429, 21138: 57649, 21139: 56939, 21140: 57649, 21141: 86157, 21142: 80140, 21143: 53429, 21144: 2114, 21145: 53429, 21146: 89226, 21147: 88653, 21148: 53429, 21149: 80140, 21150: 80140, 21151: 86213, 21153: 53429, 21154: 1223, 21155: 86157, 21156: 87984, 21157: 1288, 21159: 2346, 21163: 146, 21164: 86157, 21165: 80140, 21166: 90998, 21167: 87984, 21168: 90998, 21170: 90998, 21171: 86213, 21172: 57649, 21173: 2076, 21174: 2114, 21175: 0, 21176: 2076, 21177: 87984, 21178: 88653, 21179: 56939, 21180: 2346, 21181: 57649, 21182: 86157, 21184: 87984, 21185: 0, 21186: 2076, 21187: 0, 21188: 0, 21189: 0, 21190: 63270, 21191: 184, 21192: 1223, 21193: 70500, 21194: 0, 21195: 1167, 21196: 70342, 21197: 74355, 21198: 2114, 21199: 86213, 21203: 2076, 21205: 53429, 21206: 86213, 21208: 87984, 21209: 89226, 21223: 1585, 21226: 1014, 21227: 69985, 21228: 46494, 21229: 395, 21230: 78645, 21231: 395, 21232: 1259, 21233: 683, 21234: 70342, 21235: 1259, 21236: 57381, 21237: 71117, 21238: 1543, 21239: 72051, 21240: 1107, 21241: 1347, 21244: 66626, 21249: 1012, 21262: 57070, 21265: 13699, 21271: 91053, 21279: 59008, 21280: 59008, 21288: 57290, 21290: 51797, 21298: 57639, 21303: 1347, 21304: 35259, 21305: 35259, 21306: 226, 21307: 64790, 21308: 1113, 21311: 1540, 21312: 1294, 21313: 35259, 21314: 88486, 21315: 57417, 21316: 1054, 21317: 1347, 21318: 57455, 21319: 51797, 21322: 690, 21324: 13828, 21325: 13828, 21326: 35259, 21327: 1347, 21328: 519, 21329: 78626, 21331: 72039, 21333: 57455, 21334: 57455, 21335: 226, 21336: 765, 21338: 1502, 21339: 1054, 21340: 1107, 21341: 1294, 21344: 1300, 21345: 72039, 21346: 91053, 21348: 63099, 21349: 0, 21351: 69990, 21354: 519, 21356: 90927, 21357: 75379, 21358: 184, 21363: 57257, 21366: 65941, 21369: 765, 21370: 63756, 21378: 68173, 21384: 44206, 21398: 78626, 21445: 74355, 21446: 62344, 21447: 1347, 21448: 67720, 21450: 1014, 21454: 68173, 21455: 683, 21460: 0, 21462: 82080, 21463: 75453, 21465: 0, 21468: 1391, 21470: 226, 21474: 686, 21475: 1012, 21477: 91896, 21478: 61726, 21479: 1107, 21480: 519, 21481: 1161, 21482: 1161, 21483: 70373, 21484: 69995, 21487: 51797, 21488: 65161, 21489: 91053, 21490: 1259, 21491: 1113, 21492: 1161, 21493: 50453, 21494: 342}",0.0,duplicado
653455.5848823335,Cruzamento,1733628534.7384183,99,"{20331: 1084, 20332: 46793, 20333: 1489, 20334: 1412, 20335: 1294, 20336: 82085, 20337: 65341, 20338: 48266, 20339: 46793, 20340: 1412, 20341: 1294, 20342: 1182, 20343: 70342, 20344: 849, 20345: 63099, 20346: 1084, 20347: 1489, 20348: 48266, 20349: 1347, 20350: 69990, 20351: 1347, 20352: 57309, 20353: 57257, 20354: 46793, 20355: 1347, 20356: 849, 20357: 1583, 20358: 2048, 20359: 1291, 20360: 765, 20361: 75421, 20362: 1489, 20363: 1412, 20364: 70342, 20365: 70171, 20366: 70171, 20367: 77145, 20368: 65341, 20369: 75453, 20370: 48266, 20371: 1347, 20372: 46793, 20373: 1617, 20378: 65341, 20379: 75421, 20380: 1489, 20381: 1182, 20383: 57257, 20384: 63099, 20385: 57257, 20386: 13699, 20387: 70342, 20388: 1084, 20389: 75421, 20392: 849, 20393: 69242, 20394: 51797, 20395: 48266, 20396: 449, 20397: 1583, 20398: 765, 20399: 44206, 20400: 46793, 20401: 1412, 20402: 48266, 20403: 184, 20404: 743, 20405: 82080, 20406: 728, 20407: 395, 20408: 449, 20409: 35259, 20410: 690, 20411: 67720, 20412: 75379, 20413: 1482, 20414: 67720, 20415: 71117, 20416: 70342, 20417: 57381, 20418: 82080, 20419: 519, 20421: 1294, 20422: 1489, 20423: 1585, 20427: 44206, 20428: 57381, 20429: 449, 20432: 1543, 20433: 449, 20434: 46494, 20436: 805, 20437: 69242, 20438: 69990, 20439: 1259, 20440: 743, 20441: 46494, 20442: 69985, 20443: 690, 20444: 82080, 20445: 805, 20446: 67720, 20447: 78645, 20449: 1012, 20450: 69995, 20451: 80479, 20452: 57455, 20453: 57455, 20454: 52945, 20455: 913, 20456: 50588, 20457: 51797, 20458: 913, 20459: 1161, 20460: 1585, 20461: 63270, 20462: 69995, 20463: 49332, 20465: 65341, 20466: 1012, 20467: 1291, 20468: 1107, 20469: 1259, 20471: 57381, 20472: 57381, 20473: 743, 20475: 72051, 20476: 1617, 20481: 1107, 20482: 75379, 20484: 52945, 20485: 75379, 20486: 54448, 20487: 449, 20488: 1188, 20489: 69990, 20490: 70342, 20491: 67720, 20492: 805, 20493: 1107, 20494: 46494, 20495: 683, 20496: 75453, 20497: 50588, 20499: 65877, 20501: 44206, 20503: 57639, 20504: 69990, 20505: 62344, 20506: 85710, 20507: 1357, 20508: 1161, 20509: 50588, 20510: 913, 20511: 85646, 20512: 70342, 20513: 1291, 20514: 64790, 20515: 913, 20517: 69995, 20518: 69995, 20519: 63270, 20520: 52945, 20521: 65161, 20522: 1161, 20523: 1259, 20524: 68173, 20525: 519, 20527: 82080, 20528: 1502, 20530: 46494, 20531: 59008, 20532: 805, 20533: 75421, 20534: 65161, 20535: 48922, 20536: 44206, 20537: 69985, 20538: 69990, 20539: 449, 20540: 690, 20541: 1617, 20542: 75958, 20543: 48922, 20544: 728, 20545: 91896, 20546: 71117, 20547: 64790, 20549: 80479, 20550: 51797, 20552: 1288, 20553: 1502, 20554: 57290, 20555: 62344, 20556: 65877, 20557: 75379, 20558: 1107, 20559: 1391, 20560: 65877, 20561: 85710, 20563: 1167, 20564: 57070, 20565: 69990, 20567: 849, 20569: 52945, 20570: 91896, 20571: 1585, 20572: 1288, 20573: 35259, 20574: 48922, 20575: 44206, 20576: 75958, 20577: 69985, 20578: 1347, 20579: 71117, 20580: 68173, 20581: 1014, 20582: 35259, 20583: 1288, 20584: 71117, 20585: 2048, 20587: 1012, 20588: 63270, 20589: 52945, 20590: 82080, 20591: 57455, 20592: 683, 20593: 805, 20594: 72051, 20595: 59008, 20596: 1347, 20597: 1585, 20599: 64727, 20600: 49332, 20601: 75379, 20602: 35245, 20605: 35245, 20606: 50588, 20607: 913, 20608: 57417, 20609: 1585, 20610: 1482, 20611: 1107, 20612: 686, 20613: 57309, 20614: 1167, 20615: 75453, 20616: 953, 20617: 61726, 20618: 85669, 20619: 1182, 20620: 1054, 20621: 1457, 20622: 849, 20624: 226, 20625: 1457, 20626: 69995, 20628: 1540, 20630: 69995, 20631: 449, 20633: 69242, 20634: 73383, 20635: 1583, 20636: 54448, 20637: 1583, 20638: 226, 20639: 1391, 20640: 52945, 20641: 85669, 20642: 62344, 20643: 1391, 20645: 52945, 20646: 85669, 20647: 57639, 20648: 686, 20650: 686, 20651: 1193, 20652: 58096, 20653: 1391, 20654: 953, 20655: 1482, 20656: 1084, 20659: 70342, 20661: 64727, 20662: 57309, 20663: 1161, 20669: 69242, 20670: 65877, 20671: 1540, 20672: 57972, 20673: 57639, 20675: 78631, 20676: 78631, 20677: 61726, 20678: 75379, 20680: 69990, 20681: 1188, 20684: 1543, 20688: 805, 20689: 50588, 20690: 64727, 20692: 1182, 20693: 58096, 20694: 913, 20695: 75453, 20696: 75379, 20697: 184, 20698: 85669, 20699: 63756, 20700: 50588, 20701: 913, 20702: 1167, 20703: 54448, 20704: 66626, 20705: 75379, 20706: 1182, 20707: 70342, 20708: 46494, 20709: 1161, 20710: 1161, 20711: 1543, 20712: 0, 20713: 75421, 20714: 52945, 20715: 690, 20716: 70342, 20717: 57639, 20719: 1585, 20720: 75453, 20721: 913, 20722: 805, 20723: 51797, 20724: 80479, 20725: 85669, 20726: 46793, 20727: 78631, 20729: 1617, 20730: 88486, 20731: 48922, 20732: 1054, 20734: 1288, 20735: 57309, 20736: 1014, 20737: 73383, 20739: 35259, 20740: 57455, 20741: 686, 20742: 1167, 20743: 1116, 20744: 68650, 20746: 69990, 20747: 91053, 20748: 58096, 20749: 69990, 20750: 686, 20751: 1399, 20752: 1502, 20754: 44206, 20757: 1161, 20758: 1012, 20759: 62344, 20761: 1482, 20762: 75453, 20763: 63099, 20764: 1084, 20765: 63099, 20766: 63099, 20768: 184, 20769: 395, 20770: 77145, 20773: 70500, 20774: 1154, 20775: 69990, 20777: 1391, 20778: 70500, 20779: 1399, 20781: 1457, 20782: 49332, 20784: 57290, 20785: 2048, 20786: 70500, 20789: 1347, 20790: 58543, 20791: 70342, 20792: 46793, 20793: 146, 20794: 49332, 20795: 59008, 20796: 1188, 20797: 75421, 20798: 13699, 20799: 70373, 20800: 1482, 20802: 69242, 20803: 85710, 20804: 57309, 20805: 69242, 20806: 1391, 20807: 72051, 20808: 82067, 20809: 1291, 20810: 63099, 20811: 57070, 20813: 48266, 20814: 1482, 20815: 85687, 20816: 57455, 20817: 85687, 20818: 1391, 20819: 1502, 20820: 1167, 20821: 1116, 20822: 85687, 20823: 46494, 20824: 57417, 20825: 75453, 20826: 75379, 20827: 46494, 20828: 184, 20829: 67720, 20831: 57290, 20832: 57639, 20833: 1291, 20834: 728, 20835: 1502, 20836: 1583, 20837: 57070, 20838: 57070, 20840: 2048, 20841: 1412, 20842: 1357, 20843: 226, 20844: 57455, 20845: 65877, 20846: 1300, 20850: 65877, 20852: 90927, 20853: 51797, 20854: 72051, 20856: 46793, 20858: 48266, 20859: 82070, 20860: 63882, 20861: 63882, 20862: 82070, 20863: 82070, 20864: 395, 20872: 953, 20873: 395, 20874: 0, 20875: 91053, 20876: 683, 20877: 83288, 20881: 75379, 20883: 75453, 20884: 57972, 20885: 59008, 20886: 64727, 20887: 1540, 20888: 82070, 20889: 683, 20890: 64727, 20891: 1391, 20892: 82070, 20894: 85669, 20895: 64790, 20897: 1540, 20900: 1457, 20901: 75379, 20902: 72039, 20904: 63099, 20905: 522, 20906: 765, 20907: 1188, 20909: 65877, 20910: 182, 20911: 849, 20913: 72051, 20916: 85669, 20917: 87001, 20918: 73383, 20919: 63882, 20921: 58543, 20922: 82070, 20923: 690, 20925: 1294, 20926: 85700, 20928: 1300, 20929: 51797, 20930: 61726, 20931: 51797, 20932: 1288, 20933: 57290, 20934: 63099, 20935: 82070, 20936: 91053, 20937: 1399, 20938: 1193, 20939: 1502, 20940: 1223, 20941: 72039, 20942: 1399, 20943: 69985, 20944: 1193, 20948: 83288, 20949: 1193, 20950: 87001, 20951: 1300, 20953: 64727, 20954: 68173, 20955: 1457, 20956: 57639, 20958: 57639, 20959: 65877, 20960: 54448, 20961: 1012, 20962: 1300, 20963: 69995, 20964: 72039, 20965: 91053, 20966: 64790, 20967: 1054, 20968: 44206, 20969: 85700, 20970: 57972, 20971: 63756, 20973: 85710, 20974: 59008, 20975: 1154, 20977: 85710, 20978: 63756, 20979: 0, 20980: 63756, 20981: 49332, 20982: 72039, 20983: 1054, 20985: 72039, 20986: 728, 20987: 64790, 20988: 1054, 20990: 85710, 20992: 68650, 20993: 72039, 20995: 1012, 20997: 83288, 20998: 82070, 20999: 87001, 21000: 63882, 21001: 70500, 21002: 57639, 21003: 57972, 21005: 83288, 21006: 72051, 21007: 2048, 21008: 69995, 21009: 65877, 21011: 72039, 21012: 87001, 21013: 57290, 21014: 65877, 21015: 91053, 21016: 72051, 21017: 64790, 21018: 1193, 21019: 184, 21020: 69985, 21021: 1543, 21022: 75379, 21023: 63270, 21028: 86055, 21030: 85700, 21032: 52945, 21033: 35245, 21034: 1154, 21035: 58543, 21036: 35259, 21037: 1223, 21038: 728, 21039: 63270, 21041: 85700, 21043: 67720, 21045: 1188, 21047: 86055, 21050: 83288, 21053: 1294, 21055: 82080, 21056: 1585, 21057: 1107, 21058: 1107, 21059: 395, 21060: 1107, 21061: 46494, 21062: 1502, 21063: 1014, 21064: 57381, 21065: 1543, 21066: 1188, 21067: 683, 21068: 73383, 21069: 46494, 21070: 69990, 21072: 1107, 21073: 1182, 21074: 67720, 21075: 78645, 21077: 1540, 21084: 1617, 21085: 88653, 21086: 90942, 21087: 57649, 21091: 85710, 21092: 58096, 21093: 85646, 21096: 2346, 21097: 74355, 21098: 63756, 21099: 2114, 21100: 2076, 21101: 2346, 21102: 2114, 21103: 1116, 21104: 59008, 21105: 80140, 21106: 2114, 21107: 73235, 21108: 56939, 21109: 56939, 21110: 80140, 21112: 1391, 21113: 89226, 21115: 2114, 21116: 89226, 21117: 80140, 21118: 83288, 21119: 89226, 21120: 2076, 21121: 74355, 21123: 80140, 21124: 88653, 21125: 88653, 21126: 74355, 21127: 56939, 21128: 74355, 21129: 74355, 21130: 53429, 21132: 57649, 21133: 87984, 21134: 53429, 21135: 56939, 21136: 53429, 21138: 57649, 21139: 56939, 21140: 57649, 21141: 86157, 21142: 80140, 21143: 53429, 21144: 2114, 21145: 53429, 21146: 89226, 21147: 88653, 21148: 53429, 21149: 80140, 21150: 80140, 21151: 86213, 21153: 53429, 21154: 1223, 21155: 86157, 21156: 87984, 21157: 1288, 21159: 2346, 21163: 146, 21164: 86157, 21165: 80140, 21166: 90998, 21167: 87984, 21168: 90998, 21170: 90998, 21171: 86213, 21172: 57649, 21173: 2076, 21174: 2114, 21175: 0, 21176: 2076, 21177: 87984, 21178: 88653, 21179: 56939, 21180: 2346, 21181: 57649, 21182: 86157, 21184: 87984, 21185: 0, 21186: 2076, 21187: 0, 21188: 0, 21189: 0, 21190: 63270, 21191: 184, 21192: 1223, 21193: 70500, 21194: 0, 21195: 1167, 21196: 70342, 21197: 74355, 21198: 2114, 21199: 86213, 21203: 2076, 21205: 53429, 21206: 86213, 21208: 87984, 21209: 89226, 21223: 1585, 21226: 1014, 21227: 69985, 21228: 46494, 21229: 395, 21230: 78645, 21231: 395, 21232: 1259, 21233: 683, 21234: 70342, 21235: 1259, 21236: 57381, 21237: 71117, 21238: 1543, 21239: 72051, 21240: 1107, 21241: 1347, 21244: 66626, 21249: 1012, 21262: 57070, 21265: 13699, 21271: 91053, 21279: 59008, 21280: 59008, 21288: 57290, 21290: 51797, 21298: 57639, 21303: 1347, 21304: 35259, 21305: 35259, 21306: 226, 21307: 64790, 21308: 1113, 21311: 1540, 21312: 1294, 21313: 35259, 21314: 88486, 21315: 57417, 21316: 1054, 21317: 1347, 21318: 57455, 21319: 51797, 21322: 690, 21324: 13828, 21325: 13828, 21326: 35259, 21327: 1347, 21328: 519, 21329: 78626, 21331: 72039, 21333: 57455, 21334: 57455, 21335: 226, 21336: 765, 21338: 1502, 21339: 1054, 21340: 1107, 21341: 1294, 21344: 1300, 21345: 72039, 21346: 91053, 21348: 63099, 21349: 0, 21351: 69990, 21354: 519, 21356: 90927, 21357: 75379, 21358: 184, 21363: 57257, 21366: 65941, 21369: 765, 21370: 63756, 21378: 68173, 21384: 44206, 21398: 78626, 21445: 74355, 21446: 62344, 21447: 1347, 21448: 67720, 21450: 1014, 21454: 68173, 21455: 683, 21460: 0, 21462: 82080, 21463: 75453, 21465: 0, 21468: 1391, 21470: 226, 21474: 686, 21475: 1012, 21477: 91896, 21478: 61726, 21479: 1107, 21480: 519, 21481: 1161, 21482: 1161, 21483: 70373, 21484: 69995, 21487: 51797, 21488: 65161, 21489: 91053, 21490: 1259, 21491: 1113, 21492: 1161, 21493: 50453, 21494: 342}",0.0,duplicado
648525.1161736662,Mutação,1733628537.0177577,100,"{20331: 1084, 20332: 46793, 20333: 1291, 20334: 1412, 20335: 1617, 20336: 82085, 20337: 65341, 20338: 48266, 20339: 46793, 20340: 1412, 20341: 1294, 20342: 1182, 20343: 70342, 20344: 849, 20345: 63099, 20346: 1084, 20347: 1489, 20348: 48266, 20349: 58096, 20350: 69990, 20351: 1347, 20352: 57309, 20353: 57257, 20354: 46793, 20355: 1347, 20356: 849, 20357: 1583, 20358: 2048, 20359: 1291, 20360: 765, 20361: 75421, 20362: 1489, 20363: 1412, 20364: 70342, 20365: 70171, 20366: 70171, 20367: 77145, 20368: 65341, 20369: 1391, 20370: 48266, 20371: 1347, 20372: 46793, 20373: 1617, 20378: 65341, 20379: 75421, 20380: 1489, 20381: 1182, 20383: 1291, 20384: 63099, 20385: 13699, 20386: 13699, 20387: 70342, 20388: 1084, 20389: 75421, 20392: 849, 20393: 69242, 20394: 51797, 20395: 48266, 20396: 449, 20397: 1084, 20398: 765, 20399: 44206, 20400: 46793, 20401: 57257, 20402: 48266, 20403: 184, 20404: 743, 20405: 82080, 20406: 67720, 20407: 395, 20408: 519, 20409: 35259, 20410: 690, 20411: 67720, 20412: 75379, 20413: 1482, 20414: 67720, 20415: 71117, 20416: 70342, 20417: 1259, 20418: 690, 20419: 519, 20421: 1294, 20422: 1489, 20423: 1585, 20427: 44206, 20428: 48922, 20429: 449, 20432: 1543, 20433: 449, 20434: 46494, 20436: 805, 20437: 69242, 20438: 69990, 20439: 1259, 20440: 743, 20441: 46494, 20442: 69985, 20443: 1502, 20444: 82080, 20445: 805, 20446: 67720, 20447: 13828, 20449: 1012, 20450: 69995, 20451: 80479, 20452: 57455, 20453: 57455, 20454: 52945, 20455: 70342, 20456: 50588, 20457: 51797, 20458: 913, 20459: 1161, 20460: 1585, 20461: 63270, 20462: 69995, 20463: 49332, 20465: 48266, 20466: 1012, 20467: 1291, 20468: 1107, 20469: 1259, 20471: 57381, 20472: 57381, 20473: 743, 20475: 72051, 20476: 1617, 20481: 1107, 20482: 75379, 20484: 52945, 20485: 75379, 20486: 54448, 20487: 449, 20488: 1188, 20489: 69990, 20490: 70342, 20491: 67720, 20492: 805, 20493: 1107, 20494: 46494, 20495: 71117, 20496: 75453, 20497: 50588, 20499: 65877, 20501: 44206, 20503: 57639, 20504: 69990, 20505: 62344, 20506: 85710, 20507: 1357, 20508: 1161, 20509: 50588, 20510: 913, 20511: 0, 20512: 70342, 20513: 1291, 20514: 64790, 20515: 913, 20517: 50588, 20518: 80479, 20519: 63270, 20520: 1585, 20521: 65161, 20522: 1161, 20523: 1259, 20524: 68173, 20525: 519, 20527: 67720, 20528: 1502, 20530: 46494, 20531: 59008, 20532: 805, 20533: 69990, 20534: 63270, 20535: 48922, 20536: 44206, 20537: 69985, 20538: 69990, 20539: 449, 20540: 690, 20541: 1617, 20542: 75958, 20543: 48922, 20544: 728, 20545: 91896, 20546: 71117, 20547: 64790, 20549: 80479, 20550: 51797, 20552: 1288, 20553: 1502, 20554: 57290, 20555: 62344, 20556: 65877, 20557: 75379, 20558: 1107, 20559: 1391, 20560: 65877, 20561: 85710, 20563: 1167, 20564: 57070, 20565: 69990, 20567: 849, 20569: 52945, 20570: 91896, 20571: 728, 20572: 1288, 20573: 1014, 20574: 48922, 20575: 44206, 20576: 75958, 20577: 69985, 20578: 1347, 20579: 71117, 20580: 68173, 20581: 1014, 20582: 35259, 20583: 1288, 20584: 68173, 20585: 2048, 20587: 1012, 20588: 63270, 20589: 52945, 20590: 82080, 20591: 57455, 20592: 683, 20593: 805, 20594: 72051, 20595: 59008, 20596: 1347, 20597: 1585, 20599: 64727, 20600: 49332, 20601: 75379, 20602: 35245, 20605: 35245, 20606: 50588, 20607: 913, 20608: 57417, 20609: 1585, 20610: 1482, 20611: 1107, 20612: 686, 20613: 57309, 20614: 1167, 20615: 75453, 20616: 953, 20617: 1167, 20618: 85669, 20619: 1182, 20620: 1054, 20621: 61726, 20622: 849, 20624: 226, 20625: 1457, 20626: 69995, 20628: 1540, 20630: 69995, 20631: 449, 20633: 69242, 20634: 73383, 20635: 1583, 20636: 54448, 20637: 1583, 20638: 226, 20639: 1391, 20640: 52945, 20641: 85669, 20642: 62344, 20643: 1391, 20645: 52945, 20646: 85669, 20647: 57639, 20648: 686, 20650: 686, 20651: 1193, 20652: 686, 20653: 1193, 20654: 85669, 20655: 1412, 20656: 57257, 20659: 1585, 20661: 69995, 20662: 70373, 20663: 913, 20669: 522, 20670: 78631, 20671: 65877, 20672: 35259, 20673: 57972, 20675: 61726, 20676: 57972, 20677: 73235, 20678: 62344, 20680: 1014, 20681: 449, 20684: 1347, 20688: 1617, 20689: 69995, 20690: 52945, 20692: 57257, 20693: 85669, 20694: 66626, 20695: 1489, 20696: 1173, 20697: 1182, 20698: 58543, 20699: 1161, 20700: 50588, 20701: 913, 20702: 1167, 20703: 54448, 20704: 66626, 20705: 75379, 20706: 1182, 20707: 64727, 20708: 46494, 20709: 1161, 20710: 1161, 20711: 1543, 20712: 0, 20713: 75421, 20714: 52945, 20715: 690, 20716: 70342, 20717: 58096, 20719: 1585, 20720: 75453, 20721: 913, 20722: 805, 20723: 51797, 20724: 80479, 20725: 85669, 20726: 46793, 20727: 78631, 20729: 1617, 20730: 88486, 20731: 48922, 20732: 1054, 20734: 1288, 20735: 57309, 20736: 1014, 20737: 73383, 20739: 35259, 20740: 57455, 20741: 686, 20742: 1167, 20743: 1116, 20744: 68650, 20746: 69990, 20747: 91053, 20748: 58096, 20749: 85687, 20750: 686, 20751: 1399, 20752: 1502, 20754: 44206, 20757: 1161, 20758: 1012, 20759: 62344, 20761: 1482, 20762: 75453, 20763: 75453, 20764: 1084, 20765: 63099, 20766: 63099, 20768: 184, 20769: 395, 20770: 77145, 20773: 70500, 20774: 1154, 20775: 69990, 20777: 686, 20778: 70500, 20779: 1399, 20781: 1457, 20782: 49332, 20784: 57290, 20785: 226, 20786: 70500, 20789: 1347, 20790: 58543, 20791: 70342, 20792: 46793, 20793: 146, 20794: 49332, 20795: 59008, 20796: 1188, 20797: 75421, 20798: 13699, 20799: 70373, 20800: 1482, 20802: 71117, 20803: 85710, 20804: 57309, 20805: 69242, 20806: 686, 20807: 72051, 20808: 82067, 20809: 1291, 20810: 63099, 20811: 57070, 20813: 49332, 20814: 1482, 20815: 85687, 20816: 57455, 20817: 85687, 20818: 1391, 20819: 57290, 20820: 1167, 20821: 1116, 20822: 85687, 20823: 46494, 20824: 35245, 20825: 75453, 20826: 75379, 20827: 46494, 20828: 57309, 20829: 67720, 20831: 57290, 20832: 57639, 20833: 1291, 20834: 728, 20835: 1502, 20836: 1294, 20837: 70373, 20838: 57070, 20840: 2048, 20841: 1412, 20842: 1357, 20843: 226, 20844: 57455, 20845: 65877, 20846: 1300, 20850: 65877, 20852: 90927, 20853: 51797, 20854: 72051, 20856: 46793, 20858: 48266, 20859: 82070, 20860: 63882, 20861: 63882, 20862: 82070, 20863: 82070, 20864: 395, 20872: 953, 20873: 395, 20874: 0, 20875: 91053, 20876: 683, 20877: 83288, 20881: 75379, 20883: 75453, 20884: 57972, 20885: 59008, 20886: 64727, 20887: 1540, 20888: 82070, 20889: 683, 20890: 64727, 20891: 1391, 20892: 82070, 20894: 85669, 20895: 64790, 20897: 1540, 20900: 1457, 20901: 75379, 20902: 72039, 20904: 63099, 20905: 522, 20906: 765, 20907: 1188, 20909: 65877, 20910: 182, 20911: 849, 20913: 72051, 20916: 85669, 20917: 87001, 20918: 73383, 20919: 87001, 20921: 58543, 20922: 82070, 20923: 690, 20925: 1294, 20926: 85700, 20928: 1300, 20929: 51797, 20930: 61726, 20931: 51797, 20932: 1288, 20933: 57290, 20934: 63099, 20935: 82070, 20936: 63099, 20937: 1399, 20938: 1193, 20939: 1502, 20940: 1223, 20941: 72039, 20942: 1399, 20943: 69985, 20944: 1193, 20948: 83288, 20949: 1193, 20950: 87001, 20951: 1300, 20953: 64727, 20954: 68173, 20955: 1457, 20956: 57639, 20958: 57639, 20959: 65877, 20960: 54448, 20961: 1012, 20962: 1300, 20963: 69995, 20964: 72039, 20965: 91053, 20966: 64790, 20967: 1054, 20968: 1193, 20969: 85700, 20970: 57972, 20971: 63756, 20973: 85710, 20974: 59008, 20975: 1154, 20977: 85710, 20978: 63756, 20979: 0, 20980: 63756, 20981: 49332, 20982: 72039, 20983: 1502, 20985: 72039, 20986: 728, 20987: 58096, 20988: 1054, 20990: 85710, 20992: 68650, 20993: 57972, 20995: 1012, 20997: 0, 20998: 82070, 20999: 87001, 21000: 63882, 21001: 70500, 21002: 57639, 21003: 57972, 21005: 83288, 21006: 72051, 21007: 1154, 21008: 69995, 21009: 65877, 21011: 72039, 21012: 87001, 21013: 57639, 21014: 65877, 21015: 91053, 21016: 146, 21017: 85700, 21018: 35245, 21019: 63756, 21020: 68173, 21021: 1188, 21022: 63270, 21023: 1457, 21028: 86055, 21030: 85700, 21032: 54448, 21033: 728, 21034: 57417, 21035: 1399, 21036: 91896, 21037: 52945, 21038: 1457, 21039: 1300, 21041: 72051, 21043: 146, 21045: 75453, 21047: 57290, 21050: 1391, 21053: 1294, 21055: 82080, 21056: 57381, 21057: 449, 21058: 63756, 21059: 1107, 21060: 395, 21061: 78645, 21062: 1014, 21063: 46494, 21064: 46494, 21065: 1188, 21066: 1259, 21067: 683, 21068: 73383, 21069: 72051, 21070: 57290, 21072: 71117, 21073: 69995, 21074: 1617, 21075: 78645, 21077: 1540, 21084: 67720, 21085: 88653, 21086: 90942, 21087: 57649, 21091: 85710, 21092: 58096, 21093: 85646, 21096: 2346, 21097: 2114, 21098: 63756, 21099: 2114, 21100: 2076, 21101: 2346, 21102: 2114, 21103: 1116, 21104: 59008, 21105: 80140, 21106: 2114, 21107: 62344, 21108: 56939, 21109: 56939, 21110: 80140, 21112: 1391, 21113: 89226, 21115: 2114, 21116: 89226, 21117: 80140, 21118: 83288, 21119: 89226, 21120: 2076, 21121: 74355, 21123: 80140, 21124: 88653, 21125: 88653, 21126: 74355, 21127: 56939, 21128: 74355, 21129: 74355, 21130: 53429, 21132: 57649, 21133: 87984, 21134: 53429, 21135: 56939, 21136: 53429, 21138: 57649, 21139: 88653, 21140: 57649, 21141: 86157, 21142: 80140, 21143: 53429, 21144: 2114, 21145: 88653, 21146: 89226, 21147: 88653, 21148: 53429, 21149: 80140, 21150: 80140, 21151: 86213, 21153: 89226, 21154: 1223, 21155: 86157, 21156: 87984, 21157: 1288, 21159: 2346, 21163: 146, 21164: 86157, 21165: 80140, 21166: 90998, 21167: 87984, 21168: 90998, 21170: 2346, 21171: 86213, 21172: 57649, 21173: 2076, 21174: 2114, 21175: 0, 21176: 2076, 21177: 87984, 21178: 86213, 21179: 56939, 21180: 2346, 21181: 57649, 21182: 0, 21184: 87984, 21185: 0, 21186: 2076, 21187: 0, 21188: 0, 21189: 0, 21190: 63270, 21191: 184, 21192: 1223, 21193: 70500, 21194: 0, 21195: 1167, 21196: 70342, 21197: 74355, 21198: 2114, 21199: 86213, 21203: 2076, 21205: 53429, 21206: 86213, 21208: 87984, 21209: 89226, 21223: 1585, 21226: 1014, 21227: 69985, 21228: 46494, 21229: 395, 21230: 78645, 21231: 395, 21232: 68173, 21233: 57381, 21234: 70342, 21235: 1259, 21236: 57381, 21237: 71117, 21238: 1543, 21239: 72051, 21240: 1107, 21241: 728, 21244: 66626, 21249: 1012, 21262: 57070, 21265: 13699, 21271: 91053, 21279: 59008, 21280: 59008, 21288: 57290, 21290: 51797, 21298: 57639, 21303: 1347, 21304: 35259, 21305: 35259, 21306: 226, 21307: 64790, 21308: 1357, 21311: 35259, 21312: 1294, 21313: 35259, 21314: 88486, 21315: 57417, 21316: 1054, 21317: 1347, 21318: 57455, 21319: 51797, 21322: 690, 21324: 13828, 21325: 13828, 21326: 35259, 21327: 1347, 21328: 728, 21329: 78626, 21331: 72039, 21333: 57455, 21334: 57455, 21335: 226, 21336: 765, 21338: 1502, 21339: 1054, 21340: 1107, 21341: 1294, 21344: 1457, 21345: 72039, 21346: 91053, 21348: 63099, 21349: 0, 21351: 69990, 21354: 519, 21356: 82085, 21357: 75379, 21358: 184, 21363: 57257, 21366: 65941, 21369: 765, 21370: 46494, 21378: 68173, 21384: 44206, 21398: 78626, 21445: 74355, 21446: 62344, 21447: 1347, 21448: 67720, 21450: 1014, 21454: 68173, 21455: 683, 21460: 2048, 21462: 1502, 21463: 75453, 21465: 0, 21468: 1391, 21470: 226, 21474: 686, 21475: 1012, 21477: 91896, 21478: 61726, 21479: 1107, 21480: 519, 21481: 1161, 21482: 1161, 21483: 70373, 21484: 69995, 21487: 51797, 21488: 65161, 21489: 91053, 21490: 1259, 21491: 1113, 21492: 1161, 21493: 50453, 21494: 342}",0.0,filho
